# partialI(time[s],x[cm]) [A/cm2]
nan,0.0000000000e+00,6.6417167343e-09,1.3283433469e-08,1.9925150203e-08,2.6566866937e-08,3.3208583672e-08,3.9850300406e-08,4.6492017140e-08,5.3133733875e-08,5.9775450609e-08,6.6417167343e-08,7.3058884078e-08,7.9700600812e-08,8.6342317546e-08,9.2984034281e-08,9.9625751015e-08,1.0626746775e-07,1.1290918448e-07,1.1955090122e-07,1.2619261795e-07,1.3283433469e-07,1.3947592218e-07,1.4935130358e-07,1.6403501556e-07,1.8586823787e-07,2.1833207242e-07,2.6660257227e-07,3.3837601454e-07,4.4509599945e-07,6.0377802472e-07,8.3972244660e-07,1.1905483837e-06,1.7121917316e-06,2.4878236151e-06,3.6411112420e-06,5.3559354758e-06,7.9057089096e-06,1.1696968933e-05,1.7334196292e-05,2.5716193863e-05,3.8179392311e-05,5.6710931391e-05,8.4265490689e-05,1.2523638549e-04,1.8615603956e-04,2.7673751870e-04,4.1142318768e-04,6.1168740947e-04,9.0946043042e-04,1.3522193576e-03,2.0105579372e-03,2.9894420628e-03,3.6477806424e-03,4.0905395696e-03,4.3883125905e-03,4.5885768123e-03,4.7232624813e-03,4.8138439604e-03,4.8747636145e-03,4.9157345093e-03,4.9432890686e-03,4.9618206077e-03,4.9742838061e-03,4.9826658037e-03,4.9883030311e-03,4.9920942911e-03,4.9946440645e-03,4.9963588888e-03,4.9975121764e-03,4.9982878083e-03,4.9988094516e-03,4.9991602776e-03,4.9993962220e-03,4.9995549040e-03,4.9996616240e-03,4.9997333974e-03,4.9997816679e-03,4.9998141318e-03,4.9998359650e-03,4.9998506487e-03,4.9998605241e-03,4.9998671657e-03,4.9998738074e-03,4.9998804491e-03,4.9998870908e-03,4.9998937325e-03,4.9999003742e-03,4.9999070160e-03,4.9999136577e-03,4.9999202994e-03,4.9999269411e-03,4.9999335828e-03,4.9999402245e-03,4.9999468663e-03,4.9999535080e-03,4.9999601497e-03,4.9999667914e-03,4.9999734331e-03,4.9999800748e-03,4.9999867166e-03,4.9999933583e-03,5.0000000000e-03,5.0000052794e-03,5.0000105589e-03,5.0000158383e-03,5.0000211178e-03,5.0000263972e-03,5.0000316767e-03,5.0000369561e-03,5.0000422356e-03,5.0000475150e-03,5.0000527945e-03,5.0000580739e-03,5.0000633534e-03,5.0000686328e-03,5.0000739122e-03,5.0000791917e-03,5.0000844711e-03,5.0000897506e-03,5.0000950300e-03,5.0001003095e-03,5.0001055889e-03,5.0001108685e-03,5.0001169909e-03,5.0001240908e-03,5.0001323242e-03,5.0001418721e-03,5.0001529443e-03,5.0001657842e-03,5.0001806740e-03,5.0001979409e-03,5.0002179646e-03,5.0002411850e-03,5.0002681126e-03,5.0002993392e-03,5.0003355512e-03,5.0003775445e-03,5.0004262420e-03,5.0004827141e-03,5.0005482021e-03,5.0006241453e-03,5.0007122129e-03,5.0008143405e-03,5.0009327730e-03,5.0010701133e-03,5.0012293801e-03,5.0014140741e-03,5.0016282546e-03,5.0018766293e-03,5.0021646572e-03,5.0024986690e-03,5.0028860062e-03,5.0033351821e-03,5.0038560695e-03,5.0044601170e-03,5.0051606013e-03,5.0059729186e-03,5.0069149232e-03,5.0080073197e-03,5.0092741185e-03,5.0107431629e-03,5.0124467417e-03,5.0144222986e-03,5.0167132551e-03,5.0193699652e-03,5.0224508216e-03,5.0260235398e-03,5.0301666460e-03,5.0349712033e-03,5.0405428129e-03,5.0470039356e-03,5.0544965829e-03,5.0631854388e-03,5.0732614793e-03,5.0849461696e-03,5.0984963324e-03,5.1142097922e-03,5.1324319215e-03,5.1535632319e-03,5.1780681770e-03,5.2064853611e-03,5.2394393769e-03,5.2776545341e-03,5.3219707793e-03,5.3733621572e-03,5.4329582197e-03,5.5020688531e-03,5.5822130679e-03,5.6751523864e-03,5.7829295597e-03,5.9079134662e-03,6.0528511778e-03,6.2209283395e-03,6.4158391875e-03,6.6418677467e-03,6.9039819904e-03,7.2079430344e-03,7.5604317618e-03,7.9691956658e-03,8.4432191343e-03,8.9929209219e-03,9.6303831475e-03,1.0369616853e-02,1.1007079078e-02,1.1556780866e-02,1.2030804334e-02,1.2439568238e-02,1.2792056966e-02,1.3096018010e-02,1.3358132253e-02,1.3584160812e-02,1.3779071660e-02,1.3947148822e-02,1.4092086534e-02,1.4217070440e-02,1.4324847614e-02,1.4417786932e-02,1.4497931147e-02,1.4567041780e-02,1.4626637843e-02,1.4678029221e-02,1.4722345466e-02,1.4760560623e-02,1.4793514639e-02,1.4821931823e-02,1.4846436768e-02,1.4867568079e-02,1.4885790208e-02,1.4901503668e-02,1.4915053830e-02,1.4926738521e-02,1.4936814561e-02,1.4945503417e-02,1.4952996064e-02,1.4959457187e-02,1.4965028797e-02,1.4969833354e-02,1.4973976460e-02,1.4977549178e-02,1.4980630035e-02,1.4983286745e-02,1.4985577701e-02,1.4987553258e-02,1.4989256837e-02,1.4990725882e-02,1.4991992680e-02,1.4993085077e-02,1.4994027081e-02,1.4994839399e-02,1.4995539883e-02,1.4996143931e-02,1.4996664818e-02,1.4997113994e-02,1.4997501331e-02,1.4997835343e-02,1.4998123371e-02,1.4998371745e-02,1.4998585926e-02,1.4998770620e-02,1.4998929887e-02,1.4999067227e-02,1.4999185659e-02,1.4999287787e-02,1.4999375855e-02,1.4999451798e-02,1.4999517286e-02,1.4999573758e-02,1.4999622456e-02,1.4999664449e-02,1.4999700661e-02,1.4999731887e-02,1.4999758815e-02,1.4999782035e-02,1.4999802059e-02,1.4999819326e-02,1.4999834216e-02,1.4999847056e-02,1.4999858128e-02,1.4999867676e-02,1.4999875909e-02,1.4999883009e-02,1.4999889132e-02,1.4999894411e-02,1.4999899691e-02,1.4999904970e-02,1.4999910249e-02,1.4999915529e-02,1.4999920808e-02,1.4999926088e-02,1.4999931367e-02,1.4999936647e-02,1.4999941926e-02,1.4999947206e-02,1.4999952485e-02,1.4999957764e-02,1.4999963044e-02,1.4999968323e-02,1.4999973603e-02,1.4999978882e-02,1.4999984162e-02,1.4999989441e-02,1.4999994721e-02,1.5000000000e-02,1.5000003156e-02,1.5000006311e-02,1.5000009467e-02,1.5000012622e-02,1.5000015778e-02,1.5000018933e-02,1.5000022089e-02,1.5000025245e-02,1.5000028400e-02,1.5000031556e-02,1.5000034711e-02,1.5000037867e-02,1.5000041022e-02,1.5000044178e-02,1.5000047334e-02,1.5000050489e-02,1.5000053645e-02,1.5000056800e-02,1.5000059956e-02,1.5000063111e-02,1.5000066267e-02,1.5000071087e-02,1.5000078450e-02,1.5000089696e-02,1.5000106875e-02,1.5000133116e-02,1.5000173199e-02,1.5000234425e-02,1.5000327948e-02,1.5000470804e-02,1.5000689017e-02,1.5001022336e-02,1.5001531480e-02,1.5002309197e-02,1.5003497156e-02,1.5005311762e-02,1.5008083567e-02,1.5012317493e-02,1.5018784804e-02,1.5028663605e-02,1.5043753448e-02,1.5066803146e-02,1.5102011501e-02,1.5155792174e-02,1.5237942016e-02,1.5363425692e-02,1.5555101690e-02,1.5847886292e-02,1.6295114031e-02,1.6978253270e-02,1.8021746730e-02,1.8704885969e-02,1.9152113708e-02,1.9444898310e-02,1.9636574308e-02,1.9762057984e-02,1.9844207826e-02,1.9897988499e-02,1.9933196854e-02,1.9956246552e-02,1.9971336395e-02,1.9981215196e-02,1.9987682507e-02,1.9991916433e-02,1.9994688238e-02,1.9996502844e-02,1.9997690803e-02,1.9998468520e-02,1.9998977664e-02,1.9999310983e-02,1.9999529196e-02,1.9999672052e-02,1.9999765575e-02,1.9999826801e-02,1.9999866884e-02,1.9999893125e-02,1.9999910304e-02,1.9999921550e-02,1.9999928913e-02,1.9999933733e-02,1.9999936889e-02,1.9999940044e-02,1.9999943200e-02,1.9999946355e-02,1.9999949511e-02,1.9999952666e-02,1.9999955822e-02,1.9999958978e-02,1.9999962133e-02,1.9999965289e-02,1.9999968444e-02,1.9999971600e-02,1.9999974755e-02,1.9999977911e-02,1.9999981067e-02,1.9999984222e-02,1.9999987378e-02,1.9999990533e-02,1.9999993689e-02,1.9999996844e-02,2.0000000000e-02
0.0000000000e+00,0.0000000000e+00,0.0000000000e+00,0.0000000000e+00,0.0000000000e+00,0.0000000000e+00,0.0000000000e+00,0.0000000000e+00,0.0000000000e+00,0.0000000000e+00,0.0000000000e+00,0.0000000000e+00,0.0000000000e+00,0.0000000000e+00,0.0000000000e+00,0.0000000000e+00,0.0000000000e+00,0.0000000000e+00,0.0000000000e+00,0.0000000000e+00,0.0000000000e+00,0.0000000000e+00,0.0000000000e+00,0.0000000000e+00,0.0000000000e+00,0.0000000000e+00,0.0000000000e+00,0.0000000000e+00,0.0000000000e+00,0.0000000000e+00,0.0000000000e+00,0.0000000000e+00,0.0000000000e+00,0.0000000000e+00,0.0000000000e+00,0.0000000000e+00,0.0000000000e+00,0.0000000000e+00,0.0000000000e+00,0.0000000000e+00,0.0000000000e+00,0.0000000000e+00,0.0000000000e+00,0.0000000000e+00,0.0000000000e+00,0.0000000000e+00,0.0000000000e+00,0.0000000000e+00,0.0000000000e+00,0.0000000000e+00,0.0000000000e+00,0.0000000000e+00,0.0000000000e+00,0.0000000000e+00,0.0000000000e+00,0.0000000000e+00,0.0000000000e+00,0.0000000000e+00,0.0000000000e+00,0.0000000000e+00,0.0000000000e+00,0.0000000000e+00,0.0000000000e+00,0.0000000000e+00,0.0000000000e+00,0.0000000000e+00,0.0000000000e+00,0.0000000000e+00,0.0000000000e+00,0.0000000000e+00,0.0000000000e+00,0.0000000000e+00,0.0000000000e+00,0.0000000000e+00,0.0000000000e+00,0.0000000000e+00,0.0000000000e+00,0.0000000000e+00,0.0000000000e+00,0.0000000000e+00,0.0000000000e+00,0.0000000000e+00,0.0000000000e+00,0.0000000000e+00,0.0000000000e+00,0.0000000000e+00,0.0000000000e+00,0.0000000000e+00,0.0000000000e+00,0.0000000000e+00,0.0000000000e+00,0.0000000000e+00,0.0000000000e+00,0.0000000000e+00,0.0000000000e+00,0.0000000000e+00,0.0000000000e+00,0.0000000000e+00,0.0000000000e+00,0.0000000000e+00,0.0000000000e+00,0.0000000000e+00,0.0000000000e+00,0.0000000000e+00,0.0000000000e+00,0.0000000000e+00,0.0000000000e+00,0.0000000000e+00,0.0000000000e+00,0.0000000000e+00,0.0000000000e+00,0.0000000000e+00,0.0000000000e+00,0.0000000000e+00,0.0000000000e+00,0.0000000000e+00,0.0000000000e+00,0.0000000000e+00,0.0000000000e+00,0.0000000000e+00,0.0000000000e+00,0.0000000000e+00,0.0000000000e+00,0.0000000000e+00,0.0000000000e+00,0.0000000000e+00,0.0000000000e+00,0.0000000000e+00,0.0000000000e+00,0.0000000000e+00,0.0000000000e+00,0.0000000000e+00,0.0000000000e+00,0.0000000000e+00,0.0000000000e+00,0.0000000000e+00,0.0000000000e+00,0.0000000000e+00,0.0000000000e+00,0.0000000000e+00,0.0000000000e+00,0.0000000000e+00,0.0000000000e+00,0.0000000000e+00,0.0000000000e+00,0.0000000000e+00,0.0000000000e+00,0.0000000000e+00,0.0000000000e+00,0.0000000000e+00,0.0000000000e+00,0.0000000000e+00,0.0000000000e+00,0.0000000000e+00,0.0000000000e+00,0.0000000000e+00,0.0000000000e+00,0.0000000000e+00,0.0000000000e+00,0.0000000000e+00,0.0000000000e+00,0.0000000000e+00,0.0000000000e+00,0.0000000000e+00,0.0000000000e+00,0.0000000000e+00,0.0000000000e+00,0.0000000000e+00,0.0000000000e+00,0.0000000000e+00,0.0000000000e+00,0.0000000000e+00,0.0000000000e+00,0.0000000000e+00,0.0000000000e+00,0.0000000000e+00,0.0000000000e+00,0.0000000000e+00,0.0000000000e+00,0.0000000000e+00,0.0000000000e+00,0.0000000000e+00,0.0000000000e+00,0.0000000000e+00,0.0000000000e+00,0.0000000000e+00,0.0000000000e+00,0.0000000000e+00,0.0000000000e+00,0.0000000000e+00,0.0000000000e+00,0.0000000000e+00,0.0000000000e+00,0.0000000000e+00,0.0000000000e+00,0.0000000000e+00,0.0000000000e+00,0.0000000000e+00,0.0000000000e+00,0.0000000000e+00,0.0000000000e+00,0.0000000000e+00,0.0000000000e+00,0.0000000000e+00,0.0000000000e+00,0.0000000000e+00,0.0000000000e+00,0.0000000000e+00,0.0000000000e+00,0.0000000000e+00,0.0000000000e+00,0.0000000000e+00,0.0000000000e+00,0.0000000000e+00,0.0000000000e+00,0.0000000000e+00,0.0000000000e+00,0.0000000000e+00,0.0000000000e+00,0.0000000000e+00,0.0000000000e+00,0.0000000000e+00,0.0000000000e+00,0.0000000000e+00,0.0000000000e+00,0.0000000000e+00,0.0000000000e+00,0.0000000000e+00,0.0000000000e+00,0.0000000000e+00,0.0000000000e+00,0.0000000000e+00,0.0000000000e+00,0.0000000000e+00,0.0000000000e+00,0.0000000000e+00,0.0000000000e+00,0.0000000000e+00,0.0000000000e+00,0.0000000000e+00,0.0000000000e+00,0.0000000000e+00,0.0000000000e+00,0.0000000000e+00,0.0000000000e+00,0.0000000000e+00,0.0000000000e+00,0.0000000000e+00,0.0000000000e+00,0.0000000000e+00,0.0000000000e+00,0.0000000000e+00,0.0000000000e+00,0.0000000000e+00,0.0000000000e+00,0.0000000000e+00,0.0000000000e+00,0.0000000000e+00,0.0000000000e+00,0.0000000000e+00,0.0000000000e+00,0.0000000000e+00,0.0000000000e+00,0.0000000000e+00,0.0000000000e+00,0.0000000000e+00,0.0000000000e+00,0.0000000000e+00,0.0000000000e+00,0.0000000000e+00,0.0000000000e+00,0.0000000000e+00,0.0000000000e+00,0.0000000000e+00,0.0000000000e+00,0.0000000000e+00,0.0000000000e+00,0.0000000000e+00,0.0000000000e+00,0.0000000000e+00,0.0000000000e+00,0.0000000000e+00,0.0000000000e+00,0.0000000000e+00,0.0000000000e+00,0.0000000000e+00,0.0000000000e+00,0.0000000000e+00,0.0000000000e+00,0.0000000000e+00,0.0000000000e+00,0.0000000000e+00,0.0000000000e+00,0.0000000000e+00,0.0000000000e+00,0.0000000000e+00,0.0000000000e+00,0.0000000000e+00,0.0000000000e+00,0.0000000000e+00,0.0000000000e+00,0.0000000000e+00,0.0000000000e+00,0.0000000000e+00,0.0000000000e+00,0.0000000000e+00,0.0000000000e+00,0.0000000000e+00,0.0000000000e+00,0.0000000000e+00,0.0000000000e+00,0.0000000000e+00,0.0000000000e+00,0.0000000000e+00,0.0000000000e+00,0.0000000000e+00,0.0000000000e+00,0.0000000000e+00,0.0000000000e+00,0.0000000000e+00,0.0000000000e+00,0.0000000000e+00,0.0000000000e+00,0.0000000000e+00,0.0000000000e+00,0.0000000000e+00,0.0000000000e+00,0.0000000000e+00,0.0000000000e+00,0.0000000000e+00,0.0000000000e+00,0.0000000000e+00,0.0000000000e+00,0.0000000000e+00,0.0000000000e+00,0.0000000000e+00,0.0000000000e+00,0.0000000000e+00,0.0000000000e+00,0.0000000000e+00,0.0000000000e+00,0.0000000000e+00,0.0000000000e+00,0.0000000000e+00,0.0000000000e+00,0.0000000000e+00,0.0000000000e+00,0.0000000000e+00,0.0000000000e+00,0.0000000000e+00,0.0000000000e+00,0.0000000000e+00,0.0000000000e+00,0.0000000000e+00,0.0000000000e+00,0.0000000000e+00,0.0000000000e+00,0.0000000000e+00,0.0000000000e+00,0.0000000000e+00,0.0000000000e+00,0.0000000000e+00,0.0000000000e+00,0.0000000000e+00,0.0000000000e+00,0.0000000000e+00,0.0000000000e+00,0.0000000000e+00,0.0000000000e+00,0.0000000000e+00,0.0000000000e+00,0.0000000000e+00,0.0000000000e+00,0.0000000000e+00,0.0000000000e+00,0.0000000000e+00,0.0000000000e+00,0.0000000000e+00,0.0000000000e+00,0.0000000000e+00,0.0000000000e+00,0.0000000000e+00,0.0000000000e+00,0.0000000000e+00,0.0000000000e+00,0.0000000000e+00,0.0000000000e+00,0.0000000000e+00,0.0000000000e+00,0.0000000000e+00,0.0000000000e+00,0.0000000000e+00,0.0000000000e+00,0.0000000000e+00,0.0000000000e+00,0.0000000000e+00,0.0000000000e+00,0.0000000000e+00,0.0000000000e+00,0.0000000000e+00,0.0000000000e+00,0.0000000000e+00,0.0000000000e+00,0.0000000000e+00,0.0000000000e+00
3.2973356686e-12,1.7907700887e-09,5.1948680372e-09,5.0151956332e-09,4.9121537439e-09,4.8547646618e-09,4.8236913957e-09,4.8073278650e-09,4.7989402466e-09,4.7947517906e-09,4.7927123008e-09,4.7917428295e-09,4.7912924810e-09,4.7910877729e-09,4.7909966966e-09,4.7909569795e-09,4.7909399405e-09,4.7909327686e-09,4.7909298393e-09,4.7909286120e-09,4.7909281509e-09,4.7909279344e-09,4.7909278614e-09,4.7909278301e-09,4.7909278253e-09,4.7909278249e-09,4.7909278249e-09,4.7909278249e-09,4.7909278249e-09,4.7909278249e-09,4.7909278249e-09,4.7909278249e-09,4.7909278249e-09,4.7909278249e-09,4.7909278249e-09,4.7909278249e-09,4.7909278249e-09,4.7909278249e-09,4.7909278249e-09,4.7909278249e-09,4.7909278249e-09,4.7909278249e-09,4.7909278249e-09,4.7909278249e-09,4.7909278249e-09,4.7909278249e-09,4.7909278249e-09,4.7909278249e-09,4.7909278249e-09,4.7909278249e-09,4.7909278249e-09,4.7909278249e-09,4.7909278249e-09,4.7909278249e-09,4.7909278249e-09,4.7909278249e-09,4.7909278249e-09,4.7909278249e-09,4.7909278249e-09,4.7909278249e-09,4.7909278249e-09,4.7909278249e-09,4.7909278249e-09,4.7909278249e-09,4.7909278249e-09,4.7909278249e-09,4.7909278249e-09,4.7909278249e-09,4.7909278249e-09,4.7909278249e-09,4.7909278249e-09,4.7909278249e-09,4.7909278249e-09,4.7909278249e-09,4.7909278249e-09,4.7909278249e-09,4.7909278249e-09,4.7909278249e-09,4.7909278249e-09,4.7909278253e-09,4.7909278301e-09,4.7909278614e-09,4.7909279344e-09,4.7909281509e-09,4.7909286121e-09,4.7909298398e-09,4.7909327705e-09,4.7909399475e-09,4.7909570054e-09,4.7909967556e-09,4.7910879109e-09,4.7912927662e-09,4.7917435087e-09,4.7927139199e-09,4.7947554521e-09,4.7989480601e-09,4.8073443583e-09,4.8237253471e-09,4.8548334049e-09,4.9122884148e-09,5.0154556328e-09,5.1954389394e-09,2.1035591992e-09,4.4314915125e-07,4.4327901911e-07,4.4327889772e-07,4.4327889597e-07,4.4327889596e-07,4.4327889596e-07,4.4327889596e-07,4.4327889596e-07,4.4327889596e-07,4.4327889596e-07,4.4327889596e-07,4.4327889596e-07,4.4327889596e-07,4.4327889596e-07,4.4327889596e-07,4.4327889596e-07,4.4327889596e-07,4.4327889596e-07,4.4327889596e-07,4.4327889596e-07,4.4327889596e-07,4.4327889596e-07,4.4327889596e-07,4.4327889596e-07,4.4327889596e-07,4.4327889596e-07,4.4327889596e-07,4.4327889596e-07,4.4327889596e-07,4.4327889596e-07,4.4327889596e-07,4.4327889596e-07,4.4327889596e-07,4.4327889596e-07,4.4327889596e-07,4.4327889596e-07,4.4327889596e-07,4.4327889596e-07,4.4327889596e-07,4.4327889596e-07,4.4327889596e-07,4.4327889596e-07,4.4327889596e-07,4.4327889596e-07,4.4327889596e-07,4.4327889596e-07,4.4327889596e-07,4.4327889596e-07,4.4327889596e-07,4.4327889596e-07,4.4327889596e-07,4.4327889596e-07,4.4327889596e-07,4.4327889596e-07,4.4327889596e-07,4.4327889596e-07,4.4327889596e-07,4.4327889596e-07,4.4327889596e-07,4.4327889596e-07,4.4327889596e-07,4.4327889596e-07,4.4327889596e-07,4.4327889596e-07,4.4327889596e-07,4.4327889596e-07,4.4327889596e-07,4.4327889596e-07,4.4327889596e-07,4.4327889596e-07,4.4327889596e-07,4.4327889596e-07,4.4327889596e-07,4.4327889596e-07,4.4327889596e-07,4.4327889596e-07,4.4327889596e-07,4.4327889596e-07,4.4327889596e-07,4.4327889596e-07,4.4327889596e-07,4.4327889596e-07,4.4327889596e-07,4.4327889596e-07,4.4327889596e-07,4.4327889596e-07,4.4327889596e-07,4.4327889596e-07,4.4327889596e-07,4.4327889596e-07,4.4327889596e-07,4.4327889596e-07,4.4327889596e-07,4.4327889596e-07,4.4327889596e-07,4.4327889596e-07,4.4327889596e-07,4.4327889596e-07,4.4327889596e-07,4.4327889596e-07,4.4327889596e-07,4.4327889596e-07,4.4327889596e-07,4.4327889596e-07,4.4327889596e-07,4.4327889596e-07,4.4327889596e-07,4.4327889596e-07,4.4327889596e-07,4.4327889596e-07,4.4327889596e-07,4.4327889596e-07,4.4327889596e-07,4.4327889596e-07,4.4327889596e-07,4.4327889596e-07,4.4327889596e-07,4.4327889596e-07,4.4327889596e-07,4.4327889596e-07,4.4327889596e-07,4.4327889596e-07,4.4327889596e-07,4.4327889596e-07,4.4327889596e-07,4.4327889596e-07,4.4327889596e-07,4.4327889596e-07,4.4327889596e-07,4.4327889596e-07,4.4327889596e-07,4.4327889596e-07,4.4327889596e-07,4.4327889596e-07,4.4327889596e-07,4.4327889596e-07,4.4327889596e-07,4.4327889596e-07,4.4327889596e-07,4.4327889596e-07,4.4327889596e-07,4.4327889596e-07,4.4327889596e-07,4.4327889596e-07,4.4327889596e-07,4.4327889596e-07,4.4327889596e-07,4.4327889596e-07,4.4327889596e-07,4.4327889596e-07,4.4327889596e-07,4.4327889596e-07,4.4327889596e-07,4.4327889596e-07,4.4327889596e-07,4.4327889596e-07,4.4327889596e-07,4.4327889596e-07,4.4327889596e-07,4.4327889596e-07,4.4327889596e-07,4.4327889596e-07,4.4327889596e-07,4.4327889596e-07,4.4327889596e-07,4.4327889596e-07,4.4327889596e-07,4.4327889596e-07,4.4327889596e-07,4.4327889596e-07,4.4327889596e-07,4.4327889596e-07,4.4327889596e-07,4.4327889596e-07,4.4327889596e-07,4.4327889596e-07,4.4327889596e-07,4.4327889596e-07,4.4327889596e-07,4.4327889596e-07,4.4327889596e-07,4.4327889596e-07,4.4327889596e-07,4.4327889596e-07,4.4327889596e-07,4.4327889596e-07,4.4327889596e-07,4.4327889596e-07,4.4327889596e-07,4.4327889596e-07,4.4327889596e-07,4.4327889601e-07,4.4327889879e-07,4.4327904661e-07,4.4328633294e-07,4.4361349295e-07,4.5671347434e-07,9.1344688367e-07,1.4252062075e-05,3.2299210855e-04,6.7592768536e-02,1.1700317956e-02,1.2580533531e-03,1.1765791855e-04,1.4590564087e-05,6.6789232651e-06,6.1468851788e-06,6.1147798881e-06,6.1130104499e-06,6.1129200158e-06,6.1129159137e-06,6.1129157309e-06,6.1129157239e-06,6.1129157237e-06,6.1129157237e-06,6.1129157237e-06,6.1129157237e-06,6.1129157237e-06,6.1129157237e-06,6.1129157237e-06,6.1129157237e-06,6.1129157237e-06,6.1129157237e-06,6.1129157237e-06,6.1129157237e-06,6.1129157237e-06,6.1129157237e-06,6.1129157237e-06,6.1129157237e-06,6.1129157237e-06,6.1129157237e-06,6.1129157237e-06,6.1129157237e-06,6.1129157237e-06,6.1129157237e-06,6.1129157237e-06,6.1129157237e-06,6.1129157237e-06,6.1129157237e-06,6.1129157237e-06,6.1129157237e-06,6.1129157237e-06,6.1129157237e-06,6.1129157237e-06,6.1129157237e-06,6.1129157237e-06,6.1129157237e-06,6.1129157237e-06,6.1129157237e-06,6.1129157237e-06,6.1129157237e-06,6.1129157237e-06,6.1129157237e-06,6.1129157237e-06,6.1129157237e-06,6.1129157237e-06,6.1129157237e-06,6.1129157237e-06,6.1129157237e-06,6.1129157237e-06,6.1129157237e-06,6.1129157237e-06,6.1129157237e-06,6.1129157237e-06,6.1129157237e-06,6.1129157237e-06,6.1129157237e-06,6.1129157237e-06,6.1129157237e-06,6.1129157237e-06,6.1129157237e-06,6.1129157237e-06,6.1129157237e-06,6.1129157237e-06,6.1129157237e-06,6.1129157237e-06,6.1129157237e-06,6.1129157237e-06,6.1129157237e-06,6.1129157237e-06,6.1129157237e-06,6.1129157237e-06,6.1129157237e-06,6.1129157237e-06,6.1129157237e-06,6.1129157237e-06,6.1129157237e-06,6.1129157237e-06,6.1129157237e-06,6.1129157237e-06,6.1129157237e-06,6.1129157237e-06,6.1129157237e-06,6.1129157237e-06,6.1129157238e-06,6.1129157268e-06,6.1129158072e-06,6.1129171510e-06,6.1129376338e-06,6.1129074125e-06,6.0636041812e-06,3.4621191342e-09
9.9165530493e-12,5.3830376844e-09,1.4964158750e-08,1.3840372969e-08,1.3039094392e-08,1.2473619401e-08,1.2078313168e-08,1.1804638051e-08,1.1617052722e-08,1.1489770434e-08,1.1404295345e-08,1.1347488444e-08,1.1310131551e-08,1.1285822334e-08,1.1270170209e-08,1.1260198359e-08,1.1253911678e-08,1.1249989318e-08,1.1247567137e-08,1.1246086178e-08,1.1245188972e-08,1.1244649483e-08,1.1244325928e-08,1.1244080631e-08,1.1243949454e-08,1.1243907231e-08,1.1243900123e-08,1.1243899562e-08,1.1243899550e-08,1.1243899550e-08,1.1243899550e-08,1.1243899550e-08,1.1243899550e-08,1.1243899550e-08,1.1243899550e-08,1.1243899550e-08,1.1243899550e-08,1.1243899550e-08,1.1243899550e-08,1.1243899550e-08,1.1243899550e-08,1.1243899550e-08,1.1243899550e-08,1.1243899550e-08,1.1243899550e-08,1.1243899550e-08,1.1243899550e-08,1.1243899550e-08,1.1243899550e-08,1.1243899550e-08,1.1243899550e-08,1.1243899550e-08,1.1243899550e-08,1.1243899550e-08,1.1243899550e-08,1.1243899550e-08,1.1243899550e-08,1.1243899550e-08,1.1243899550e-08,1.1243899550e-08,1.1243899550e-08,1.1243899550e-08,1.1243899550e-08,1.1243899550e-08,1.1243899550e-08,1.1243899550e-08,1.1243899550e-08,1.1243899550e-08,1.1243899550e-08,1.1243899550e-08,1.1243899550e-08,1.1243899550e-08,1.1243899550e-08,1.1243899550e-08,1.1243899550e-08,1.1243899550e-08,1.1243899562e-08,1.1243900123e-08,1.1243907243e-08,1.1243949572e-08,1.1244080888e-08,1.1244326464e-08,1.1244650421e-08,1.1245190779e-08,1.1246089309e-08,1.1247572622e-08,1.1249998482e-08,1.1253926865e-08,1.1260223538e-08,1.1270211999e-08,1.1285890552e-08,1.1310241513e-08,1.1347665452e-08,1.1404576189e-08,1.1490213798e-08,1.1617742453e-08,1.1805709183e-08,1.2079950433e-08,1.2476108656e-08,1.3042843481e-08,1.3845972455e-08,1.4972302070e-08,2.2023119695e-09,1.3300713164e-06,1.3311194799e-06,1.3311124524e-06,1.3311121575e-06,1.3311121476e-06,1.3311121474e-06,1.3311121474e-06,1.3311121474e-06,1.3311121474e-06,1.3311121474e-06,1.3311121474e-06,1.3311121474e-06,1.3311121474e-06,1.3311121474e-06,1.3311121474e-06,1.3311121474e-06,1.3311121474e-06,1.3311121474e-06,1.3311121474e-06,1.3311121474e-06,1.3311121474e-06,1.3311121474e-06,1.3311121474e-06,1.3311121474e-06,1.3311121474e-06,1.3311121474e-06,1.3311121474e-06,1.3311121474e-06,1.3311121474e-06,1.3311121474e-06,1.3311121474e-06,1.3311121474e-06,1.3311121474e-06,1.3311121474e-06,1.3311121474e-06,1.3311121474e-06,1.3311121474e-06,1.3311121474e-06,1.3311121474e-06,1.3311121474e-06,1.3311121474e-06,1.3311121474e-06,1.3311121474e-06,1.3311121474e-06,1.3311121474e-06,1.3311121474e-06,1.3311121474e-06,1.3311121474e-06,1.3311121474e-06,1.3311121474e-06,1.3311121474e-06,1.3311121474e-06,1.3311121474e-06,1.3311121474e-06,1.3311121474e-06,1.3311121474e-06,1.3311121474e-06,1.3311121474e-06,1.3311121474e-06,1.3311121474e-06,1.3311121474e-06,1.3311121474e-06,1.3311121474e-06,1.3311121474e-06,1.3311121474e-06,1.3311121474e-06,1.3311121474e-06,1.3311121474e-06,1.3311121474e-06,1.3311121474e-06,1.3311121474e-06,1.3311121474e-06,1.3311121474e-06,1.3311121474e-06,1.3311121474e-06,1.3311121474e-06,1.3311121474e-06,1.3311121474e-06,1.3311121474e-06,1.3311121474e-06,1.3311121474e-06,1.3311121474e-06,1.3311121474e-06,1.3311121474e-06,1.3311121474e-06,1.3311121474e-06,1.3311121474e-06,1.3311121474e-06,1.3311121474e-06,1.3311121474e-06,1.3311121474e-06,1.3311121474e-06,1.3311121474e-06,1.3311121474e-06,1.3311121474e-06,1.3311121474e-06,1.3311121474e-06,1.3311121474e-06,1.3311121474e-06,1.3311121474e-06,1.3311121474e-06,1.3311121474e-06,1.3311121474e-06,1.3311121474e-06,1.3311121474e-06,1.3311121474e-06,1.3311121474e-06,1.3311121474e-06,1.3311121474e-06,1.3311121474e-06,1.3311121474e-06,1.3311121474e-06,1.3311121474e-06,1.3311121474e-06,1.3311121474e-06,1.3311121474e-06,1.3311121474e-06,1.3311121474e-06,1.3311121474e-06,1.3311121474e-06,1.3311121474e-06,1.3311121474e-06,1.3311121474e-06,1.3311121474e-06,1.3311121474e-06,1.3311121474e-06,1.3311121474e-06,1.3311121474e-06,1.3311121474e-06,1.3311121474e-06,1.3311121474e-06,1.3311121474e-06,1.3311121474e-06,1.3311121474e-06,1.3311121474e-06,1.3311121474e-06,1.3311121474e-06,1.3311121474e-06,1.3311121474e-06,1.3311121474e-06,1.3311121474e-06,1.3311121474e-06,1.3311121474e-06,1.3311121474e-06,1.3311121474e-06,1.3311121474e-06,1.3311121474e-06,1.3311121474e-06,1.3311121474e-06,1.3311121474e-06,1.3311121474e-06,1.3311121474e-06,1.3311121474e-06,1.3311121474e-06,1.3311121474e-06,1.3311121474e-06,1.3311121474e-06,1.3311121474e-06,1.3311121474e-06,1.3311121474e-06,1.3311121474e-06,1.3311121474e-06,1.3311121474e-06,1.3311121474e-06,1.3311121474e-06,1.3311121474e-06,1.3311121474e-06,1.3311121474e-06,1.3311121474e-06,1.3311121474e-06,1.3311121474e-06,1.3311121474e-06,1.3311121474e-06,1.3311121474e-06,1.3311121474e-06,1.3311121474e-06,1.3311121474e-06,1.3311121474e-06,1.3311121474e-06,1.3311121474e-06,1.3311121474e-06,1.3311121474e-06,1.3311121474e-06,1.3311121474e-06,1.3311121474e-06,1.3311121474e-06,1.3311121474e-06,1.3311121474e-06,1.3311121474e-06,1.3311121486e-06,1.3311121777e-06,1.3311128779e-06,1.3311286494e-06,1.3314560302e-06,1.3376509818e-06,1.4431725831e-06,3.0304448351e-06,2.3589156792e-05,2.4490647135e-04,2.1218064559e-03,6.7609675336e-02,6.0185272411e-02,1.6019916378e-02,3.5015081318e-03,6.7396443280e-04,1.2724561240e-04,3.4473725853e-05,2.0397336387e-05,1.8458802325e-05,1.8213553144e-05,1.8184766326e-05,1.8181605841e-05,1.8181278782e-05,1.8181246710e-05,1.8181243868e-05,1.8181243616e-05,1.8181243594e-05,1.8181243593e-05,1.8181243593e-05,1.8181243593e-05,1.8181243593e-05,1.8181243593e-05,1.8181243593e-05,1.8181243593e-05,1.8181243593e-05,1.8181243593e-05,1.8181243593e-05,1.8181243593e-05,1.8181243593e-05,1.8181243593e-05,1.8181243593e-05,1.8181243593e-05,1.8181243593e-05,1.8181243593e-05,1.8181243593e-05,1.8181243593e-05,1.8181243593e-05,1.8181243593e-05,1.8181243593e-05,1.8181243593e-05,1.8181243593e-05,1.8181243593e-05,1.8181243593e-05,1.8181243593e-05,1.8181243593e-05,1.8181243593e-05,1.8181243593e-05,1.8181243593e-05,1.8181243593e-05,1.8181243593e-05,1.8181243593e-05,1.8181243593e-05,1.8181243593e-05,1.8181243593e-05,1.8181243593e-05,1.8181243593e-05,1.8181243593e-05,1.8181243593e-05,1.8181243593e-05,1.8181243593e-05,1.8181243593e-05,1.8181243593e-05,1.8181243593e-05,1.8181243593e-05,1.8181243593e-05,1.8181243593e-05,1.8181243593e-05,1.8181243593e-05,1.8181243593e-05,1.8181243593e-05,1.8181243593e-05,1.8181243593e-05,1.8181243593e-05,1.8181243593e-05,1.8181243593e-05,1.8181243593e-05,1.8181243593e-05,1.8181243593e-05,1.8181243593e-05,1.8181243593e-05,1.8181243593e-05,1.8181243593e-05,1.8181243593e-05,1.8181243593e-05,1.8181243593e-05,1.8181243593e-05,1.8181243593e-05,1.8181243593e-05,1.8181243593e-05,1.8181243593e-05,1.8181243593e-05,1.8181243593e-05,1.8181243600e-05,1.8181243687e-05,1.8181244458e-05,1.8181250657e-05,1.8181300164e-05,1.8181640039e-05,1.8183655885e-05,1.8187651613e-05,1.7795168148e-05,1.0743184780e-08
2.3204262624e-11,1.2578724367e-08,3.3695018304e-08,2.9875756390e-08,2.6907920948e-08,2.4612394527e-08,2.2842111095e-08,2.1481068403e-08,2.0438001899e-08,1.9641253865e-08,1.9034740586e-08,1.8574662049e-08,1.8226933124e-08,1.7965094657e-08,1.7768681812e-08,1.7621920826e-08,1.7512690626e-08,1.7431715733e-08,1.7371923240e-08,1.7327939234e-08,1.7295696573e-08,1.7272128326e-08,1.7254928222e-08,1.7237924540e-08,1.7224344695e-08,1.7216527453e-08,1.7213754402e-08,1.7213240103e-08,1.7213195669e-08,1.7213194003e-08,1.7213193991e-08,1.7213193991e-08,1.7213193991e-08,1.7213193991e-08,1.7213193991e-08,1.7213193991e-08,1.7213193991e-08,1.7213193991e-08,1.7213193991e-08,1.7213193991e-08,1.7213193991e-08,1.7213193991e-08,1.7213193991e-08,1.7213193991e-08,1.7213193991e-08,1.7213193991e-08,1.7213193991e-08,1.7213193991e-08,1.7213193991e-08,1.7213193991e-08,1.7213193991e-08,1.7213193991e-08,1.7213193991e-08,1.7213193991e-08,1.7213193991e-08,1.7213193991e-08,1.7213193991e-08,1.7213193991e-08,1.7213193991e-08,1.7213193991e-08,1.7213193991e-08,1.7213193991e-08,1.7213193991e-08,1.7213193991e-08,1.7213193991e-08,1.7213193991e-08,1.7213193991e-08,1.7213193991e-08,1.7213193991e-08,1.7213193991e-08,1.7213193991e-08,1.7213193991e-08,1.7213193991e-08,1.7213193991e-08,1.7213194003e-08,1.7213195670e-08,1.7213240190e-08,1.7213755534e-08,1.7216535046e-08,1.7224371937e-08,1.7237987222e-08,1.7255035655e-08,1.7272283413e-08,1.7295918434e-08,1.7328252474e-08,1.7372366571e-08,1.7432338438e-08,1.7513561259e-08,1.7623134109e-08,1.7770368356e-08,1.7967426745e-08,1.8230148182e-08,1.8579079421e-08,1.9040785411e-08,1.9649502317e-08,2.0449212517e-08,2.1496265938e-08,2.2862631737e-08,2.4640024624e-08,2.6945005072e-08,2.9925384477e-08,3.3759005330e-08,2.4012488121e-09,3.1006246360e-06,3.1054431236e-06,3.1052752271e-06,3.1052604569e-06,3.1052593956e-06,3.1052593272e-06,3.1052593234e-06,3.1052593232e-06,3.1052593232e-06,3.1052593232e-06,3.1052593232e-06,3.1052593232e-06,3.1052593232e-06,3.1052593232e-06,3.1052593232e-06,3.1052593232e-06,3.1052593232e-06,3.1052593232e-06,3.1052593232e-06,3.1052593232e-06,3.1052593232e-06,3.1052593232e-06,3.1052593232e-06,3.1052593232e-06,3.1052593232e-06,3.1052593232e-06,3.1052593232e-06,3.1052593232e-06,3.1052593232e-06,3.1052593232e-06,3.1052593232e-06,3.1052593232e-06,3.1052593232e-06,3.1052593232e-06,3.1052593232e-06,3.1052593232e-06,3.1052593232e-06,3.1052593232e-06,3.1052593232e-06,3.1052593232e-06,3.1052593232e-06,3.1052593232e-06,3.1052593232e-06,3.1052593232e-06,3.1052593232e-06,3.1052593232e-06,3.1052593232e-06,3.1052593232e-06,3.1052593232e-06,3.1052593232e-06,3.1052593232e-06,3.1052593232e-06,3.1052593232e-06,3.1052593232e-06,3.1052593232e-06,3.1052593232e-06,3.1052593232e-06,3.1052593232e-06,3.1052593232e-06,3.1052593232e-06,3.1052593232e-06,3.1052593232e-06,3.1052593232e-06,3.1052593232e-06,3.1052593232e-06,3.1052593232e-06,3.1052593232e-06,3.1052593232e-06,3.1052593232e-06,3.1052593232e-06,3.1052593232e-06,3.1052593232e-06,3.1052593232e-06,3.1052593232e-06,3.1052593232e-06,3.1052593232e-06,3.1052593232e-06,3.1052593232e-06,3.1052593232e-06,3.1052593232e-06,3.1052593232e-06,3.1052593232e-06,3.1052593232e-06,3.1052593232e-06,3.1052593232e-06,3.1052593232e-06,3.1052593232e-06,3.1052593232e-06,3.1052593232e-06,3.1052593232e-06,3.1052593232e-06,3.1052593232e-06,3.1052593232e-06,3.1052593232e-06,3.1052593232e-06,3.1052593232e-06,3.1052593232e-06,3.1052593232e-06,3.1052593232e-06,3.1052593232e-06,3.1052593232e-06,3.1052593232e-06,3.1052593232e-06,3.1052593232e-06,3.1052593232e-06,3.1052593232e-06,3.1052593232e-06,3.1052593232e-06,3.1052593232e-06,3.1052593232e-06,3.1052593232e-06,3.1052593232e-06,3.1052593232e-06,3.1052593232e-06,3.1052593232e-06,3.1052593232e-06,3.1052593232e-06,3.1052593232e-06,3.1052593232e-06,3.1052593232e-06,3.1052593232e-06,3.1052593232e-06,3.1052593232e-06,3.1052593232e-06,3.1052593232e-06,3.1052593232e-06,3.1052593232e-06,3.1052593232e-06,3.1052593232e-06,3.1052593232e-06,3.1052593232e-06,3.1052593232e-06,3.1052593232e-06,3.1052593232e-06,3.1052593232e-06,3.1052593232e-06,3.1052593232e-06,3.1052593232e-06,3.1052593232e-06,3.1052593232e-06,3.1052593232e-06,3.1052593232e-06,3.1052593232e-06,3.1052593232e-06,3.1052593232e-06,3.1052593232e-06,3.1052593232e-06,3.1052593232e-06,3.1052593232e-06,3.1052593232e-06,3.1052593232e-06,3.1052593232e-06,3.1052593232e-06,3.1052593232e-06,3.1052593232e-06,3.1052593232e-06,3.1052593232e-06,3.1052593232e-06,3.1052593232e-06,3.1052593232e-06,3.1052593232e-06,3.1052593232e-06,3.1052593232e-06,3.1052593232e-06,3.1052593232e-06,3.1052593232e-06,3.1052593232e-06,3.1052593232e-06,3.1052593232e-06,3.1052593232e-06,3.1052593232e-06,3.1052593232e-06,3.1052593232e-06,3.1052593232e-06,3.1052593232e-06,3.1052593232e-06,3.1052593232e-06,3.1052593232e-06,3.1052593232e-06,3.1052593232e-06,3.1052593232e-06,3.1052593232e-06,3.1052593232e-06,3.1052593232e-06,3.1052593232e-06,3.1052593234e-06,3.1052593265e-06,3.1052593698e-06,3.1052599463e-06,3.1052672608e-06,3.1053547817e-06,3.1063331937e-06,3.1165154005e-06,3.2142467171e-06,4.0703297124e-06,1.0825680014e-05,5.8074101555e-05,3.4501621403e-04,1.8184850762e-03,7.9624306012e-03,6.7641234411e-02,1.7516752266e-01,8.0381364642e-02,3.0723342863e-02,1.0592946387e-02,3.3498262634e-03,9.9427904039e-04,2.9532280196e-04,1.0450301451e-04,5.6208602420e-05,4.4800578048e-05,4.2270250256e-05,4.1740450454e-05,4.1635238247e-05,4.1615336722e-05,4.1611739165e-05,4.1611114249e-05,4.1611010338e-05,4.1610993408e-05,4.1610990944e-05,4.1610990563e-05,4.1610990507e-05,4.1610990502e-05,4.1610990502e-05,4.1610990502e-05,4.1610990502e-05,4.1610990502e-05,4.1610990502e-05,4.1610990502e-05,4.1610990502e-05,4.1610990502e-05,4.1610990502e-05,4.1610990502e-05,4.1610990502e-05,4.1610990502e-05,4.1610990502e-05,4.1610990502e-05,4.1610990502e-05,4.1610990502e-05,4.1610990502e-05,4.1610990502e-05,4.1610990502e-05,4.1610990502e-05,4.1610990502e-05,4.1610990502e-05,4.1610990502e-05,4.1610990502e-05,4.1610990502e-05,4.1610990502e-05,4.1610990502e-05,4.1610990502e-05,4.1610990502e-05,4.1610990502e-05,4.1610990502e-05,4.1610990502e-05,4.1610990502e-05,4.1610990502e-05,4.1610990502e-05,4.1610990502e-05,4.1610990502e-05,4.1610990502e-05,4.1610990502e-05,4.1610990502e-05,4.1610990502e-05,4.1610990502e-05,4.1610990502e-05,4.1610990502e-05,4.1610990502e-05,4.1610990502e-05,4.1610990502e-05,4.1610990502e-05,4.1610990502e-05,4.1610990502e-05,4.1610990502e-05,4.1610990502e-05,4.1610990502e-05,4.1610990502e-05,4.1610990502e-05,4.1610990502e-05,4.1610990502e-05,4.1610990502e-05,4.1610990502e-05,4.1610990502e-05,4.1610990502e-05,4.1610990502e-05,4.1610990502e-05,4.1610990502e-05,4.1610990503e-05,4.1610990514e-05,4.1610990591e-05,4.1610991015e-05,4.1610993170e-05,4.1611004530e-05,4.1611057445e-05,4.1611292075e-05,4.1612269819e-05,4.1616078928e-05,4.1629844392e-05,4.1673552188e-05,4.1727128156e-05,3.9842881135e-05,2.6616779756e-08
4.7964476516e-11,2.5922228309e-08,6.7713800625e-08,5.8233732886e-08,5.0588540427e-08,4.4446857277e-08,3.9516941448e-08,3.5562984590e-08,3.2394517773e-08,2.9857758885e-08,2.7828653678e-08,2.6207162011e-08,2.4912691454e-08,2.3880341085e-08,2.3057892545e-08,2.2403364355e-08,2.1883027797e-08,2.1469804970e-08,2.1141975005e-08,2.0882124821e-08,2.0676307590e-08,2.0513353053e-08,2.0384320119e-08,2.0241933200e-08,2.0106812306e-08,2.0004861681e-08,1.9950420640e-08,1.9932787497e-08,1.9929826016e-08,1.9929595465e-08,1.9929587526e-08,1.9929587440e-08,1.9929587440e-08,1.9929587440e-08,1.9929587440e-08,1.9929587440e-08,1.9929587440e-08,1.9929587440e-08,1.9929587440e-08,1.9929587440e-08,1.9929587440e-08,1.9929587440e-08,1.9929587440e-08,1.9929587440e-08,1.9929587440e-08,1.9929587440e-08,1.9929587440e-08,1.9929587440e-08,1.9929587440e-08,1.9929587440e-08,1.9929587440e-08,1.9929587440e-08,1.9929587440e-08,1.9929587440e-08,1.9929587440e-08,1.9929587440e-08,1.9929587440e-08,1.9929587440e-08,1.9929587440e-08,1.9929587440e-08,1.9929587440e-08,1.9929587440e-08,1.9929587440e-08,1.9929587440e-08,1.9929587440e-08,1.9929587440e-08,1.9929587440e-08,1.9929587440e-08,1.9929587440e-08,1.9929587440e-08,1.9929587440e-08,1.9929587440e-08,1.9929587440e-08,1.9929587526e-08,1.9929595484e-08,1.9929826976e-08,1.9932800098e-08,1.9950510652e-08,2.0005209975e-08,2.0107677417e-08,2.0243517132e-08,2.0386686362e-08,2.0516444867e-08,2.0680333010e-08,2.0887348094e-08,2.1148740735e-08,2.1478549444e-08,2.1894313217e-08,2.2417906887e-08,2.3076606825e-08,2.3904390876e-08,2.4943563215e-08,2.6246741881e-08,2.7879332863e-08,2.9922585863e-08,3.2477339942e-08,3.5668696685e-08,3.9651708693e-08,4.4618498751e-08,5.0806923699e-08,5.8511314903e-08,6.8054370423e-08,2.7744041111e-09,6.3688809796e-06,6.3849215659e-06,6.3828343912e-06,6.3824955431e-06,6.3824488074e-06,6.3824430676e-06,6.3824424304e-06,6.3824423651e-06,6.3824423589e-06,6.3824423584e-06,6.3824423584e-06,6.3824423584e-06,6.3824423584e-06,6.3824423584e-06,6.3824423584e-06,6.3824423584e-06,6.3824423584e-06,6.3824423584e-06,6.3824423584e-06,6.3824423584e-06,6.3824423584e-06,6.3824423584e-06,6.3824423584e-06,6.3824423584e-06,6.3824423584e-06,6.3824423584e-06,6.3824423584e-06,6.3824423584e-06,6.3824423584e-06,6.3824423584e-06,6.3824423584e-06,6.3824423584e-06,6.3824423584e-06,6.3824423584e-06,6.3824423584e-06,6.3824423584e-06,6.3824423584e-06,6.3824423584e-06,6.3824423584e-06,6.3824423584e-06,6.3824423584e-06,6.3824423584e-06,6.3824423584e-06,6.3824423584e-06,6.3824423584e-06,6.3824423584e-06,6.3824423584e-06,6.3824423584e-06,6.3824423584e-06,6.3824423584e-06,6.3824423584e-06,6.3824423584e-06,6.3824423584e-06,6.3824423584e-06,6.3824423584e-06,6.3824423584e-06,6.3824423584e-06,6.3824423584e-06,6.3824423584e-06,6.3824423584e-06,6.3824423584e-06,6.3824423584e-06,6.3824423584e-06,6.3824423584e-06,6.3824423584e-06,6.3824423584e-06,6.3824423584e-06,6.3824423584e-06,6.3824423584e-06,6.3824423584e-06,6.3824423584e-06,6.3824423584e-06,6.3824423584e-06,6.3824423584e-06,6.3824423584e-06,6.3824423584e-06,6.3824423584e-06,6.3824423584e-06,6.3824423584e-06,6.3824423584e-06,6.3824423584e-06,6.3824423584e-06,6.3824423584e-06,6.3824423584e-06,6.3824423584e-06,6.3824423584e-06,6.3824423584e-06,6.3824423584e-06,6.3824423584e-06,6.3824423584e-06,6.3824423584e-06,6.3824423584e-06,6.3824423584e-06,6.3824423584e-06,6.3824423584e-06,6.3824423584e-06,6.3824423584e-06,6.3824423584e-06,6.3824423584e-06,6.3824423584e-06,6.3824423584e-06,6.3824423584e-06,6.3824423584e-06,6.3824423584e-06,6.3824423584e-06,6.3824423584e-06,6.3824423584e-06,6.3824423584e-06,6.3824423584e-06,6.3824423584e-06,6.3824423584e-06,6.3824423584e-06,6.3824423584e-06,6.3824423584e-06,6.3824423584e-06,6.3824423584e-06,6.3824423584e-06,6.3824423584e-06,6.3824423584e-06,6.3824423584e-06,6.3824423584e-06,6.3824423584e-06,6.3824423584e-06,6.3824423584e-06,6.3824423584e-06,6.3824423584e-06,6.3824423584e-06,6.3824423584e-06,6.3824423584e-06,6.3824423584e-06,6.3824423584e-06,6.3824423584e-06,6.3824423584e-06,6.3824423584e-06,6.3824423584e-06,6.3824423584e-06,6.3824423584e-06,6.3824423584e-06,6.3824423584e-06,6.3824423584e-06,6.3824423584e-06,6.3824423584e-06,6.3824423584e-06,6.3824423584e-06,6.3824423584e-06,6.3824423584e-06,6.3824423584e-06,6.3824423584e-06,6.3824423584e-06,6.3824423584e-06,6.3824423584e-06,6.3824423584e-06,6.3824423584e-06,6.3824423584e-06,6.3824423584e-06,6.3824423584e-06,6.3824423584e-06,6.3824423584e-06,6.3824423584e-06,6.3824423584e-06,6.3824423584e-06,6.3824423584e-06,6.3824423584e-06,6.3824423584e-06,6.3824423584e-06,6.3824423584e-06,6.3824423584e-06,6.3824423584e-06,6.3824423584e-06,6.3824423584e-06,6.3824423584e-06,6.3824423584e-06,6.3824423584e-06,6.3824423584e-06,6.3824423584e-06,6.3824423584e-06,6.3824423584e-06,6.3824423584e-06,6.3824423584e-06,6.3824423584e-06,6.3824423585e-06,6.3824423590e-06,6.3824423636e-06,6.3824424035e-06,6.3824427334e-06,6.3824453650e-06,6.3824656237e-06,6.3826137670e-06,6.3836474417e-06,6.3904904912e-06,6.4332773206e-06,6.6845870230e-06,8.0625177161e-06,1.5064699327e-05,4.7768413965e-05,1.8679813666e-04,7.1879037660e-04,2.5279511433e-03,7.9204918520e-03,2.1630859704e-02,6.7702068978e-02,3.7558085202e-01,2.4406326185e-01,1.3111354612e-01,6.5501340491e-02,3.0923247112e-02,1.3848728433e-02,5.9103948661e-03,2.4270466773e-03,9.8076379473e-04,4.1102077346e-04,1.9747917239e-04,1.2112017345e-04,9.5000258922e-05,8.6431363492e-05,8.3728853490e-05,8.2907586439e-05,8.2666596693e-05,8.2598177171e-05,8.2579347583e-05,8.2574308512e-05,8.2572967271e-05,8.2572619559e-05,8.2572576169e-05,8.2572573774e-05,8.2572573725e-05,8.2572573725e-05,8.2572573725e-05,8.2572573725e-05,8.2572573725e-05,8.2572573725e-05,8.2572573725e-05,8.2572573725e-05,8.2572573725e-05,8.2572573725e-05,8.2572573725e-05,8.2572573725e-05,8.2572573725e-05,8.2572573725e-05,8.2572573725e-05,8.2572573725e-05,8.2572573725e-05,8.2572573725e-05,8.2572573725e-05,8.2572573725e-05,8.2572573725e-05,8.2572573725e-05,8.2572573725e-05,8.2572573725e-05,8.2572573725e-05,8.2572573725e-05,8.2572573725e-05,8.2572573725e-05,8.2572573725e-05,8.2572573725e-05,8.2572573725e-05,8.2572573725e-05,8.2572573725e-05,8.2572573725e-05,8.2572573725e-05,8.2572573725e-05,8.2572573725e-05,8.2572573725e-05,8.2572573725e-05,8.2572573725e-05,8.2572573725e-05,8.2572573725e-05,8.2572573725e-05,8.2572573725e-05,8.2572573725e-05,8.2572573725e-05,8.2572573725e-05,8.2572573725e-05,8.2572573725e-05,8.2572573725e-05,8.2572573725e-05,8.2572573725e-05,8.2572573725e-05,8.2572573725e-05,8.2572573725e-05,8.2572573725e-05,8.2572573726e-05,8.2572573730e-05,8.2572573758e-05,8.2572573855e-05,8.2572574214e-05,8.2572575540e-05,8.2572580182e-05,8.2572597659e-05,8.2572652209e-05,8.2572826532e-05,8.2573363527e-05,8.2574944848e-05,8.2579415532e-05,8.2591536506e-05,8.2622941494e-05,8.2700546498e-05,8.2881649808e-05,8.3251489907e-05,8.3452621555e-05,7.6556361384e-05,6.0244114900e-08
9.2308511232e-11,4.9600436225e-08,1.2772033314e-07,1.0798089454e-07,9.1784561412e-08,7.8569723986e-08,6.7789631752e-08,5.8997449241e-08,5.1828072491e-08,4.5983184161e-08,4.1219114117e-08,3.7336825016e-08,3.4173790823e-08,3.1597301939e-08,2.9499018639e-08,2.7790508357e-08,2.6399597411e-08,2.5267382474e-08,2.4345804438e-08,2.3595634656e-08,2.2984865813e-08,2.2487368994e-08,2.2081800759e-08,2.1616453060e-08,2.1146815378e-08,2.0755637337e-08,2.0510497318e-08,2.0408497076e-08,2.0384074003e-08,2.0381109594e-08,2.0380941791e-08,2.0380937544e-08,2.0380937536e-08,2.0380937536e-08,2.0380937536e-08,2.0380937536e-08,2.0380937536e-08,2.0380937536e-08,2.0380937536e-08,2.0380937536e-08,2.0380937536e-08,2.0380937536e-08,2.0380937536e-08,2.0380937536e-08,2.0380937536e-08,2.0380937536e-08,2.0380937536e-08,2.0380937536e-08,2.0380937536e-08,2.0380937536e-08,2.0380937536e-08,2.0380937536e-08,2.0380937536e-08,2.0380937536e-08,2.0380937536e-08,2.0380937536e-08,2.0380937536e-08,2.0380937536e-08,2.0380937536e-08,2.0380937536e-08,2.0380937536e-08,2.0380937536e-08,2.0380937536e-08,2.0380937536e-08,2.0380937536e-08,2.0380937536e-08,2.0380937536e-08,2.0380937536e-08,2.0380937536e-08,2.0380937536e-08,2.0380937536e-08,2.0380937536e-08,2.0380937544e-08,2.0380941849e-08,2.0381110773e-08,2.0384099289e-08,2.0408736510e-08,2.0511714636e-08,2.0759370485e-08,2.1154765949e-08,2.1629641485e-08,2.2100295793e-08,2.2510560769e-08,2.3013888065e-08,2.3631891955e-08,2.4391061022e-08,2.5323820505e-08,2.6469929864e-08,2.7878111933e-08,2.9608081014e-08,3.1733017862e-08,3.4342611421e-08,3.7546743723e-08,4.1480039648e-08,4.6307405635e-08,5.2230799583e-08,5.9497546959e-08,6.8410423632e-08,7.9340109152e-08,9.2740297298e-08,1.0916619449e-07,1.2914147617e-07,3.4505985974e-09,1.2136321165e-05,1.2181064068e-05,1.2164920473e-05,1.2160618750e-05,1.2159617962e-05,1.2159405825e-05,1.2159364468e-05,1.2159357006e-05,1.2159355765e-05,1.2159355568e-05,1.2159355539e-05,1.2159355535e-05,1.2159355534e-05,1.2159355534e-05,1.2159355534e-05,1.2159355534e-05,1.2159355534e-05,1.2159355534e-05,1.2159355534e-05,1.2159355534e-05,1.2159355534e-05,1.2159355534e-05,1.2159355534e-05,1.2159355534e-05,1.2159355534e-05,1.2159355534e-05,1.2159355534e-05,1.2159355534e-05,1.2159355534e-05,1.2159355534e-05,1.2159355534e-05,1.2159355534e-05,1.2159355534e-05,1.2159355534e-05,1.2159355534e-05,1.2159355534e-05,1.2159355534e-05,1.2159355534e-05,1.2159355534e-05,1.2159355534e-05,1.2159355534e-05,1.2159355534e-05,1.2159355534e-05,1.2159355534e-05,1.2159355534e-05,1.2159355534e-05,1.2159355534e-05,1.2159355534e-05,1.2159355534e-05,1.2159355534e-05,1.2159355534e-05,1.2159355534e-05,1.2159355534e-05,1.2159355534e-05,1.2159355534e-05,1.2159355534e-05,1.2159355534e-05,1.2159355534e-05,1.2159355534e-05,1.2159355534e-05,1.2159355534e-05,1.2159355534e-05,1.2159355534e-05,1.2159355534e-05,1.2159355534e-05,1.2159355534e-05,1.2159355534e-05,1.2159355534e-05,1.2159355534e-05,1.2159355534e-05,1.2159355534e-05,1.2159355534e-05,1.2159355534e-05,1.2159355534e-05,1.2159355534e-05,1.2159355534e-05,1.2159355534e-05,1.2159355534e-05,1.2159355534e-05,1.2159355534e-05,1.2159355534e-05,1.2159355534e-05,1.2159355534e-05,1.2159355534e-05,1.2159355534e-05,1.2159355534e-05,1.2159355534e-05,1.2159355534e-05,1.2159355534e-05,1.2159355534e-05,1.2159355534e-05,1.2159355534e-05,1.2159355534e-05,1.2159355534e-05,1.2159355534e-05,1.2159355534e-05,1.2159355534e-05,1.2159355534e-05,1.2159355534e-05,1.2159355534e-05,1.2159355534e-05,1.2159355534e-05,1.2159355534e-05,1.2159355534e-05,1.2159355534e-05,1.2159355534e-05,1.2159355534e-05,1.2159355534e-05,1.2159355534e-05,1.2159355534e-05,1.2159355534e-05,1.2159355534e-05,1.2159355534e-05,1.2159355534e-05,1.2159355534e-05,1.2159355534e-05,1.2159355534e-05,1.2159355534e-05,1.2159355534e-05,1.2159355534e-05,1.2159355534e-05,1.2159355534e-05,1.2159355534e-05,1.2159355534e-05,1.2159355534e-05,1.2159355534e-05,1.2159355534e-05,1.2159355534e-05,1.2159355534e-05,1.2159355534e-05,1.2159355534e-05,1.2159355534e-05,1.2159355534e-05,1.2159355534e-05,1.2159355534e-05,1.2159355534e-05,1.2159355534e-05,1.2159355534e-05,1.2159355534e-05,1.2159355534e-05,1.2159355534e-05,1.2159355534e-05,1.2159355534e-05,1.2159355534e-05,1.2159355534e-05,1.2159355534e-05,1.2159355534e-05,1.2159355534e-05,1.2159355534e-05,1.2159355534e-05,1.2159355534e-05,1.2159355534e-05,1.2159355534e-05,1.2159355534e-05,1.2159355534e-05,1.2159355534e-05,1.2159355534e-05,1.2159355534e-05,1.2159355534e-05,1.2159355534e-05,1.2159355534e-05,1.2159355534e-05,1.2159355534e-05,1.2159355534e-05,1.2159355534e-05,1.2159355534e-05,1.2159355534e-05,1.2159355534e-05,1.2159355534e-05,1.2159355534e-05,1.2159355534e-05,1.2159355534e-05,1.2159355534e-05,1.2159355534e-05,1.2159355534e-05,1.2159355534e-05,1.2159355535e-05,1.2159355539e-05,1.2159355580e-05,1.2159355864e-05,1.2159357385e-05,1.2159365309e-05,1.2159405464e-05,1.2159602380e-05,1.2160536153e-05,1.2164805579e-05,1.2183580787e-05,1.2262781327e-05,1.2582297762e-05,1.3811020242e-05,1.8298952094e-05,3.3806980507e-05,8.4286727036e-05,2.3835440890e-04,6.7708631865e-04,1.8368656406e-03,4.6688419399e-03,1.1028814174e-02,2.4122234937e-02,4.8123391698e-02,6.7823984056e-02,6.6770009739e-01,5.5755524830e-01,3.7209238913e-01,2.3228957489e-01,1.3988990103e-01,8.1701505827e-02,4.6317458910e-02,2.5504513918e-02,1.3660082323e-02,7.1368031033e-03,3.6583076202e-03,1.8612222521e-03,9.6103460936e-04,5.2345129798e-04,3.1683919860e-04,2.2198876515e-04,1.7961036046e-04,1.6116323352e-04,1.5332921578e-04,1.5007267428e-04,1.4872709097e-04,1.4811131900e-04,1.4795778419e-04,1.4793982421e-04,1.4793892005e-04,1.4793890112e-04,1.4793890096e-04,1.4793890096e-04,1.4793890096e-04,1.4793890096e-04,1.4793890096e-04,1.4793890096e-04,1.4793890096e-04,1.4793890096e-04,1.4793890096e-04,1.4793890096e-04,1.4793890096e-04,1.4793890096e-04,1.4793890096e-04,1.4793890096e-04,1.4793890096e-04,1.4793890096e-04,1.4793890096e-04,1.4793890096e-04,1.4793890096e-04,1.4793890096e-04,1.4793890096e-04,1.4793890096e-04,1.4793890096e-04,1.4793890096e-04,1.4793890096e-04,1.4793890096e-04,1.4793890096e-04,1.4793890096e-04,1.4793890096e-04,1.4793890096e-04,1.4793890096e-04,1.4793890096e-04,1.4793890096e-04,1.4793890096e-04,1.4793890096e-04,1.4793890096e-04,1.4793890096e-04,1.4793890096e-04,1.4793890096e-04,1.4793890096e-04,1.4793890096e-04,1.4793890096e-04,1.4793890096e-04,1.4793890096e-04,1.4793890096e-04,1.4793890096e-04,1.4793890096e-04,1.4793890096e-04,1.4793890096e-04,1.4793890096e-04,1.4793890097e-04,1.4793890101e-04,1.4793890143e-04,1.4793890328e-04,1.4793890789e-04,1.4793891950e-04,1.4793894894e-04,1.4793902182e-04,1.4793920125e-04,1.4793963168e-04,1.4794063532e-04,1.4794293006e-04,1.4794804252e-04,1.4795914768e-04,1.4798266607e-04,1.4803115688e-04,1.4812848435e-04,1.4831854952e-04,1.4867942161e-04,1.4934344117e-04,1.5050333207e-04,1.5218231966e-04,1.5203101692e-04,1.3148180961e-04,1.3164306193e-07
1.3465736843e-10,7.1951924958e-08,1.8423228366e-07,1.5484650651e-07,1.3056956565e-07,1.1066767178e-07,9.4353634543e-08,8.0981769451e-08,7.0022420897e-08,6.1041092555e-08,5.3681408693e-08,4.7651063513e-08,4.2710331373e-08,3.8662617654e-08,3.5346700333e-08,3.2630383326e-08,3.0405259655e-08,2.8582440416e-08,2.7089031034e-08,2.5865240416e-08,2.4862028036e-08,2.4039148072e-08,2.3363556099e-08,2.2581081448e-08,2.1779791824e-08,2.1096799649e-08,2.0652674778e-08,2.0456638876e-08,2.0405264560e-08,2.0398184421e-08,2.0397713045e-08,2.0397698642e-08,2.0397698492e-08,2.0397698492e-08,2.0397698492e-08,2.0397698492e-08,2.0397698492e-08,2.0397698492e-08,2.0397698492e-08,2.0397698492e-08,2.0397698492e-08,2.0397698492e-08,2.0397698492e-08,2.0397698492e-08,2.0397698492e-08,2.0397698492e-08,2.0397698492e-08,2.0397698492e-08,2.0397698492e-08,2.0397698492e-08,2.0397698492e-08,2.0397698492e-08,2.0397698492e-08,2.0397698492e-08,2.0397698492e-08,2.0397698492e-08,2.0397698492e-08,2.0397698492e-08,2.0397698492e-08,2.0397698492e-08,2.0397698492e-08,2.0397698492e-08,2.0397698492e-08,2.0397698492e-08,2.0397698492e-08,2.0397698492e-08,2.0397698492e-08,2.0397698492e-08,2.0397698492e-08,2.0397698492e-08,2.0397698492e-08,2.0397698492e-08,2.0397698686e-08,2.0397713200e-08,2.0398190278e-08,2.0405365015e-08,2.0457477263e-08,2.0656526844e-08,2.1107835067e-08,2.1802277296e-08,2.2617332014e-08,2.3413463487e-08,2.4100977475e-08,2.4938502258e-08,2.5959709176e-08,2.7205644266e-08,2.8726299096e-08,3.0582650209e-08,3.2849045378e-08,3.5616160806e-08,3.8994592559e-08,4.3119245189e-08,4.8154645936e-08,5.4301464005e-08,6.1804435357e-08,7.0962001981e-08,8.2138117316e-08,9.5776519175e-08,1.1241827502e-07,1.3272306116e-07,1.5749513383e-07,1.8738276875e-07,4.1056930739e-09,1.7554981153e-05,1.7637010775e-05,1.7590239177e-05,1.7574283319e-05,1.7569453598e-05,1.7568102637e-05,1.7567751437e-05,1.7567666114e-05,1.7567646640e-05,1.7567642458e-05,1.7567641615e-05,1.7567641452e-05,1.7567641422e-05,1.7567641416e-05,1.7567641416e-05,1.7567641415e-05,1.7567641415e-05,1.7567641415e-05,1.7567641415e-05,1.7567641415e-05,1.7567641415e-05,1.7567641415e-05,1.7567641415e-05,1.7567641415e-05,1.7567641415e-05,1.7567641415e-05,1.7567641415e-05,1.7567641415e-05,1.7567641415e-05,1.7567641415e-05,1.7567641415e-05,1.7567641415e-05,1.7567641415e-05,1.7567641415e-05,1.7567641415e-05,1.7567641415e-05,1.7567641415e-05,1.7567641415e-05,1.7567641415e-05,1.7567641415e-05,1.7567641415e-05,1.7567641415e-05,1.7567641415e-05,1.7567641415e-05,1.7567641415e-05,1.7567641415e-05,1.7567641415e-05,1.7567641415e-05,1.7567641415e-05,1.7567641415e-05,1.7567641415e-05,1.7567641415e-05,1.7567641415e-05,1.7567641415e-05,1.7567641415e-05,1.7567641415e-05,1.7567641415e-05,1.7567641415e-05,1.7567641415e-05,1.7567641415e-05,1.7567641415e-05,1.7567641415e-05,1.7567641415e-05,1.7567641415e-05,1.7567641415e-05,1.7567641415e-05,1.7567641415e-05,1.7567641415e-05,1.7567641415e-05,1.7567641415e-05,1.7567641415e-05,1.7567641415e-05,1.7567641415e-05,1.7567641415e-05,1.7567641415e-05,1.7567641415e-05,1.7567641415e-05,1.7567641415e-05,1.7567641415e-05,1.7567641415e-05,1.7567641415e-05,1.7567641415e-05,1.7567641415e-05,1.7567641415e-05,1.7567641415e-05,1.7567641415e-05,1.7567641415e-05,1.7567641415e-05,1.7567641415e-05,1.7567641415e-05,1.7567641415e-05,1.7567641415e-05,1.7567641415e-05,1.7567641415e-05,1.7567641415e-05,1.7567641415e-05,1.7567641415e-05,1.7567641415e-05,1.7567641415e-05,1.7567641415e-05,1.7567641415e-05,1.7567641415e-05,1.7567641415e-05,1.7567641415e-05,1.7567641415e-05,1.7567641415e-05,1.7567641415e-05,1.7567641415e-05,1.7567641415e-05,1.7567641415e-05,1.7567641415e-05,1.7567641415e-05,1.7567641415e-05,1.7567641415e-05,1.7567641415e-05,1.7567641415e-05,1.7567641415e-05,1.7567641415e-05,1.7567641415e-05,1.7567641415e-05,1.7567641415e-05,1.7567641415e-05,1.7567641415e-05,1.7567641415e-05,1.7567641415e-05,1.7567641415e-05,1.7567641415e-05,1.7567641415e-05,1.7567641415e-05,1.7567641415e-05,1.7567641415e-05,1.7567641415e-05,1.7567641415e-05,1.7567641415e-05,1.7567641415e-05,1.7567641415e-05,1.7567641415e-05,1.7567641415e-05,1.7567641415e-05,1.7567641415e-05,1.7567641415e-05,1.7567641415e-05,1.7567641415e-05,1.7567641415e-05,1.7567641415e-05,1.7567641415e-05,1.7567641415e-05,1.7567641415e-05,1.7567641415e-05,1.7567641415e-05,1.7567641415e-05,1.7567641415e-05,1.7567641415e-05,1.7567641415e-05,1.7567641415e-05,1.7567641415e-05,1.7567641415e-05,1.7567641415e-05,1.7567641415e-05,1.7567641415e-05,1.7567641415e-05,1.7567641415e-05,1.7567641415e-05,1.7567641415e-05,1.7567641415e-05,1.7567641415e-05,1.7567641415e-05,1.7567641415e-05,1.7567641415e-05,1.7567641415e-05,1.7567641415e-05,1.7567641415e-05,1.7567641415e-05,1.7567641416e-05,1.7567641417e-05,1.7567641439e-05,1.7567641681e-05,1.7567643691e-05,1.7567656462e-05,1.7567719065e-05,1.7567961709e-05,1.7568892672e-05,1.7572387804e-05,1.7585121651e-05,1.7630051831e-05,1.7783280601e-05,1.8287340620e-05,1.9883258694e-05,2.4735088640e-05,3.8863064079e-05,7.8162151489e-05,1.8229953229e-04,4.4442492629e-04,1.0693706210e-03,2.4767429284e-03,5.4631383637e-03,1.1423247178e-02,2.2600801039e-02,4.2297398846e-02,7.3558193353e-02,6.7954497171e-02,8.8734671795e-01,8.4089531338e-01,6.2125609248e-01,4.2596835848e-01,2.8284539960e-01,1.8366792315e-01,1.1683910132e-01,7.2827953397e-02,4.4485794193e-02,2.6641245193e-02,1.5658173905e-02,9.0499487004e-03,5.1627339591e-03,2.9266917594e-03,1.6685131813e-03,9.7573946026e-04,6.0229282089e-04,4.0508702761e-04,3.0296179183e-04,2.5094886857e-04,2.2463734402e-04,2.0877923636e-04,2.0304648651e-04,2.0200878768e-04,2.0192575450e-04,2.0192298774e-04,2.0192295017e-04,2.0192294997e-04,2.0192294997e-04,2.0192294997e-04,2.0192294997e-04,2.0192294997e-04,2.0192294997e-04,2.0192294997e-04,2.0192294997e-04,2.0192294997e-04,2.0192294997e-04,2.0192294997e-04,2.0192294997e-04,2.0192294997e-04,2.0192294997e-04,2.0192294997e-04,2.0192294997e-04,2.0192294997e-04,2.0192294997e-04,2.0192294997e-04,2.0192294997e-04,2.0192294997e-04,2.0192294997e-04,2.0192294997e-04,2.0192294997e-04,2.0192294997e-04,2.0192294997e-04,2.0192294997e-04,2.0192294997e-04,2.0192294997e-04,2.0192294997e-04,2.0192294997e-04,2.0192294997e-04,2.0192294997e-04,2.0192294997e-04,2.0192294997e-04,2.0192294997e-04,2.0192294997e-04,2.0192294997e-04,2.0192294997e-04,2.0192294997e-04,2.0192294997e-04,2.0192294997e-04,2.0192294997e-04,2.0192294997e-04,2.0192294997e-04,2.0192294997e-04,2.0192294997e-04,2.0192294997e-04,2.0192294998e-04,2.0192295032e-04,2.0192295518e-04,2.0192298486e-04,2.0192307474e-04,2.0192323333e-04,2.0192356483e-04,2.0192425343e-04,2.0192566760e-04,2.0192851914e-04,2.0193417275e-04,2.0194517311e-04,2.0196619683e-04,2.0200562157e-04,2.0207815887e-04,2.0220908389e-04,2.0244084462e-04,2.0284317426e-04,2.0352796169e-04,2.0466948469e-04,2.0652094848e-04,2.0934112825e-04,2.1265022582e-04,2.1082060983e-04,1.7439651705e-04,2.1078760412e-07
1.8860152164e-10,1.0005847577e-07,2.5513636804e-07,2.1369918843e-07,1.7927467642e-07,1.5097525495e-07,1.2771150766e-07,1.0858805659e-07,9.2868666046e-08,7.9947881923e-08,6.9327838366e-08,6.0599130724e-08,5.3425113067e-08,4.7528979276e-08,4.2683113623e-08,3.8700365577e-08,3.5426841189e-08,3.2735989515e-08,3.0523738781e-08,2.8704474942e-08,2.7207767807e-08,2.5975639908e-08,2.4960357543e-08,2.3778815541e-08,2.2559948890e-08,2.1509151451e-08,2.0813651360e-08,2.0498162961e-08,2.0412067256e-08,2.0399510454e-08,2.0398610181e-08,2.0398579848e-08,2.0398579463e-08,2.0398579462e-08,2.0398579462e-08,2.0398579462e-08,2.0398579462e-08,2.0398579462e-08,2.0398579462e-08,2.0398579462e-08,2.0398579462e-08,2.0398579462e-08,2.0398579462e-08,2.0398579462e-08,2.0398579462e-08,2.0398579462e-08,2.0398579462e-08,2.0398579462e-08,2.0398579462e-08,2.0398579462e-08,2.0398579462e-08,2.0398579462e-08,2.0398579462e-08,2.0398579462e-08,2.0398579462e-08,2.0398579462e-08,2.0398579462e-08,2.0398579462e-08,2.0398579462e-08,2.0398579462e-08,2.0398579462e-08,2.0398579462e-08,2.0398579462e-08,2.0398579462e-08,2.0398579462e-08,2.0398579462e-08,2.0398579462e-08,2.0398579462e-08,2.0398579462e-08,2.0398579462e-08,2.0398579462e-08,2.0398579463e-08,2.0398579917e-08,2.0398610663e-08,2.0399528495e-08,2.0412346609e-08,2.0500337606e-08,2.0823121435e-08,2.1535305841e-08,2.2611968132e-08,2.3861366300e-08,2.5072848347e-08,2.6114061502e-08,2.7377847040e-08,2.8913236688e-08,3.0779813511e-08,3.3049940076e-08,3.5811613167e-08,3.9171811688e-08,4.3260645481e-08,4.8236349035e-08,5.4291402189e-08,6.1659918645e-08,7.0626658817e-08,8.1538005107e-08,9.4815245861e-08,1.1097082230e-07,1.3062794687e-07,1.5454462386e-07,1.8364282868e-07,2.1904420273e-07,2.6146163812e-07,4.9531336095e-09,2.4344818622e-05,2.4491074119e-05,2.4378767316e-05,2.4332327556e-05,2.4315080577e-05,2.4309079564e-05,2.4307116123e-05,2.4306510129e-05,2.4306333137e-05,2.4306284051e-05,2.4306271111e-05,2.4306267840e-05,2.4306267060e-05,2.4306266879e-05,2.4306266839e-05,2.4306266830e-05,2.4306266829e-05,2.4306266828e-05,2.4306266828e-05,2.4306266828e-05,2.4306266828e-05,2.4306266828e-05,2.4306266828e-05,2.4306266828e-05,2.4306266828e-05,2.4306266828e-05,2.4306266828e-05,2.4306266828e-05,2.4306266828e-05,2.4306266828e-05,2.4306266828e-05,2.4306266828e-05,2.4306266828e-05,2.4306266828e-05,2.4306266828e-05,2.4306266828e-05,2.4306266828e-05,2.4306266828e-05,2.4306266828e-05,2.4306266828e-05,2.4306266828e-05,2.4306266828e-05,2.4306266828e-05,2.4306266828e-05,2.4306266828e-05,2.4306266828e-05,2.4306266828e-05,2.4306266828e-05,2.4306266828e-05,2.4306266828e-05,2.4306266828e-05,2.4306266828e-05,2.4306266828e-05,2.4306266828e-05,2.4306266828e-05,2.4306266828e-05,2.4306266828e-05,2.4306266828e-05,2.4306266828e-05,2.4306266828e-05,2.4306266828e-05,2.4306266828e-05,2.4306266828e-05,2.4306266828e-05,2.4306266828e-05,2.4306266828e-05,2.4306266828e-05,2.4306266828e-05,2.4306266828e-05,2.4306266828e-05,2.4306266828e-05,2.4306266828e-05,2.4306266828e-05,2.4306266828e-05,2.4306266828e-05,2.4306266828e-05,2.4306266828e-05,2.4306266828e-05,2.4306266828e-05,2.4306266828e-05,2.4306266828e-05,2.4306266828e-05,2.4306266828e-05,2.4306266828e-05,2.4306266828e-05,2.4306266828e-05,2.4306266828e-05,2.4306266828e-05,2.4306266828e-05,2.4306266828e-05,2.4306266828e-05,2.4306266828e-05,2.4306266828e-05,2.4306266828e-05,2.4306266828e-05,2.4306266828e-05,2.4306266828e-05,2.4306266828e-05,2.4306266828e-05,2.4306266828e-05,2.4306266828e-05,2.4306266828e-05,2.4306266828e-05,2.4306266828e-05,2.4306266828e-05,2.4306266828e-05,2.4306266828e-05,2.4306266828e-05,2.4306266828e-05,2.4306266828e-05,2.4306266828e-05,2.4306266828e-05,2.4306266828e-05,2.4306266828e-05,2.4306266828e-05,2.4306266828e-05,2.4306266828e-05,2.4306266828e-05,2.4306266828e-05,2.4306266828e-05,2.4306266828e-05,2.4306266828e-05,2.4306266828e-05,2.4306266828e-05,2.4306266828e-05,2.4306266828e-05,2.4306266828e-05,2.4306266828e-05,2.4306266828e-05,2.4306266828e-05,2.4306266828e-05,2.4306266828e-05,2.4306266828e-05,2.4306266828e-05,2.4306266828e-05,2.4306266828e-05,2.4306266828e-05,2.4306266828e-05,2.4306266828e-05,2.4306266828e-05,2.4306266828e-05,2.4306266828e-05,2.4306266828e-05,2.4306266828e-05,2.4306266828e-05,2.4306266828e-05,2.4306266828e-05,2.4306266828e-05,2.4306266828e-05,2.4306266828e-05,2.4306266828e-05,2.4306266828e-05,2.4306266828e-05,2.4306266828e-05,2.4306266828e-05,2.4306266828e-05,2.4306266828e-05,2.4306266828e-05,2.4306266828e-05,2.4306266828e-05,2.4306266828e-05,2.4306266828e-05,2.4306266828e-05,2.4306266828e-05,2.4306266828e-05,2.4306266828e-05,2.4306266828e-05,2.4306266828e-05,2.4306266828e-05,2.4306266828e-05,2.4306266828e-05,2.4306266828e-05,2.4306266830e-05,2.4306266867e-05,2.4306267380e-05,2.4306272720e-05,2.4306314344e-05,2.4306560866e-05,2.4307694473e-05,2.4311828831e-05,2.4324080542e-05,2.4360842898e-05,2.4468920954e-05,2.4778108924e-05,2.5637103093e-05,2.7951115690e-05,3.3985990432e-05,4.9198102127e-05,8.6197605423e-05,1.7288095294e-04,3.6815790037e-04,7.9043395712e-04,1.6655532968e-03,3.4011124974e-03,6.6913346359e-03,1.2649947716e-02,2.2958863502e-02,4.0012408640e-02,6.7006919148e-02,1.0534978168e-01,6.8137062035e-02,1.1113842923e+00,1.1671177020e+00,9.3636381790e-01,6.8881512084e-01,4.8968485471e-01,3.4167293485e-01,2.3488709896e-01,1.5920369540e-01,1.0638633333e-01,7.0086804686e-02,4.5524731274e-02,2.9165557618e-02,1.8442623792e-02,1.1526233088e-02,7.1363816714e-03,4.3944943044e-03,2.7089172897e-03,1.6886848687e-03,1.0801906307e-03,7.2181160095e-04,5.1215516960e-04,3.5755806777e-04,2.8266399078e-04,2.6300337178e-04,2.6062638210e-04,2.6050539015e-04,2.6050288631e-04,2.6050286541e-04,2.6050286534e-04,2.6050286534e-04,2.6050286534e-04,2.6050286534e-04,2.6050286534e-04,2.6050286534e-04,2.6050286534e-04,2.6050286534e-04,2.6050286534e-04,2.6050286534e-04,2.6050286534e-04,2.6050286534e-04,2.6050286534e-04,2.6050286534e-04,2.6050286534e-04,2.6050286534e-04,2.6050286534e-04,2.6050286534e-04,2.6050286534e-04,2.6050286534e-04,2.6050286534e-04,2.6050286534e-04,2.6050286534e-04,2.6050286534e-04,2.6050286534e-04,2.6050286534e-04,2.6050286534e-04,2.6050286534e-04,2.6050286534e-04,2.6050286534e-04,2.6050286534e-04,2.6050286534e-04,2.6050286534e-04,2.6050286534e-04,2.6050286534e-04,2.6050286534e-04,2.6050286534e-04,2.6050286534e-04,2.6050286534e-04,2.6050286534e-04,2.6050286534e-04,2.6050286534e-04,2.6050286534e-04,2.6050286534e-04,2.6050286534e-04,2.6050286534e-04,2.6050286535e-04,2.6050286609e-04,2.6050288315e-04,2.6050303847e-04,2.6050369583e-04,2.6050518091e-04,2.6050733470e-04,2.6051121537e-04,2.6051818303e-04,2.6053056400e-04,2.6055228860e-04,2.6058990019e-04,2.6065412178e-04,2.6076227047e-04,2.6094184921e-04,2.6123587283e-04,2.6171054310e-04,2.6246613898e-04,2.6365207617e-04,2.6548657820e-04,2.6827590092e-04,2.7239166817e-04,2.7796514750e-04,2.8318057899e-04,2.7724747436e-04,2.1935670180e-04,3.2395606717e-07
2.3583214621e-10,1.2433610811e-07,3.1623780771e-07,2.6446285234e-07,2.2128602839e-07,1.8574403543e-07,1.5648634437e-07,1.3240216264e-07,1.1257712504e-07,9.6258364665e-08,8.2826014756e-08,7.1769693960e-08,6.2669179909e-08,5.5178495747e-08,4.9012768800e-08,4.3937458258e-08,3.9759438179e-08,3.6319676867e-08,3.3487212412e-08,3.1154160580e-08,2.9231637064e-08,2.7646376472e-08,2.6337967851e-08,2.4812046913e-08,2.3232801117e-08,2.1864538140e-08,2.0952017745e-08,2.0533354046e-08,2.0417232597e-08,2.0399924009e-08,2.0398648322e-08,2.0398603947e-08,2.0398603298e-08,2.0398603297e-08,2.0398603297e-08,2.0398603297e-08,2.0398603297e-08,2.0398603297e-08,2.0398603297e-08,2.0398603297e-08,2.0398603297e-08,2.0398603297e-08,2.0398603297e-08,2.0398603297e-08,2.0398603297e-08,2.0398603297e-08,2.0398603297e-08,2.0398603297e-08,2.0398603297e-08,2.0398603297e-08,2.0398603297e-08,2.0398603297e-08,2.0398603297e-08,2.0398603297e-08,2.0398603297e-08,2.0398603297e-08,2.0398603297e-08,2.0398603297e-08,2.0398603297e-08,2.0398603297e-08,2.0398603297e-08,2.0398603297e-08,2.0398603297e-08,2.0398603297e-08,2.0398603297e-08,2.0398603297e-08,2.0398603297e-08,2.0398603297e-08,2.0398603297e-08,2.0398603297e-08,2.0398603297e-08,2.0398603298e-08,2.0398604040e-08,2.0398649360e-08,2.0399958479e-08,2.0417744899e-08,2.0537221414e-08,2.0968463443e-08,2.1909212573e-08,2.3320681540e-08,2.4950497121e-08,2.6525735087e-08,2.7876696734e-08,2.9513762923e-08,3.1499411156e-08,3.3909453014e-08,3.6835832934e-08,4.0390199363e-08,4.4708096288e-08,4.9954142921e-08,5.6328277413e-08,6.4073368922e-08,7.3484432794e-08,8.4919827060e-08,9.8814892111e-08,1.1569842283e-07,1.3621281054e-07,1.6113831848e-07,1.9142280534e-07,2.2821789856e-07,2.7292338417e-07,3.2622282752e-07,5.7068643529e-09,3.0194518316e-05,3.0414936997e-05,3.0221347939e-05,3.0131715265e-05,3.0094224784e-05,3.0079400211e-05,3.0073843261e-05,3.0071864650e-05,3.0071194005e-05,3.0070977079e-05,3.0070910028e-05,3.0070890167e-05,3.0070884464e-05,3.0070882927e-05,3.0070882522e-05,3.0070882417e-05,3.0070882392e-05,3.0070882386e-05,3.0070882384e-05,3.0070882384e-05,3.0070882384e-05,3.0070882384e-05,3.0070882384e-05,3.0070882384e-05,3.0070882384e-05,3.0070882384e-05,3.0070882384e-05,3.0070882384e-05,3.0070882384e-05,3.0070882384e-05,3.0070882384e-05,3.0070882384e-05,3.0070882384e-05,3.0070882384e-05,3.0070882384e-05,3.0070882384e-05,3.0070882384e-05,3.0070882384e-05,3.0070882384e-05,3.0070882384e-05,3.0070882384e-05,3.0070882384e-05,3.0070882384e-05,3.0070882384e-05,3.0070882384e-05,3.0070882384e-05,3.0070882384e-05,3.0070882384e-05,3.0070882384e-05,3.0070882384e-05,3.0070882384e-05,3.0070882384e-05,3.0070882384e-05,3.0070882384e-05,3.0070882384e-05,3.0070882384e-05,3.0070882384e-05,3.0070882384e-05,3.0070882384e-05,3.0070882384e-05,3.0070882384e-05,3.0070882384e-05,3.0070882384e-05,3.0070882384e-05,3.0070882384e-05,3.0070882384e-05,3.0070882384e-05,3.0070882384e-05,3.0070882384e-05,3.0070882384e-05,3.0070882384e-05,3.0070882384e-05,3.0070882384e-05,3.0070882384e-05,3.0070882384e-05,3.0070882384e-05,3.0070882384e-05,3.0070882384e-05,3.0070882384e-05,3.0070882384e-05,3.0070882384e-05,3.0070882384e-05,3.0070882384e-05,3.0070882384e-05,3.0070882384e-05,3.0070882384e-05,3.0070882384e-05,3.0070882384e-05,3.0070882384e-05,3.0070882384e-05,3.0070882384e-05,3.0070882384e-05,3.0070882384e-05,3.0070882384e-05,3.0070882384e-05,3.0070882384e-05,3.0070882384e-05,3.0070882384e-05,3.0070882384e-05,3.0070882384e-05,3.0070882384e-05,3.0070882384e-05,3.0070882384e-05,3.0070882384e-05,3.0070882384e-05,3.0070882384e-05,3.0070882384e-05,3.0070882384e-05,3.0070882384e-05,3.0070882384e-05,3.0070882384e-05,3.0070882384e-05,3.0070882384e-05,3.0070882384e-05,3.0070882384e-05,3.0070882384e-05,3.0070882384e-05,3.0070882384e-05,3.0070882384e-05,3.0070882384e-05,3.0070882384e-05,3.0070882384e-05,3.0070882384e-05,3.0070882384e-05,3.0070882384e-05,3.0070882384e-05,3.0070882384e-05,3.0070882384e-05,3.0070882384e-05,3.0070882384e-05,3.0070882384e-05,3.0070882384e-05,3.0070882384e-05,3.0070882384e-05,3.0070882384e-05,3.0070882384e-05,3.0070882384e-05,3.0070882384e-05,3.0070882384e-05,3.0070882384e-05,3.0070882384e-05,3.0070882384e-05,3.0070882384e-05,3.0070882384e-05,3.0070882384e-05,3.0070882384e-05,3.0070882384e-05,3.0070882384e-05,3.0070882384e-05,3.0070882384e-05,3.0070882384e-05,3.0070882384e-05,3.0070882384e-05,3.0070882384e-05,3.0070882384e-05,3.0070882384e-05,3.0070882384e-05,3.0070882384e-05,3.0070882384e-05,3.0070882384e-05,3.0070882384e-05,3.0070882384e-05,3.0070882384e-05,3.0070882384e-05,3.0070882384e-05,3.0070882384e-05,3.0070882384e-05,3.0070882384e-05,3.0070882384e-05,3.0070882384e-05,3.0070882384e-05,3.0070882389e-05,3.0070882495e-05,3.0070884072e-05,3.0070901305e-05,3.0071041900e-05,3.0071911020e-05,3.0076054057e-05,3.0091622448e-05,3.0138871545e-05,3.0257678643e-05,3.0564971188e-05,3.1344550747e-05,3.3273264095e-05,3.7918200097e-05,4.8793375059e-05,7.3516259065e-05,1.2801992273e-04,2.4439803246e-04,4.8477842229e-04,9.6450601368e-04,1.8885399046e-03,3.6047916092e-03,6.6765493156e-03,1.1972899074e-02,2.0771884609e-02,3.4868100814e-02,5.6676673600e-02,8.9273655129e-02,1.3247753421e-01,6.8309426795e-02,1.2720624058e+00,1.4218487723e+00,1.2010277720e+00,9.2168806130e-01,6.8080970679e-01,4.9365543645e-01,3.5348324108e-01,2.5031447838e-01,1.7532753698e-01,1.2145652989e-01,8.3207799035e-02,5.6375500735e-02,3.7781615418e-02,2.5056282954e-02,1.6456310855e-02,1.0717421725e-02,6.9357775696e-03,4.4745238491e-03,2.8913339787e-03,1.8832231773e-03,1.2452552672e-03,7.2027027893e-04,4.1967011633e-04,3.2055606534e-04,3.0490949334e-04,3.0385499387e-04,3.0382608365e-04,3.0382576549e-04,3.0382576409e-04,3.0382576409e-04,3.0382576409e-04,3.0382576409e-04,3.0382576409e-04,3.0382576409e-04,3.0382576409e-04,3.0382576409e-04,3.0382576409e-04,3.0382576409e-04,3.0382576409e-04,3.0382576409e-04,3.0382576409e-04,3.0382576409e-04,3.0382576409e-04,3.0382576409e-04,3.0382576409e-04,3.0382576409e-04,3.0382576409e-04,3.0382576409e-04,3.0382576409e-04,3.0382576409e-04,3.0382576409e-04,3.0382576409e-04,3.0382576409e-04,3.0382576409e-04,3.0382576409e-04,3.0382576409e-04,3.0382576409e-04,3.0382576409e-04,3.0382576409e-04,3.0382576409e-04,3.0382576409e-04,3.0382576409e-04,3.0382576409e-04,3.0382576409e-04,3.0382576409e-04,3.0382576409e-04,3.0382576409e-04,3.0382576409e-04,3.0382576409e-04,3.0382576409e-04,3.0382576409e-04,3.0382576409e-04,3.0382576409e-04,3.0382576409e-04,3.0382576430e-04,3.0382577386e-04,3.0382593006e-04,3.0382703717e-04,3.0383078442e-04,3.0383794669e-04,3.0384723880e-04,3.0386267965e-04,3.0388825354e-04,3.0393025859e-04,3.0399855458e-04,3.0410839523e-04,3.0428309169e-04,3.0455783504e-04,3.0498507881e-04,3.0564204311e-04,3.0664099438e-04,3.0814310442e-04,3.1037645790e-04,3.1365647964e-04,3.1839230003e-04,3.2498686041e-04,3.3321434374e-04,3.3956728190e-04,3.2855849515e-04,2.5202404487e-04,4.3224523820e-07
2.9468876581e-10,1.5416405410e-07,3.9112305849e-07,3.2673945829e-07,2.7282572338e-07,2.2839955168e-07,1.9178934007e-07,1.6161988520e-07,1.3675834229e-07,1.1627106814e-07,9.9388572460e-08,8.5476640217e-08,7.4012548652e-08,6.4565482586e-08,5.6780346387e-08,5.0364468256e-08,4.5076602360e-08,4.0717877389e-08,3.7124344388e-08,3.4160797869e-08,3.1715720112e-08,2.9697087684e-08,2.8028937357e-08,2.6080358006e-08,2.4058790095e-08,2.2300843336e-08,2.1121900062e-08,2.0576550726e-08,2.0423551748e-08,2.0400404614e-08,2.0398667184e-08,2.0398605487e-08,2.0398604535e-08,2.0398604535e-08,2.0398604535e-08,2.0398604535e-08,2.0398604535e-08,2.0398604535e-08,2.0398604535e-08,2.0398604535e-08,2.0398604535e-08,2.0398604535e-08,2.0398604535e-08,2.0398604535e-08,2.0398604535e-08,2.0398604535e-08,2.0398604535e-08,2.0398604535e-08,2.0398604535e-08,2.0398604535e-08,2.0398604535e-08,2.0398604535e-08,2.0398604535e-08,2.0398604535e-08,2.0398604535e-08,2.0398604535e-08,2.0398604535e-08,2.0398604535e-08,2.0398604535e-08,2.0398604535e-08,2.0398604535e-08,2.0398604535e-08,2.0398604535e-08,2.0398604535e-08,2.0398604535e-08,2.0398604535e-08,2.0398604535e-08,2.0398604535e-08,2.0398604535e-08,2.0398604535e-08,2.0398604535e-08,2.0398604535e-08,2.0398605594e-08,2.0398669262e-08,2.0400466955e-08,2.0424452741e-08,2.0583200566e-08,2.1149685015e-08,2.2375394883e-08,2.4204229550e-08,2.6308229643e-08,2.8336859214e-08,3.0073881714e-08,3.2176181103e-08,3.4722985984e-08,3.7810326660e-08,4.1554547331e-08,4.6096759008e-08,5.1608094049e-08,5.8296163085e-08,6.6412853173e-08,7.6263805942e-08,8.8219897916e-08,1.0273116317e-07,1.2034374279e-07,1.4172034346e-07,1.6766520417e-07,1.9915420083e-07,2.3737168254e-07,2.8375555490e-07,3.4005269227e-07,4.0679851941e-07,6.6612454914e-09,3.7368565114e-05,3.7707611633e-05,3.7383508014e-05,3.7217327915e-05,3.7140100603e-05,3.7105884316e-05,3.7091399261e-05,3.7085533332e-05,3.7083257853e-05,3.7082410999e-05,3.7082108193e-05,3.7082003995e-05,3.7081969364e-05,3.7081958313e-05,3.7081954854e-05,3.7081953832e-05,3.7081953535e-05,3.7081953450e-05,3.7081953427e-05,3.7081953421e-05,3.7081953419e-05,3.7081953419e-05,3.7081953419e-05,3.7081953419e-05,3.7081953419e-05,3.7081953419e-05,3.7081953419e-05,3.7081953419e-05,3.7081953419e-05,3.7081953419e-05,3.7081953419e-05,3.7081953419e-05,3.7081953419e-05,3.7081953419e-05,3.7081953419e-05,3.7081953419e-05,3.7081953419e-05,3.7081953419e-05,3.7081953419e-05,3.7081953419e-05,3.7081953419e-05,3.7081953419e-05,3.7081953419e-05,3.7081953419e-05,3.7081953419e-05,3.7081953419e-05,3.7081953419e-05,3.7081953419e-05,3.7081953419e-05,3.7081953419e-05,3.7081953419e-05,3.7081953419e-05,3.7081953419e-05,3.7081953419e-05,3.7081953419e-05,3.7081953419e-05,3.7081953419e-05,3.7081953419e-05,3.7081953419e-05,3.7081953419e-05,3.7081953419e-05,3.7081953419e-05,3.7081953419e-05,3.7081953419e-05,3.7081953419e-05,3.7081953419e-05,3.7081953419e-05,3.7081953419e-05,3.7081953419e-05,3.7081953419e-05,3.7081953419e-05,3.7081953419e-05,3.7081953419e-05,3.7081953419e-05,3.7081953419e-05,3.7081953419e-05,3.7081953419e-05,3.7081953419e-05,3.7081953419e-05,3.7081953419e-05,3.7081953419e-05,3.7081953419e-05,3.7081953419e-05,3.7081953419e-05,3.7081953419e-05,3.7081953419e-05,3.7081953419e-05,3.7081953419e-05,3.7081953419e-05,3.7081953419e-05,3.7081953419e-05,3.7081953419e-05,3.7081953419e-05,3.7081953419e-05,3.7081953419e-05,3.7081953419e-05,3.7081953419e-05,3.7081953419e-05,3.7081953419e-05,3.7081953419e-05,3.7081953419e-05,3.7081953419e-05,3.7081953419e-05,3.7081953419e-05,3.7081953419e-05,3.7081953419e-05,3.7081953419e-05,3.7081953419e-05,3.7081953419e-05,3.7081953419e-05,3.7081953419e-05,3.7081953419e-05,3.7081953419e-05,3.7081953419e-05,3.7081953419e-05,3.7081953419e-05,3.7081953419e-05,3.7081953419e-05,3.7081953419e-05,3.7081953419e-05,3.7081953419e-05,3.7081953419e-05,3.7081953419e-05,3.7081953419e-05,3.7081953419e-05,3.7081953419e-05,3.7081953419e-05,3.7081953419e-05,3.7081953419e-05,3.7081953419e-05,3.7081953419e-05,3.7081953419e-05,3.7081953419e-05,3.7081953419e-05,3.7081953419e-05,3.7081953419e-05,3.7081953419e-05,3.7081953419e-05,3.7081953419e-05,3.7081953419e-05,3.7081953419e-05,3.7081953419e-05,3.7081953419e-05,3.7081953419e-05,3.7081953419e-05,3.7081953419e-05,3.7081953419e-05,3.7081953419e-05,3.7081953419e-05,3.7081953419e-05,3.7081953419e-05,3.7081953419e-05,3.7081953419e-05,3.7081953419e-05,3.7081953419e-05,3.7081953419e-05,3.7081953419e-05,3.7081953419e-05,3.7081953419e-05,3.7081953419e-05,3.7081953419e-05,3.7081953419e-05,3.7081953419e-05,3.7081953419e-05,3.7081953419e-05,3.7081953419e-05,3.7081953419e-05,3.7081953419e-05,3.7081953419e-05,3.7081953419e-05,3.7081953432e-05,3.7081953700e-05,3.7081957928e-05,3.7082006547e-05,3.7082422425e-05,3.7085102256e-05,3.7098340553e-05,3.7149563855e-05,3.7308654013e-05,3.7715707207e-05,3.8596237416e-05,4.0586183111e-05,4.5002636265e-05,5.4584770578e-05,7.4876197396e-05,1.1677234280e-04,2.0103666579e-04,3.6597969840e-04,6.7993940348e-04,1.2605968359e-03,2.3033267174e-03,4.1204869721e-03,7.1926117910e-03,1.2230934351e-02,2.0249000208e-02,3.2640298632e-02,5.1259962648e-02,7.8510739096e-02,1.1733075954e-01,1.6533934789e-01,6.8537983895e-02,1.4397416267e+00,1.7040454685e+00,1.5116708981e+00,1.2074115783e+00,9.2309449682e-01,6.9165917028e-01,5.1225838615e-01,3.7599042303e-01,2.7366386753e-01,1.9752286081e-01,1.4136079000e-01,1.0030255024e-01,7.0559344253e-02,4.9213730323e-02,3.4040257279e-02,2.3357925000e-02,1.5909874143e-02,1.0766144702e-02,7.2458548355e-03,4.8555930206e-03,3.2412088180e-03,1.7860881701e-03,8.2507245906e-04,4.3570278586e-04,3.5641983596e-04,3.4938002513e-04,3.4912477078e-04,3.4912106777e-04,3.4912104633e-04,3.4912104629e-04,3.4912104629e-04,3.4912104629e-04,3.4912104629e-04,3.4912104629e-04,3.4912104629e-04,3.4912104629e-04,3.4912104629e-04,3.4912104629e-04,3.4912104629e-04,3.4912104629e-04,3.4912104629e-04,3.4912104629e-04,3.4912104629e-04,3.4912104629e-04,3.4912104629e-04,3.4912104629e-04,3.4912104629e-04,3.4912104629e-04,3.4912104629e-04,3.4912104629e-04,3.4912104629e-04,3.4912104629e-04,3.4912104629e-04,3.4912104629e-04,3.4912104629e-04,3.4912104629e-04,3.4912104629e-04,3.4912104629e-04,3.4912104629e-04,3.4912104629e-04,3.4912104629e-04,3.4912104629e-04,3.4912104629e-04,3.4912104629e-04,3.4912104629e-04,3.4912104629e-04,3.4912104629e-04,3.4912104629e-04,3.4912104629e-04,3.4912104629e-04,3.4912104629e-04,3.4912104629e-04,3.4912104629e-04,3.4912104631e-04,3.4912104919e-04,3.4912113683e-04,3.4912224361e-04,3.4912837320e-04,3.4914529205e-04,3.4917325507e-04,3.4920624668e-04,3.4925744664e-04,3.4933666088e-04,3.4945842066e-04,3.4964408143e-04,3.4992475678e-04,3.5034534214e-04,3.5097000382e-04,3.5188956922e-04,3.5323136786e-04,3.5517219176e-04,3.5795490887e-04,3.6190808884e-04,3.6746086040e-04,3.7511127203e-04,3.8516969714e-04,3.9664466579e-04,4.0349651665e-04,3.8478932606e-04,2.8609171446e-04,5.7686140478e-07
3.5466149486e-10,1.8407958818e-07,4.6601938871e-07,3.8909439143e-07,3.2443031009e-07,2.7110979374e-07,2.2713879847e-07,1.9087708771e-07,1.6097309105e-07,1.3631223147e-07,1.1597527070e-07,9.9204049373e-08,8.5373253044e-08,7.3967147482e-08,6.4560342416e-08,5.6801979791e-08,5.0402641491e-08,4.5123574149e-08,4.0767803259e-08,3.7172770344e-08,3.4204300056e-08,3.1751583510e-08,2.9723088389e-08,2.7351123462e-08,2.4886443261e-08,2.2738078439e-08,2.1292172264e-08,2.0619855560e-08,2.0429887669e-08,2.0400885499e-08,2.0398684941e-08,2.0398605805e-08,2.0398604572e-08,2.0398604571e-08,2.0398604571e-08,2.0398604571e-08,2.0398604571e-08,2.0398604571e-08,2.0398604571e-08,2.0398604571e-08,2.0398604571e-08,2.0398604571e-08,2.0398604571e-08,2.0398604571e-08,2.0398604571e-08,2.0398604571e-08,2.0398604571e-08,2.0398604571e-08,2.0398604571e-08,2.0398604571e-08,2.0398604571e-08,2.0398604571e-08,2.0398604571e-08,2.0398604571e-08,2.0398604571e-08,2.0398604571e-08,2.0398604571e-08,2.0398604571e-08,2.0398604571e-08,2.0398604571e-08,2.0398604571e-08,2.0398604571e-08,2.0398604571e-08,2.0398604571e-08,2.0398604571e-08,2.0398604571e-08,2.0398604571e-08,2.0398604571e-08,2.0398604571e-08,2.0398604571e-08,2.0398604571e-08,2.0398604572e-08,2.0398605990e-08,2.0398688317e-08,2.0400984589e-08,2.0431295304e-08,2.0630096863e-08,2.1334485524e-08,2.2850710151e-08,2.5104988835e-08,2.7692308430e-08,3.0183033412e-08,3.2313514702e-08,3.4889944117e-08,3.8008620483e-08,4.1786169403e-08,4.6363791092e-08,5.1912610070e-08,5.8640010464e-08,6.6797393798e-08,7.6689561575e-08,8.8686090570e-08,1.0323512091e-07,1.2088006134e-07,1.4227989180e-07,1.6823369799e-07,1.9971053724e-07,2.3788550377e-07,2.8418384114e-07,3.4033539893e-07,4.0844134423e-07,4.8875931145e-07,7.6507060613e-09,4.4554608581e-05,4.5046723837e-05,4.4559079443e-05,4.4288873373e-05,4.4153120905e-05,4.4087683747e-05,4.4057356729e-05,4.4043834631e-05,4.4038029255e-05,4.4035626960e-05,4.4034667795e-05,4.4034297817e-05,4.4034159724e-05,4.4034109884e-05,4.4034092360e-05,4.4034086410e-05,4.4034084441e-05,4.4034083814e-05,4.4034083617e-05,4.4034083557e-05,4.4034083538e-05,4.4034083533e-05,4.4034083531e-05,4.4034083531e-05,4.4034083531e-05,4.4034083531e-05,4.4034083531e-05,4.4034083531e-05,4.4034083531e-05,4.4034083531e-05,4.4034083531e-05,4.4034083531e-05,4.4034083531e-05,4.4034083531e-05,4.4034083531e-05,4.4034083531e-05,4.4034083531e-05,4.4034083531e-05,4.4034083531e-05,4.4034083531e-05,4.4034083531e-05,4.4034083531e-05,4.4034083531e-05,4.4034083531e-05,4.4034083531e-05,4.4034083531e-05,4.4034083531e-05,4.4034083531e-05,4.4034083531e-05,4.4034083531e-05,4.4034083531e-05,4.4034083531e-05,4.4034083531e-05,4.4034083531e-05,4.4034083531e-05,4.4034083531e-05,4.4034083531e-05,4.4034083531e-05,4.4034083531e-05,4.4034083531e-05,4.4034083531e-05,4.4034083531e-05,4.4034083531e-05,4.4034083531e-05,4.4034083531e-05,4.4034083531e-05,4.4034083531e-05,4.4034083531e-05,4.4034083531e-05,4.4034083531e-05,4.4034083531e-05,4.4034083531e-05,4.4034083531e-05,4.4034083531e-05,4.4034083531e-05,4.4034083531e-05,4.4034083531e-05,4.4034083531e-05,4.4034083531e-05,4.4034083531e-05,4.4034083531e-05,4.4034083531e-05,4.4034083531e-05,4.4034083531e-05,4.4034083531e-05,4.4034083531e-05,4.4034083531e-05,4.4034083531e-05,4.4034083531e-05,4.4034083531e-05,4.4034083531e-05,4.4034083531e-05,4.4034083531e-05,4.4034083531e-05,4.4034083531e-05,4.4034083531e-05,4.4034083531e-05,4.4034083531e-05,4.4034083531e-05,4.4034083531e-05,4.4034083531e-05,4.4034083531e-05,4.4034083531e-05,4.4034083531e-05,4.4034083531e-05,4.4034083531e-05,4.4034083531e-05,4.4034083531e-05,4.4034083531e-05,4.4034083531e-05,4.4034083531e-05,4.4034083531e-05,4.4034083531e-05,4.4034083531e-05,4.4034083531e-05,4.4034083531e-05,4.4034083531e-05,4.4034083531e-05,4.4034083531e-05,4.4034083531e-05,4.4034083531e-05,4.4034083531e-05,4.4034083531e-05,4.4034083531e-05,4.4034083531e-05,4.4034083531e-05,4.4034083531e-05,4.4034083531e-05,4.4034083531e-05,4.4034083531e-05,4.4034083531e-05,4.4034083531e-05,4.4034083531e-05,4.4034083531e-05,4.4034083531e-05,4.4034083531e-05,4.4034083531e-05,4.4034083531e-05,4.4034083531e-05,4.4034083531e-05,4.4034083531e-05,4.4034083531e-05,4.4034083531e-05,4.4034083531e-05,4.4034083531e-05,4.4034083531e-05,4.4034083531e-05,4.4034083531e-05,4.4034083531e-05,4.4034083531e-05,4.4034083531e-05,4.4034083531e-05,4.4034083531e-05,4.4034083531e-05,4.4034083531e-05,4.4034083531e-05,4.4034083531e-05,4.4034083531e-05,4.4034083531e-05,4.4034083531e-05,4.4034083531e-05,4.4034083531e-05,4.4034083531e-05,4.4034083531e-05,4.4034083531e-05,4.4034083531e-05,4.4034083531e-05,4.4034083531e-05,4.4034083532e-05,4.4034083545e-05,4.4034083866e-05,4.4034089425e-05,4.4034159764e-05,4.4034817287e-05,4.4039414928e-05,4.4063859689e-05,4.4164733192e-05,4.4495680257e-05,4.5381848082e-05,4.7370825190e-05,5.1209534846e-05,5.9046116935e-05,7.4775386901e-05,1.0570517070e-04,1.6520779160e-04,2.7710564822e-04,4.8266281089e-04,8.5129789670e-04,1.4963148556e-03,2.5969732611e-03,4.4279893001e-03,7.3970236307e-03,1.2089953174e-02,1.9323025068e-02,3.0200843189e-02,4.6180090972e-02,6.9141195633e-02,1.0147042543e-01,1.4597952939e-01,1.9778930008e-01,6.8784343094e-02,1.5834341273e+00,1.9576477476e+00,1.8053398335e+00,1.4889490834e+00,1.1691902237e+00,8.9747672528e-01,6.8072295171e-01,5.1218768128e-01,3.8275041048e-01,2.8413899932e-01,2.0953279398e-01,1.5347289290e-01,1.1164240094e-01,8.0653202109e-02,5.7864130260e-02,4.1230554101e-02,2.9181109380e-02,2.0517228549e-02,1.4331695204e-02,9.9430245273e-03,6.8429708198e-03,3.8678261919e-03,1.6955896913e-03,6.7107563031e-04,4.1659866295e-04,3.8835213546e-04,3.8706323357e-04,3.8703973226e-04,3.8703956176e-04,3.8703956128e-04,3.8703956128e-04,3.8703956128e-04,3.8703956128e-04,3.8703956128e-04,3.8703956128e-04,3.8703956128e-04,3.8703956128e-04,3.8703956128e-04,3.8703956128e-04,3.8703956128e-04,3.8703956128e-04,3.8703956128e-04,3.8703956128e-04,3.8703956128e-04,3.8703956128e-04,3.8703956128e-04,3.8703956128e-04,3.8703956128e-04,3.8703956128e-04,3.8703956128e-04,3.8703956128e-04,3.8703956128e-04,3.8703956128e-04,3.8703956128e-04,3.8703956128e-04,3.8703956128e-04,3.8703956128e-04,3.8703956128e-04,3.8703956128e-04,3.8703956128e-04,3.8703956128e-04,3.8703956128e-04,3.8703956128e-04,3.8703956128e-04,3.8703956128e-04,3.8703956128e-04,3.8703956128e-04,3.8703956128e-04,3.8703956128e-04,3.8703956128e-04,3.8703956128e-04,3.8703956128e-04,3.8703956128e-04,3.8703956156e-04,3.8703958049e-04,3.8704004070e-04,3.8704472245e-04,3.8706607487e-04,3.8711663881e-04,3.8719188902e-04,3.8727490333e-04,3.8739764618e-04,3.8757863825e-04,3.8784412122e-04,3.8823103806e-04,3.8879103440e-04,3.8959577179e-04,3.9074393400e-04,3.9237039013e-04,3.9465805524e-04,3.9785299421e-04,4.0228270887e-04,4.0837411231e-04,4.1665221333e-04,4.2764040528e-04,4.4138583935e-04,4.5580974169e-04,4.6209244403e-04,4.3454357639e-04,3.1488674532e-04,7.3313558435e-07
4.1122073150e-10,2.1185782975e-07,5.3537364995e-07,4.4689870565e-07,3.7226858528e-07,3.1070363684e-07,2.5990998291e-07,2.1800130807e-07,1.8342326939e-07,1.5489362037e-07,1.3135435912e-07,1.1193247234e-07,9.5907576683e-08,8.2685239576e-08,7.1774928117e-08,6.2771856793e-08,5.5341959426e-08,4.9209519501e-08,4.4146949864e-08,3.9966340243e-08,3.6512510134e-08,3.3657239557e-08,3.1294562627e-08,2.8529932978e-08,2.5654266981e-08,2.3143754014e-08,2.1450180978e-08,2.0660050471e-08,2.0435770157e-08,2.0401332079e-08,2.0398701358e-08,2.0398606098e-08,2.0398604573e-08,2.0398604572e-08,2.0398604572e-08,2.0398604572e-08,2.0398604572e-08,2.0398604572e-08,2.0398604572e-08,2.0398604572e-08,2.0398604572e-08,2.0398604572e-08,2.0398604572e-08,2.0398604572e-08,2.0398604572e-08,2.0398604572e-08,2.0398604572e-08,2.0398604572e-08,2.0398604572e-08,2.0398604572e-08,2.0398604572e-08,2.0398604572e-08,2.0398604572e-08,2.0398604572e-08,2.0398604572e-08,2.0398604572e-08,2.0398604572e-08,2.0398604572e-08,2.0398604572e-08,2.0398604572e-08,2.0398604572e-08,2.0398604572e-08,2.0398604572e-08,2.0398604572e-08,2.0398604572e-08,2.0398604572e-08,2.0398604572e-08,2.0398604572e-08,2.0398604572e-08,2.0398604572e-08,2.0398604572e-08,2.0398604573e-08,2.0398606304e-08,2.0398706304e-08,2.0401473536e-08,2.0437756314e-08,2.0674366838e-08,2.1508900442e-08,2.3299243622e-08,2.5954902314e-08,2.8998163769e-08,3.1924781677e-08,3.4426396405e-08,3.7450039688e-08,4.1108103866e-08,4.5536635913e-08,5.0900269901e-08,5.7398429043e-08,6.5272672423e-08,7.4815688223e-08,8.6382160513e-08,1.0040193778e-07,1.1739599437e-07,1.3799575372e-07,1.6296656253e-07,1.9323604993e-07,2.2992862737e-07,2.7440717274e-07,3.2832408358e-07,3.9368487276e-07,4.7292540356e-07,5.6592444866e-07,8.5993032336e-09,5.1223135668e-05,5.1890867247e-05,5.1223463299e-05,5.0831611629e-05,5.0623319507e-05,5.0516608342e-05,5.0463801573e-05,5.0438551191e-05,5.0426878632e-05,5.0421658705e-05,5.0419398657e-05,5.0418450449e-05,5.0418064523e-05,5.0417912106e-05,5.0417853537e-05,5.0417831623e-05,5.0417823703e-05,5.0417820849e-05,5.0417819880e-05,5.0417819552e-05,5.0417819444e-05,5.0417819406e-05,5.0417819396e-05,5.0417819394e-05,5.0417819394e-05,5.0417819394e-05,5.0417819394e-05,5.0417819394e-05,5.0417819394e-05,5.0417819394e-05,5.0417819394e-05,5.0417819394e-05,5.0417819394e-05,5.0417819394e-05,5.0417819394e-05,5.0417819394e-05,5.0417819394e-05,5.0417819394e-05,5.0417819394e-05,5.0417819394e-05,5.0417819394e-05,5.0417819394e-05,5.0417819394e-05,5.0417819394e-05,5.0417819394e-05,5.0417819394e-05,5.0417819394e-05,5.0417819394e-05,5.0417819394e-05,5.0417819394e-05,5.0417819394e-05,5.0417819394e-05,5.0417819394e-05,5.0417819394e-05,5.0417819394e-05,5.0417819394e-05,5.0417819394e-05,5.0417819394e-05,5.0417819394e-05,5.0417819394e-05,5.0417819394e-05,5.0417819394e-05,5.0417819394e-05,5.0417819394e-05,5.0417819394e-05,5.0417819394e-05,5.0417819394e-05,5.0417819394e-05,5.0417819394e-05,5.0417819394e-05,5.0417819394e-05,5.0417819394e-05,5.0417819394e-05,5.0417819394e-05,5.0417819394e-05,5.0417819394e-05,5.0417819394e-05,5.0417819394e-05,5.0417819394e-05,5.0417819394e-05,5.0417819394e-05,5.0417819394e-05,5.0417819394e-05,5.0417819394e-05,5.0417819394e-05,5.0417819394e-05,5.0417819394e-05,5.0417819394e-05,5.0417819394e-05,5.0417819394e-05,5.0417819394e-05,5.0417819394e-05,5.0417819394e-05,5.0417819394e-05,5.0417819394e-05,5.0417819394e-05,5.0417819394e-05,5.0417819394e-05,5.0417819394e-05,5.0417819394e-05,5.0417819394e-05,5.0417819394e-05,5.0417819394e-05,5.0417819394e-05,5.0417819394e-05,5.0417819394e-05,5.0417819394e-05,5.0417819394e-05,5.0417819394e-05,5.0417819394e-05,5.0417819394e-05,5.0417819394e-05,5.0417819394e-05,5.0417819394e-05,5.0417819394e-05,5.0417819394e-05,5.0417819394e-05,5.0417819394e-05,5.0417819394e-05,5.0417819394e-05,5.0417819394e-05,5.0417819394e-05,5.0417819394e-05,5.0417819394e-05,5.0417819394e-05,5.0417819394e-05,5.0417819394e-05,5.0417819394e-05,5.0417819394e-05,5.0417819394e-05,5.0417819394e-05,5.0417819394e-05,5.0417819394e-05,5.0417819394e-05,5.0417819394e-05,5.0417819394e-05,5.0417819394e-05,5.0417819394e-05,5.0417819394e-05,5.0417819394e-05,5.0417819394e-05,5.0417819394e-05,5.0417819394e-05,5.0417819394e-05,5.0417819394e-05,5.0417819394e-05,5.0417819394e-05,5.0417819394e-05,5.0417819394e-05,5.0417819394e-05,5.0417819394e-05,5.0417819394e-05,5.0417819394e-05,5.0417819394e-05,5.0417819394e-05,5.0417819394e-05,5.0417819394e-05,5.0417819394e-05,5.0417819394e-05,5.0417819394e-05,5.0417819394e-05,5.0417819394e-05,5.0417819394e-05,5.0417819394e-05,5.0417819394e-05,5.0417819394e-05,5.0417819394e-05,5.0417819394e-05,5.0417819401e-05,5.0417819582e-05,5.0417823223e-05,5.0417876136e-05,5.0418441246e-05,5.0422919839e-05,5.0449645169e-05,5.0572007218e-05,5.1011799284e-05,5.2285143778e-05,5.5336743083e-05,6.1553593896e-05,7.2590053241e-05,9.3509401304e-05,1.3253492604e-04,2.0398298804e-04,3.3220543346e-04,5.5761402183e-04,9.4556915289e-04,1.5990119267e-03,2.6757159888e-03,4.4108867083e-03,7.1455273117e-03,1.1360586230e-02,1.7716567605e-02,2.7098306568e-02,4.0665299703e-02,5.9909538705e-02,8.6725023254e-02,1.2349029538e-01,1.7290192004e-01,2.2749042865e-01,6.9027471170e-02,1.7001256211e+00,2.1706964861e+00,2.0619086200e+00,1.7435109504e+00,1.3975639590e+00,1.0921223980e+00,8.4246578803e-01,6.4481228108e-01,4.9057409532e-01,3.7118312969e-01,2.7932326024e-01,2.0903812600e-01,1.5555978495e-01,1.1510164298e-01,8.4673222337e-02,6.1925105785e-02,4.5021419054e-02,3.2535588785e-02,2.3365438121e-02,1.6664281153e-02,1.1785253434e-02,6.9002669608e-03,3.0804537863e-03,1.0745799535e-03,4.9696669299e-04,4.2079879354e-04,4.1663512326e-04,4.1654414395e-04,4.1654335483e-04,4.1654335211e-04,4.1654335211e-04,4.1654335211e-04,4.1654335211e-04,4.1654335211e-04,4.1654335211e-04,4.1654335211e-04,4.1654335211e-04,4.1654335211e-04,4.1654335211e-04,4.1654335211e-04,4.1654335211e-04,4.1654335211e-04,4.1654335211e-04,4.1654335211e-04,4.1654335211e-04,4.1654335211e-04,4.1654335211e-04,4.1654335211e-04,4.1654335211e-04,4.1654335211e-04,4.1654335211e-04,4.1654335211e-04,4.1654335211e-04,4.1654335211e-04,4.1654335211e-04,4.1654335211e-04,4.1654335211e-04,4.1654335211e-04,4.1654335211e-04,4.1654335211e-04,4.1654335211e-04,4.1654335211e-04,4.1654335211e-04,4.1654335211e-04,4.1654335211e-04,4.1654335211e-04,4.1654335211e-04,4.1654335211e-04,4.1654335211e-04,4.1654335211e-04,4.1654335211e-04,4.1654335211e-04,4.1654335212e-04,4.1654335356e-04,4.1654342858e-04,4.1654496388e-04,4.1655816893e-04,4.1661018618e-04,4.1672044615e-04,4.1687289290e-04,4.1703341219e-04,4.1726289753e-04,4.1759020592e-04,4.1805499877e-04,4.1871151760e-04,4.1963351427e-04,4.2092066926e-04,4.2270687434e-04,4.2517086543e-04,4.2854968873e-04,4.3315529033e-04,4.3939294211e-04,4.4777334258e-04,4.5888397860e-04,4.7319855516e-04,4.9036277104e-04,5.0707029676e-04,5.1190370288e-04,4.7551543917e-04,3.3770136287e-04,8.8713563281e-07
4.7671721100e-10,2.4350768290e-07,6.1416480285e-07,5.1264473512e-07,4.2667873220e-07,3.5573745934e-07,2.9718493246e-07,2.4885435690e-07,2.0896068964e-07,1.7603103480e-07,1.4884963374e-07,1.2641289496e-07,1.0789234707e-07,9.2604080947e-08,7.9983494292e-08,6.9564481858e-08,6.0962209498e-08,5.3858925856e-08,4.7992232962e-08,4.3145389776e-08,3.9139324866e-08,3.5826018660e-08,3.3083085743e-08,2.9871634771e-08,2.6528266358e-08,2.3605584894e-08,2.1630094165e-08,2.0705828490e-08,2.0442471746e-08,2.0401841003e-08,2.0398720155e-08,2.0398606397e-08,2.0398604573e-08,2.0398604572e-08,2.0398604572e-08,2.0398604572e-08,2.0398604572e-08,2.0398604572e-08,2.0398604572e-08,2.0398604572e-08,2.0398604572e-08,2.0398604572e-08,2.0398604572e-08,2.0398604572e-08,2.0398604572e-08,2.0398604572e-08,2.0398604572e-08,2.0398604572e-08,2.0398604572e-08,2.0398604572e-08,2.0398604572e-08,2.0398604572e-08,2.0398604572e-08,2.0398604572e-08,2.0398604572e-08,2.0398604572e-08,2.0398604572e-08,2.0398604572e-08,2.0398604572e-08,2.0398604572e-08,2.0398604572e-08,2.0398604572e-08,2.0398604572e-08,2.0398604572e-08,2.0398604572e-08,2.0398604572e-08,2.0398604572e-08,2.0398604572e-08,2.0398604572e-08,2.0398604572e-08,2.0398604572e-08,2.0398604573e-08,2.0398606692e-08,2.0398727137e-08,2.0402040675e-08,2.0445247941e-08,2.0725684366e-08,2.1711037114e-08,2.3818982809e-08,2.6939629545e-08,3.0511036930e-08,3.3942546114e-08,3.6874022151e-08,4.0415630248e-08,4.4698394003e-08,4.9880844983e-08,5.6154748489e-08,6.3752286484e-08,7.2954582399e-08,8.4102114010e-08,9.7607310481e-08,1.1396978276e-07,1.3379480982e-07,1.5781568579e-07,1.8692086627e-07,2.2218675046e-07,2.6491755049e-07,3.1669350118e-07,3.7943007024e-07,4.5545253751e-07,5.4758492686e-07,6.5512602028e-07,9.7162384445e-09,5.8820299402e-05,5.9730466283e-05,5.8827166516e-05,5.8266962995e-05,5.7953442495e-05,5.7783659931e-05,5.7694468614e-05,5.7649009051e-05,5.7626522987e-05,5.7615724641e-05,5.7610687408e-05,5.7608403528e-05,5.7607396191e-05,5.7606963910e-05,5.7606783041e-05,5.7606709277e-05,5.7606679987e-05,5.7606668588e-05,5.7606664244e-05,5.7606662631e-05,5.7606662048e-05,5.7606661828e-05,5.7606661760e-05,5.7606661743e-05,5.7606661740e-05,5.7606661739e-05,5.7606661739e-05,5.7606661739e-05,5.7606661739e-05,5.7606661739e-05,5.7606661739e-05,5.7606661739e-05,5.7606661739e-05,5.7606661739e-05,5.7606661739e-05,5.7606661739e-05,5.7606661739e-05,5.7606661739e-05,5.7606661739e-05,5.7606661739e-05,5.7606661739e-05,5.7606661739e-05,5.7606661739e-05,5.7606661739e-05,5.7606661739e-05,5.7606661739e-05,5.7606661739e-05,5.7606661739e-05,5.7606661739e-05,5.7606661739e-05,5.7606661739e-05,5.7606661739e-05,5.7606661739e-05,5.7606661739e-05,5.7606661739e-05,5.7606661739e-05,5.7606661739e-05,5.7606661739e-05,5.7606661739e-05,5.7606661739e-05,5.7606661739e-05,5.7606661739e-05,5.7606661739e-05,5.7606661739e-05,5.7606661739e-05,5.7606661739e-05,5.7606661739e-05,5.7606661739e-05,5.7606661739e-05,5.7606661739e-05,5.7606661739e-05,5.7606661739e-05,5.7606661739e-05,5.7606661739e-05,5.7606661739e-05,5.7606661739e-05,5.7606661739e-05,5.7606661739e-05,5.7606661739e-05,5.7606661739e-05,5.7606661739e-05,5.7606661739e-05,5.7606661739e-05,5.7606661739e-05,5.7606661739e-05,5.7606661739e-05,5.7606661739e-05,5.7606661739e-05,5.7606661739e-05,5.7606661739e-05,5.7606661739e-05,5.7606661739e-05,5.7606661739e-05,5.7606661739e-05,5.7606661739e-05,5.7606661739e-05,5.7606661739e-05,5.7606661739e-05,5.7606661739e-05,5.7606661739e-05,5.7606661739e-05,5.7606661739e-05,5.7606661739e-05,5.7606661739e-05,5.7606661739e-05,5.7606661739e-05,5.7606661739e-05,5.7606661739e-05,5.7606661739e-05,5.7606661739e-05,5.7606661739e-05,5.7606661739e-05,5.7606661739e-05,5.7606661739e-05,5.7606661739e-05,5.7606661739e-05,5.7606661739e-05,5.7606661739e-05,5.7606661739e-05,5.7606661739e-05,5.7606661739e-05,5.7606661739e-05,5.7606661739e-05,5.7606661739e-05,5.7606661739e-05,5.7606661739e-05,5.7606661739e-05,5.7606661739e-05,5.7606661739e-05,5.7606661739e-05,5.7606661739e-05,5.7606661739e-05,5.7606661739e-05,5.7606661739e-05,5.7606661739e-05,5.7606661739e-05,5.7606661739e-05,5.7606661739e-05,5.7606661739e-05,5.7606661739e-05,5.7606661739e-05,5.7606661739e-05,5.7606661739e-05,5.7606661739e-05,5.7606661739e-05,5.7606661739e-05,5.7606661739e-05,5.7606661739e-05,5.7606661739e-05,5.7606661739e-05,5.7606661739e-05,5.7606661739e-05,5.7606661739e-05,5.7606661739e-05,5.7606661739e-05,5.7606661739e-05,5.7606661739e-05,5.7606661739e-05,5.7606661739e-05,5.7606661739e-05,5.7606661739e-05,5.7606661739e-05,5.7606661739e-05,5.7606661739e-05,5.7606661739e-05,5.7606661739e-05,5.7606661739e-05,5.7606661742e-05,5.7606661833e-05,5.7606663949e-05,5.7606699438e-05,5.7607133882e-05,5.7611053708e-05,5.7637446018e-05,5.7772313634e-05,5.8306664387e-05,5.9989746524e-05,6.4320550126e-05,7.3678550547e-05,9.1109506876e-05,1.1976842513e-04,1.7052354015e-04,2.5908678226e-04,4.1100766702e-04,6.6695570458e-04,1.0902281676e-03,1.7770755056e-03,2.8704183217e-03,4.5774294494e-03,7.1912766142e-03,1.1117114015e-02,1.6902282798e-02,2.5270795161e-02,3.7162718842e-02,5.3780175141e-02,7.6643279906e-02,1.0766105690e-01,1.4921480722e-01,2.0386109525e-01,2.6086109651e-01,6.9320485164e-02,1.8176607755e+00,2.3910780445e+00,2.3361480999e+00,2.0240476548e+00,1.6554202129e+00,1.3158213289e+00,1.0308124369e+00,8.0097189191e-01,6.1891785033e-01,4.7601179751e-01,3.6447579045e-01,2.7782961870e-01,2.1081814185e-01,1.5922479726e-01,1.1968503952e-01,8.9525369233e-02,6.6629799998e-02,4.9330356635e-02,3.6317650055e-02,2.6568024624e-02,1.9284381404e-02,1.1724556493e-02,5.4550426152e-03,1.8365400890e-03,6.4261015850e-04,4.5694311603e-04,4.4483448975e-04,4.4451822195e-04,4.4451494850e-04,4.4451493505e-04,4.4451493503e-04,4.4451493503e-04,4.4451493503e-04,4.4451493503e-04,4.4451493503e-04,4.4451493503e-04,4.4451493503e-04,4.4451493503e-04,4.4451493503e-04,4.4451493503e-04,4.4451493503e-04,4.4451493503e-04,4.4451493503e-04,4.4451493503e-04,4.4451493503e-04,4.4451493503e-04,4.4451493503e-04,4.4451493503e-04,4.4451493503e-04,4.4451493503e-04,4.4451493503e-04,4.4451493503e-04,4.4451493503e-04,4.4451493503e-04,4.4451493503e-04,4.4451493503e-04,4.4451493503e-04,4.4451493503e-04,4.4451493503e-04,4.4451493503e-04,4.4451493503e-04,4.4451493503e-04,4.4451493503e-04,4.4451493503e-04,4.4451493503e-04,4.4451493503e-04,4.4451493503e-04,4.4451493503e-04,4.4451493503e-04,4.4451493503e-04,4.4451493503e-04,4.4451493503e-04,4.4451493508e-04,4.4451494135e-04,4.4451520870e-04,4.4451982234e-04,4.4455356948e-04,4.4466945212e-04,4.4489170924e-04,4.4517967960e-04,4.4547077260e-04,4.4587482918e-04,4.4643456781e-04,4.4720721061e-04,4.4826910341e-04,4.4972163826e-04,4.5169882902e-04,4.5437692559e-04,4.5798653432e-04,4.6282759271e-04,4.6928681323e-04,4.7785382759e-04,4.8911974163e-04,5.0370107476e-04,5.2191775145e-04,5.4278846949e-04,5.6144514078e-04,5.6365795770e-04,5.1679747903e-04,3.5986844618e-04,1.0718847775e-06
5.5256315733e-10,2.7947767990e-07,7.0340662035e-07,5.8721292962e-07,4.8838876212e-07,4.0681380328e-07,3.3946279784e-07,2.8384987707e-07,2.3792816833e-07,2.0000859917e-07,1.6869657116e-07,1.4284047194e-07,1.2148929648e-07,1.0385769912e-07,8.9297103815e-08,7.7271879383e-08,6.7339631577e-08,5.9134945800e-08,5.2355950664e-08,4.6753210945e-08,4.2120563006e-08,3.8287531349e-08,3.5113109963e-08,3.1394608467e-08,2.7520448481e-08,2.4129942879e-08,2.1834409143e-08,2.0757830349e-08,2.0450087193e-08,2.0402419541e-08,2.0398741474e-08,2.0398606773e-08,2.0398604573e-08,2.0398604572e-08,2.0398604572e-08,2.0398604572e-08,2.0398604572e-08,2.0398604572e-08,2.0398604572e-08,2.0398604572e-08,2.0398604572e-08,2.0398604572e-08,2.0398604572e-08,2.0398604572e-08,2.0398604572e-08,2.0398604572e-08,2.0398604572e-08,2.0398604572e-08,2.0398604572e-08,2.0398604572e-08,2.0398604572e-08,2.0398604572e-08,2.0398604572e-08,2.0398604572e-08,2.0398604572e-08,2.0398604572e-08,2.0398604572e-08,2.0398604572e-08,2.0398604572e-08,2.0398604572e-08,2.0398604572e-08,2.0398604572e-08,2.0398604572e-08,2.0398604572e-08,2.0398604572e-08,2.0398604572e-08,2.0398604572e-08,2.0398604572e-08,2.0398604572e-08,2.0398604572e-08,2.0398604572e-08,2.0398604573e-08,2.0398607123e-08,2.0398751314e-08,2.0402698680e-08,2.0453936436e-08,2.0785181203e-08,2.1945331658e-08,2.4421292730e-08,2.8080648943e-08,3.2263870486e-08,3.6280210969e-08,3.9709584969e-08,4.3851115204e-08,4.8857396097e-08,5.4912990771e-08,6.2241071475e-08,7.1111742087e-08,8.1851925017e-08,9.4857417079e-08,1.1060747963e-07,1.2968247486e-07,1.5278525148e-07,1.8076700190e-07,2.1465865285e-07,2.5570877193e-07,3.0542965052e-07,3.6565312301e-07,4.3859940994e-07,5.2696498786e-07,6.3402387555e-07,7.5821454576e-07,1.1033986429e-08,6.7458272407e-05,6.8702464213e-05,6.7493118414e-05,6.6702916389e-05,6.6239396586e-05,6.5975418318e-05,6.5829011032e-05,6.5749930112e-05,6.5708326507e-05,6.5687004773e-05,6.5676356147e-05,6.5671171734e-05,6.5668709633e-05,6.5667568792e-05,6.5667052498e-05,6.5666824170e-05,6.5666725521e-05,6.5666683842e-05,6.5666666500e-05,6.5666659495e-05,6.5666656696e-05,6.5666655524e-05,6.5666655123e-05,6.5666655009e-05,6.5666654983e-05,6.5666654979e-05,6.5666654978e-05,6.5666654978e-05,6.5666654978e-05,6.5666654978e-05,6.5666654978e-05,6.5666654978e-05,6.5666654978e-05,6.5666654978e-05,6.5666654978e-05,6.5666654978e-05,6.5666654978e-05,6.5666654978e-05,6.5666654978e-05,6.5666654978e-05,6.5666654978e-05,6.5666654978e-05,6.5666654978e-05,6.5666654978e-05,6.5666654978e-05,6.5666654978e-05,6.5666654978e-05,6.5666654978e-05,6.5666654978e-05,6.5666654978e-05,6.5666654978e-05,6.5666654978e-05,6.5666654978e-05,6.5666654978e-05,6.5666654978e-05,6.5666654978e-05,6.5666654978e-05,6.5666654978e-05,6.5666654978e-05,6.5666654978e-05,6.5666654978e-05,6.5666654978e-05,6.5666654978e-05,6.5666654978e-05,6.5666654978e-05,6.5666654978e-05,6.5666654978e-05,6.5666654978e-05,6.5666654978e-05,6.5666654978e-05,6.5666654978e-05,6.5666654978e-05,6.5666654978e-05,6.5666654978e-05,6.5666654978e-05,6.5666654978e-05,6.5666654978e-05,6.5666654978e-05,6.5666654978e-05,6.5666654978e-05,6.5666654978e-05,6.5666654978e-05,6.5666654978e-05,6.5666654978e-05,6.5666654978e-05,6.5666654978e-05,6.5666654978e-05,6.5666654978e-05,6.5666654978e-05,6.5666654978e-05,6.5666654978e-05,6.5666654978e-05,6.5666654978e-05,6.5666654978e-05,6.5666654978e-05,6.5666654978e-05,6.5666654978e-05,6.5666654978e-05,6.5666654978e-05,6.5666654978e-05,6.5666654978e-05,6.5666654978e-05,6.5666654978e-05,6.5666654978e-05,6.5666654978e-05,6.5666654978e-05,6.5666654978e-05,6.5666654978e-05,6.5666654978e-05,6.5666654978e-05,6.5666654978e-05,6.5666654978e-05,6.5666654978e-05,6.5666654978e-05,6.5666654978e-05,6.5666654978e-05,6.5666654978e-05,6.5666654978e-05,6.5666654978e-05,6.5666654978e-05,6.5666654978e-05,6.5666654978e-05,6.5666654978e-05,6.5666654978e-05,6.5666654978e-05,6.5666654978e-05,6.5666654978e-05,6.5666654978e-05,6.5666654978e-05,6.5666654978e-05,6.5666654978e-05,6.5666654978e-05,6.5666654978e-05,6.5666654978e-05,6.5666654978e-05,6.5666654978e-05,6.5666654978e-05,6.5666654978e-05,6.5666654978e-05,6.5666654978e-05,6.5666654978e-05,6.5666654978e-05,6.5666654978e-05,6.5666654978e-05,6.5666654978e-05,6.5666654978e-05,6.5666654978e-05,6.5666654978e-05,6.5666654978e-05,6.5666654978e-05,6.5666654978e-05,6.5666654978e-05,6.5666654978e-05,6.5666654978e-05,6.5666654978e-05,6.5666654978e-05,6.5666654978e-05,6.5666654978e-05,6.5666654978e-05,6.5666654978e-05,6.5666654978e-05,6.5666654978e-05,6.5666654978e-05,6.5666654978e-05,6.5666654978e-05,6.5666654978e-05,6.5666654979e-05,6.5666655020e-05,6.5666656114e-05,6.5666677320e-05,6.5666975965e-05,6.5670056497e-05,6.5693579212e-05,6.5828533415e-05,6.6421729985e-05,6.8467522058e-05,7.4154065338e-05,8.7257121207e-05,1.1298209089e-04,1.5711650175e-04,2.2477520655e-04,3.3741634392e-04,5.2239400466e-04,8.2152750234e-04,1.2975234328e-03,2.0425260925e-03,3.1891668139e-03,4.9244143812e-03,7.5064291068e-03,1.1284529482e-02,1.6722363171e-02,2.4424532965e-02,3.5167371153e-02,4.9935359666e-02,6.9965851993e-02,9.6806127330e-02,1.3238780333e-01,1.7910895435e-01,2.3934192995e-01,2.9822613521e-01,6.9673316529e-02,1.9353528237e+00,2.6170691187e+00,2.6261007413e+00,2.3297149986e+00,1.9435244845e+00,1.5705166148e+00,1.2481966311e+00,9.8310197708e-01,7.6999743576e-01,6.0057185228e-01,4.6669449396e-01,3.6135512386e-01,2.7877238016e-01,2.1425837794e-01,1.6403931506e-01,1.2508946629e-01,9.4990418534e-02,7.1814793805e-02,5.4030991194e-02,4.0425381594e-02,3.0038917023e-02,1.8927713930e-02,9.2427219212e-03,3.1774369929e-03,9.1430500400e-04,5.0305896079e-04,4.7123626168e-04,4.7024613331e-04,4.7023393472e-04,4.7023387513e-04,4.7023387503e-04,4.7023387503e-04,4.7023387503e-04,4.7023387503e-04,4.7023387503e-04,4.7023387503e-04,4.7023387503e-04,4.7023387503e-04,4.7023387503e-04,4.7023387503e-04,4.7023387503e-04,4.7023387503e-04,4.7023387503e-04,4.7023387503e-04,4.7023387503e-04,4.7023387503e-04,4.7023387503e-04,4.7023387503e-04,4.7023387503e-04,4.7023387503e-04,4.7023387503e-04,4.7023387503e-04,4.7023387503e-04,4.7023387503e-04,4.7023387503e-04,4.7023387503e-04,4.7023387503e-04,4.7023387503e-04,4.7023387503e-04,4.7023387503e-04,4.7023387503e-04,4.7023387503e-04,4.7023387503e-04,4.7023387503e-04,4.7023387503e-04,4.7023387503e-04,4.7023387503e-04,4.7023387503e-04,4.7023387503e-04,4.7023387503e-04,4.7023387503e-04,4.7023387503e-04,4.7023387528e-04,4.7023389926e-04,4.7023475796e-04,4.7024729303e-04,4.7032582692e-04,4.7056333907e-04,4.7098000467e-04,4.7149002667e-04,4.7198758949e-04,4.7266069552e-04,4.7356980560e-04,4.7479416971e-04,4.7643734260e-04,4.7863415739e-04,4.8155950977e-04,4.8543934811e-04,4.9056423904e-04,4.9730547754e-04,5.0613189762e-04,5.1761900365e-04,5.3242142369e-04,5.5112233767e-04,5.7373760838e-04,5.9839267456e-04,6.1835229004e-04,6.1651989289e-04,5.5757605702e-04,3.8090959754e-04,1.2925526399e-06
6.1721388322e-10,3.0957282145e-07,7.7781751021e-07,6.4947469693e-07,5.3991320981e-07,4.4945994118e-07,3.7476376969e-07,3.1307148972e-07,2.6211739264e-07,2.2003192333e-07,1.8527122786e-07,1.5656016792e-07,1.3284547794e-07,1.1325715987e-07,9.7076547985e-08,8.3709985988e-08,7.2667032269e-08,6.3542486877e-08,5.6001528823e-08,4.9767428604e-08,4.4611404202e-08,4.0344234211e-08,3.6809364006e-08,3.2667268091e-08,2.8349642407e-08,2.4568229986e-08,2.2005223750e-08,2.0801318473e-08,2.0456458105e-08,2.0402903726e-08,2.0398759351e-08,2.0398607068e-08,2.0398604573e-08,2.0398604572e-08,2.0398604572e-08,2.0398604572e-08,2.0398604572e-08,2.0398604572e-08,2.0398604572e-08,2.0398604572e-08,2.0398604572e-08,2.0398604572e-08,2.0398604572e-08,2.0398604572e-08,2.0398604572e-08,2.0398604572e-08,2.0398604572e-08,2.0398604572e-08,2.0398604572e-08,2.0398604572e-08,2.0398604572e-08,2.0398604572e-08,2.0398604572e-08,2.0398604572e-08,2.0398604572e-08,2.0398604572e-08,2.0398604572e-08,2.0398604572e-08,2.0398604572e-08,2.0398604572e-08,2.0398604572e-08,2.0398604572e-08,2.0398604572e-08,2.0398604572e-08,2.0398604572e-08,2.0398604572e-08,2.0398604572e-08,2.0398604572e-08,2.0398604572e-08,2.0398604572e-08,2.0398604572e-08,2.0398604573e-08,2.0398607491e-08,2.0398771974e-08,2.0403260613e-08,2.0461353507e-08,2.0835956000e-08,2.2145227649e-08,2.4935075701e-08,2.9053833921e-08,3.3758741964e-08,3.8273725307e-08,4.2127598696e-08,4.6780592405e-08,5.2403684909e-08,5.9203620169e-08,6.7430334282e-08,7.7386244707e-08,8.9437295062e-08,1.0402641747e-07,1.2168981460e-07,1.4307664186e-07,1.6897287300e-07,2.0033013504e-07,2.3830072216e-07,2.8427986135e-07,3.3995710749e-07,4.0737869812e-07,4.8902479935e-07,5.8790916732e-07,7.0768951327e-07,8.4591185818e-07,1.2177485148e-08,7.4692185066e-05,7.6266518746e-05,7.4771899544e-05,7.3757618650e-05,7.3142985223e-05,7.2780607061e-05,7.2571985954e-05,7.2454710605e-05,7.2390338040e-05,7.2355833510e-05,7.2337769194e-05,7.2328529790e-05,7.2323911004e-05,7.2321653753e-05,7.2320574547e-05,7.2320069546e-05,7.2319838258e-05,7.2319734489e-05,7.2319688713e-05,7.2319668999e-05,7.2319660612e-05,7.2319656849e-05,7.2319655439e-05,7.2319655006e-05,7.2319654898e-05,7.2319654876e-05,7.2319654873e-05,7.2319654873e-05,7.2319654873e-05,7.2319654873e-05,7.2319654873e-05,7.2319654873e-05,7.2319654873e-05,7.2319654873e-05,7.2319654873e-05,7.2319654873e-05,7.2319654873e-05,7.2319654873e-05,7.2319654873e-05,7.2319654873e-05,7.2319654873e-05,7.2319654873e-05,7.2319654873e-05,7.2319654873e-05,7.2319654873e-05,7.2319654873e-05,7.2319654873e-05,7.2319654873e-05,7.2319654873e-05,7.2319654873e-05,7.2319654873e-05,7.2319654873e-05,7.2319654873e-05,7.2319654873e-05,7.2319654873e-05,7.2319654873e-05,7.2319654873e-05,7.2319654873e-05,7.2319654873e-05,7.2319654873e-05,7.2319654873e-05,7.2319654873e-05,7.2319654873e-05,7.2319654873e-05,7.2319654873e-05,7.2319654873e-05,7.2319654873e-05,7.2319654873e-05,7.2319654873e-05,7.2319654873e-05,7.2319654873e-05,7.2319654873e-05,7.2319654873e-05,7.2319654873e-05,7.2319654873e-05,7.2319654873e-05,7.2319654873e-05,7.2319654873e-05,7.2319654873e-05,7.2319654873e-05,7.2319654873e-05,7.2319654873e-05,7.2319654873e-05,7.2319654873e-05,7.2319654873e-05,7.2319654873e-05,7.2319654873e-05,7.2319654873e-05,7.2319654873e-05,7.2319654873e-05,7.2319654873e-05,7.2319654873e-05,7.2319654873e-05,7.2319654873e-05,7.2319654873e-05,7.2319654873e-05,7.2319654873e-05,7.2319654873e-05,7.2319654873e-05,7.2319654873e-05,7.2319654873e-05,7.2319654873e-05,7.2319654873e-05,7.2319654873e-05,7.2319654873e-05,7.2319654873e-05,7.2319654873e-05,7.2319654873e-05,7.2319654873e-05,7.2319654873e-05,7.2319654873e-05,7.2319654873e-05,7.2319654873e-05,7.2319654873e-05,7.2319654873e-05,7.2319654873e-05,7.2319654873e-05,7.2319654873e-05,7.2319654873e-05,7.2319654873e-05,7.2319654873e-05,7.2319654873e-05,7.2319654873e-05,7.2319654873e-05,7.2319654873e-05,7.2319654873e-05,7.2319654873e-05,7.2319654873e-05,7.2319654873e-05,7.2319654873e-05,7.2319654873e-05,7.2319654873e-05,7.2319654873e-05,7.2319654873e-05,7.2319654873e-05,7.2319654873e-05,7.2319654873e-05,7.2319654873e-05,7.2319654873e-05,7.2319654873e-05,7.2319654873e-05,7.2319654873e-05,7.2319654873e-05,7.2319654873e-05,7.2319654873e-05,7.2319654873e-05,7.2319654873e-05,7.2319654873e-05,7.2319654873e-05,7.2319654873e-05,7.2319654873e-05,7.2319654873e-05,7.2319654873e-05,7.2319654873e-05,7.2319654873e-05,7.2319654873e-05,7.2319654873e-05,7.2319654873e-05,7.2319654873e-05,7.2319654873e-05,7.2319654873e-05,7.2319654873e-05,7.2319654873e-05,7.2319654873e-05,7.2319654873e-05,7.2319654873e-05,7.2319654881e-05,7.2319655153e-05,7.2319661539e-05,7.2319770010e-05,7.2321111010e-05,7.2333285427e-05,7.2415442238e-05,7.2834535550e-05,7.4485716699e-05,7.9640143081e-05,9.2750600017e-05,1.2070527338e-04,1.7204237575e-04,2.5524496521e-04,3.7679522956e-04,5.7073700826e-04,8.7624229243e-04,1.3507297706e-03,2.0768741302e-03,3.1715394619e-03,4.7968663765e-03,7.1736812112e-03,1.0597345863e-02,1.5456173371e-02,2.2252663018e-02,3.1628133145e-02,4.4391910045e-02,6.1557082931e-02,8.4385899451e-02,1.1444899673e-01,1.5370308225e-01,2.0456910261e-01,2.6923493239e-01,3.2906663560e-01,6.9984195500e-02,2.0232896281e+00,2.7891468828e+00,2.8524594058e+00,2.5745314431e+00,2.1795069482e+00,1.7828113270e+00,1.4317036910e+00,1.1382723569e+00,8.9966368545e-01,7.0820521690e-01,5.5564653938e-01,4.3460492018e-01,3.3888480469e-01,2.6341453165e-01,2.0408446518e-01,1.5758039170e-01,1.2123741025e-01,9.2917802996e-02,7.0910527951e-02,5.3848934287e-02,4.0643603042e-02,2.6242221335e-02,1.3282853330e-02,4.7245401363e-03,1.2549978853e-03,5.5147641398e-04,4.8986722030e-04,4.8768788629e-04,4.8765735233e-04,4.8765718295e-04,4.8765718259e-04,4.8765718259e-04,4.8765718259e-04,4.8765718259e-04,4.8765718259e-04,4.8765718259e-04,4.8765718259e-04,4.8765718259e-04,4.8765718259e-04,4.8765718259e-04,4.8765718259e-04,4.8765718259e-04,4.8765718259e-04,4.8765718259e-04,4.8765718259e-04,4.8765718259e-04,4.8765718259e-04,4.8765718259e-04,4.8765718259e-04,4.8765718259e-04,4.8765718259e-04,4.8765718259e-04,4.8765718259e-04,4.8765718259e-04,4.8765718259e-04,4.8765718259e-04,4.8765718259e-04,4.8765718259e-04,4.8765718259e-04,4.8765718259e-04,4.8765718259e-04,4.8765718259e-04,4.8765718259e-04,4.8765718259e-04,4.8765718259e-04,4.8765718259e-04,4.8765718259e-04,4.8765718259e-04,4.8765718259e-04,4.8765718259e-04,4.8765718259e-04,4.8765718259e-04,4.8765718335e-04,4.8765724435e-04,4.8765917088e-04,4.8768405721e-04,4.8782362984e-04,4.8821020610e-04,4.8884893134e-04,4.8960185175e-04,4.9031936008e-04,4.9127363320e-04,4.9254111152e-04,4.9422060371e-04,4.9643951206e-04,4.9936163350e-04,5.0319688286e-04,5.0821331074e-04,5.1475162784e-04,5.2324155691e-04,5.3421625155e-04,5.4831099601e-04,5.6620440298e-04,5.8839129085e-04,6.1453302369e-04,6.4189957669e-04,6.6220027056e-04,6.5626844192e-04,5.8726725700e-04,3.9563293046e-04,1.4850088988e-06
6.8938430088e-10,3.4256628814e-07,8.5911960844e-07,7.1759558524e-07,5.9628486861e-07,4.9611800336e-07,4.1338673183e-07,3.4504427124e-07,2.8858516514e-07,2.4194237732e-07,2.0340881979e-07,1.7157427282e-07,1.4527364781e-07,1.2354436997e-07,1.0559112521e-07,9.0756793967e-08,7.8498385912e-08,6.8367185453e-08,5.9992328743e-08,5.3067230309e-08,4.7338367050e-08,4.2596006999e-08,3.8666587923e-08,3.4060795945e-08,2.9257681052e-08,2.5048264660e-08,2.2192349280e-08,2.0848973086e-08,2.0463441823e-08,2.0403434765e-08,2.0398778953e-08,2.0398607399e-08,2.0398604573e-08,2.0398604572e-08,2.0398604572e-08,2.0398604572e-08,2.0398604572e-08,2.0398604572e-08,2.0398604572e-08,2.0398604572e-08,2.0398604572e-08,2.0398604572e-08,2.0398604572e-08,2.0398604572e-08,2.0398604572e-08,2.0398604572e-08,2.0398604572e-08,2.0398604572e-08,2.0398604572e-08,2.0398604572e-08,2.0398604572e-08,2.0398604572e-08,2.0398604572e-08,2.0398604572e-08,2.0398604572e-08,2.0398604572e-08,2.0398604572e-08,2.0398604572e-08,2.0398604572e-08,2.0398604572e-08,2.0398604572e-08,2.0398604572e-08,2.0398604572e-08,2.0398604572e-08,2.0398604572e-08,2.0398604572e-08,2.0398604572e-08,2.0398604572e-08,2.0398604572e-08,2.0398604572e-08,2.0398604572e-08,2.0398604573e-08,2.0398607919e-08,2.0398795057e-08,2.0403889086e-08,2.0469645363e-08,2.0892701730e-08,2.2368575232e-08,2.5509028822e-08,3.0140849595e-08,3.5428317309e-08,4.0500087984e-08,4.4827936260e-08,5.0051983781e-08,5.6363725232e-08,6.3994658841e-08,7.3224589954e-08,8.4391992685e-08,9.7906356007e-08,1.1426320505e-07,1.3406227888e-07,1.5802948904e-07,1.8704354971e-07,2.2216814277e-07,2.6469095931e-07,3.1617084833e-07,3.7849514245e-07,4.5394939369e-07,5.4530422266e-07,6.5592860849e-07,7.8990830864e-07,9.4362100806e-07,1.3475633905e-08,8.2633371737e-05,8.4625497166e-05,8.2789393365e-05,8.1496348299e-05,8.0688608070e-05,8.0196823161e-05,7.9903742295e-05,7.9732777334e-05,7.9635166545e-05,7.9580621084e-05,7.9550785601e-05,7.9534808852e-05,7.9526430747e-05,7.9522127594e-05,7.9519961670e-05,7.9518893027e-05,7.9518376130e-05,7.9518130736e-05,7.9518016292e-05,7.9517963939e-05,7.9517940314e-05,7.9517928995e-05,7.9517924447e-05,7.9517922889e-05,7.9517922468e-05,7.9517922376e-05,7.9517922360e-05,7.9517922358e-05,7.9517922358e-05,7.9517922358e-05,7.9517922358e-05,7.9517922358e-05,7.9517922358e-05,7.9517922358e-05,7.9517922358e-05,7.9517922358e-05,7.9517922358e-05,7.9517922358e-05,7.9517922358e-05,7.9517922358e-05,7.9517922358e-05,7.9517922358e-05,7.9517922358e-05,7.9517922358e-05,7.9517922358e-05,7.9517922358e-05,7.9517922358e-05,7.9517922358e-05,7.9517922358e-05,7.9517922358e-05,7.9517922358e-05,7.9517922358e-05,7.9517922358e-05,7.9517922358e-05,7.9517922358e-05,7.9517922358e-05,7.9517922358e-05,7.9517922358e-05,7.9517922358e-05,7.9517922358e-05,7.9517922358e-05,7.9517922358e-05,7.9517922358e-05,7.9517922358e-05,7.9517922358e-05,7.9517922358e-05,7.9517922358e-05,7.9517922358e-05,7.9517922358e-05,7.9517922358e-05,7.9517922358e-05,7.9517922358e-05,7.9517922358e-05,7.9517922358e-05,7.9517922358e-05,7.9517922358e-05,7.9517922358e-05,7.9517922358e-05,7.9517922358e-05,7.9517922358e-05,7.9517922358e-05,7.9517922358e-05,7.9517922358e-05,7.9517922358e-05,7.9517922358e-05,7.9517922358e-05,7.9517922358e-05,7.9517922358e-05,7.9517922358e-05,7.9517922358e-05,7.9517922358e-05,7.9517922358e-05,7.9517922358e-05,7.9517922358e-05,7.9517922358e-05,7.9517922358e-05,7.9517922358e-05,7.9517922358e-05,7.9517922358e-05,7.9517922358e-05,7.9517922358e-05,7.9517922358e-05,7.9517922358e-05,7.9517922358e-05,7.9517922358e-05,7.9517922358e-05,7.9517922358e-05,7.9517922358e-05,7.9517922358e-05,7.9517922358e-05,7.9517922358e-05,7.9517922358e-05,7.9517922358e-05,7.9517922358e-05,7.9517922358e-05,7.9517922358e-05,7.9517922358e-05,7.9517922358e-05,7.9517922358e-05,7.9517922358e-05,7.9517922358e-05,7.9517922358e-05,7.9517922358e-05,7.9517922358e-05,7.9517922358e-05,7.9517922358e-05,7.9517922358e-05,7.9517922358e-05,7.9517922358e-05,7.9517922358e-05,7.9517922358e-05,7.9517922358e-05,7.9517922358e-05,7.9517922358e-05,7.9517922358e-05,7.9517922358e-05,7.9517922358e-05,7.9517922358e-05,7.9517922358e-05,7.9517922358e-05,7.9517922358e-05,7.9517922358e-05,7.9517922358e-05,7.9517922358e-05,7.9517922358e-05,7.9517922358e-05,7.9517922358e-05,7.9517922358e-05,7.9517922358e-05,7.9517922358e-05,7.9517922358e-05,7.9517922358e-05,7.9517922358e-05,7.9517922358e-05,7.9517922358e-05,7.9517922358e-05,7.9517922358e-05,7.9517922358e-05,7.9517922358e-05,7.9517922358e-05,7.9517922358e-05,7.9517922358e-05,7.9517922358e-05,7.9517922358e-05,7.9517922358e-05,7.9517922360e-05,7.9517922418e-05,7.9517924089e-05,7.9517958449e-05,7.9518469865e-05,7.9524023182e-05,7.9568440591e-05,7.9833812896e-05,8.1040630594e-05,8.5317404283e-05,9.7452201507e-05,1.2582406631e-04,1.8206124673e-04,2.7908749619e-04,4.2823315442e-04,6.3660749723e-04,9.5626118452e-04,1.4408092068e-03,2.1658680781e-03,3.2363622527e-03,4.7954869070e-03,7.0354642831e-03,1.0210204923e-02,1.4650006138e-02,2.0778528845e-02,2.9132540627e-02,4.0385341777e-02,5.5375422322e-02,7.5142709398e-02,1.0097567817e-01,1.3447346820e-01,1.7762692577e-01,2.3288866194e-01,3.0220361475e-01,3.6247052733e-01,7.0341028412e-02,2.1105869969e+00,2.9625524180e+00,3.0851909031e+00,2.8316701973e+00,2.4322520132e+00,2.0138235852e+00,1.6337646977e+00,1.3105823026e+00,1.0445571266e+00,8.2910652807e-01,6.5606345828e-01,5.1773359775e-01,4.0750456802e-01,3.1989670744e-01,2.5043673089e-01,1.9549676375e-01,1.5214433334e-01,1.1801418965e-01,9.1201913676e-02,7.0176484841e-02,5.3708770924e-02,3.5448831874e-02,1.8557593305e-02,6.8723817777e-03,1.7678578112e-03,6.2097486470e-04,5.0784808024e-04,5.0331272531e-04,5.0324062420e-04,5.0324017073e-04,5.0324016960e-04,5.0324016960e-04,5.0324016960e-04,5.0324016960e-04,5.0324016960e-04,5.0324016960e-04,5.0324016960e-04,5.0324016960e-04,5.0324016960e-04,5.0324016960e-04,5.0324016960e-04,5.0324016960e-04,5.0324016960e-04,5.0324016960e-04,5.0324016960e-04,5.0324016960e-04,5.0324016960e-04,5.0324016960e-04,5.0324016960e-04,5.0324016960e-04,5.0324016960e-04,5.0324016960e-04,5.0324016960e-04,5.0324016960e-04,5.0324016960e-04,5.0324016960e-04,5.0324016960e-04,5.0324016960e-04,5.0324016960e-04,5.0324016960e-04,5.0324016960e-04,5.0324016960e-04,5.0324016960e-04,5.0324016960e-04,5.0324016960e-04,5.0324016960e-04,5.0324016960e-04,5.0324016960e-04,5.0324016960e-04,5.0324016960e-04,5.0324016960e-04,5.0324016961e-04,5.0324017170e-04,5.0324031813e-04,5.0324440321e-04,5.0329126469e-04,5.0352777702e-04,5.0413165855e-04,5.0507685718e-04,5.0615410110e-04,5.0715942732e-04,5.0847632147e-04,5.1019952744e-04,5.1245004482e-04,5.1538209224e-04,5.1919176558e-04,5.2412771817e-04,5.3050415035e-04,5.3871597659e-04,5.4925441004e-04,5.6271620031e-04,5.7978541103e-04,6.0113094359e-04,6.2708516809e-04,6.5682898860e-04,6.8662454749e-04,7.0654851346e-04,6.9552861718e-04,6.1570567470e-04,4.0918215160e-04,1.7033712952e-06
7.6994904495e-10,3.7866274762e-07,9.4772889194e-07,7.9195439758e-07,6.5781661447e-07,5.4704658913e-07,4.5554590262e-07,3.7994590098e-07,3.1747893945e-07,2.6586235450e-07,2.2321094364e-07,1.8796711969e-07,1.5884380525e-07,1.3477742909e-07,1.1488905452e-07,9.8452318613e-08,8.4866896855e-08,7.3636586683e-08,6.4351196256e-08,5.6671557584e-08,5.0317145890e-08,4.5055845148e-08,4.0695528876e-08,3.5583289312e-08,3.0249871676e-08,2.5572877412e-08,2.2396902650e-08,2.0901083454e-08,2.0471081616e-08,2.0404015960e-08,2.0398800411e-08,2.0398607765e-08,2.0398604573e-08,2.0398604572e-08,2.0398604572e-08,2.0398604572e-08,2.0398604572e-08,2.0398604572e-08,2.0398604572e-08,2.0398604572e-08,2.0398604572e-08,2.0398604572e-08,2.0398604572e-08,2.0398604572e-08,2.0398604572e-08,2.0398604572e-08,2.0398604572e-08,2.0398604572e-08,2.0398604572e-08,2.0398604572e-08,2.0398604572e-08,2.0398604572e-08,2.0398604572e-08,2.0398604572e-08,2.0398604572e-08,2.0398604572e-08,2.0398604572e-08,2.0398604572e-08,2.0398604572e-08,2.0398604572e-08,2.0398604572e-08,2.0398604572e-08,2.0398604572e-08,2.0398604572e-08,2.0398604572e-08,2.0398604572e-08,2.0398604572e-08,2.0398604572e-08,2.0398604572e-08,2.0398604572e-08,2.0398604572e-08,2.0398604574e-08,2.0398608378e-08,2.0398820932e-08,2.0404592061e-08,2.0478916902e-08,2.0956129453e-08,2.2618152318e-08,2.6150252493e-08,3.1355093561e-08,3.7293122062e-08,4.2986622172e-08,4.7843699230e-08,5.3705344518e-08,6.0785950542e-08,6.9344638127e-08,7.9694543812e-08,9.2214379060e-08,1.0736222003e-07,1.2569227467e-07,1.4787516901e-07,1.7472245072e-07,2.0721629820e-07,2.4654539928e-07,2.9414848753e-07,3.5176694427e-07,4.2150877938e-07,5.0592670658e-07,6.0811602326e-07,7.3184360740e-07,8.8167217063e-07,1.0524619894e-06,1.4951293041e-08,9.1338113260e-05,9.3857417157e-05,9.1615414294e-05,8.9977780491e-05,8.8925277875e-05,8.8265095228e-05,8.7858861828e-05,8.7613635142e-05,8.7468429473e-05,8.7384096800e-05,8.7336055665e-05,8.7309210369e-05,8.7294492736e-05,8.7286575411e-05,8.7282394728e-05,8.7280227331e-05,8.7279123939e-05,8.7278571955e-05,8.7278300405e-05,8.7278169085e-05,8.7278106364e-05,8.7278074504e-05,8.7278060662e-05,8.7278055560e-05,8.7278054016e-05,8.7278053650e-05,8.7278053581e-05,8.7278053571e-05,8.7278053570e-05,8.7278053570e-05,8.7278053570e-05,8.7278053570e-05,8.7278053570e-05,8.7278053570e-05,8.7278053570e-05,8.7278053570e-05,8.7278053570e-05,8.7278053570e-05,8.7278053570e-05,8.7278053570e-05,8.7278053570e-05,8.7278053570e-05,8.7278053570e-05,8.7278053570e-05,8.7278053570e-05,8.7278053570e-05,8.7278053570e-05,8.7278053570e-05,8.7278053570e-05,8.7278053570e-05,8.7278053570e-05,8.7278053570e-05,8.7278053570e-05,8.7278053570e-05,8.7278053570e-05,8.7278053570e-05,8.7278053570e-05,8.7278053570e-05,8.7278053570e-05,8.7278053570e-05,8.7278053570e-05,8.7278053570e-05,8.7278053570e-05,8.7278053570e-05,8.7278053570e-05,8.7278053570e-05,8.7278053570e-05,8.7278053570e-05,8.7278053570e-05,8.7278053570e-05,8.7278053570e-05,8.7278053570e-05,8.7278053570e-05,8.7278053570e-05,8.7278053570e-05,8.7278053570e-05,8.7278053570e-05,8.7278053570e-05,8.7278053570e-05,8.7278053570e-05,8.7278053570e-05,8.7278053570e-05,8.7278053570e-05,8.7278053570e-05,8.7278053570e-05,8.7278053570e-05,8.7278053570e-05,8.7278053570e-05,8.7278053570e-05,8.7278053570e-05,8.7278053570e-05,8.7278053570e-05,8.7278053570e-05,8.7278053570e-05,8.7278053570e-05,8.7278053570e-05,8.7278053570e-05,8.7278053570e-05,8.7278053570e-05,8.7278053570e-05,8.7278053570e-05,8.7278053570e-05,8.7278053570e-05,8.7278053570e-05,8.7278053570e-05,8.7278053570e-05,8.7278053570e-05,8.7278053570e-05,8.7278053570e-05,8.7278053570e-05,8.7278053570e-05,8.7278053570e-05,8.7278053570e-05,8.7278053570e-05,8.7278053570e-05,8.7278053570e-05,8.7278053570e-05,8.7278053570e-05,8.7278053570e-05,8.7278053570e-05,8.7278053570e-05,8.7278053570e-05,8.7278053570e-05,8.7278053570e-05,8.7278053570e-05,8.7278053570e-05,8.7278053570e-05,8.7278053570e-05,8.7278053570e-05,8.7278053570e-05,8.7278053570e-05,8.7278053570e-05,8.7278053570e-05,8.7278053570e-05,8.7278053570e-05,8.7278053570e-05,8.7278053570e-05,8.7278053570e-05,8.7278053570e-05,8.7278053570e-05,8.7278053570e-05,8.7278053570e-05,8.7278053570e-05,8.7278053570e-05,8.7278053570e-05,8.7278053570e-05,8.7278053570e-05,8.7278053570e-05,8.7278053570e-05,8.7278053570e-05,8.7278053570e-05,8.7278053570e-05,8.7278053570e-05,8.7278053570e-05,8.7278053570e-05,8.7278053570e-05,8.7278053570e-05,8.7278053570e-05,8.7278053570e-05,8.7278053570e-05,8.7278053570e-05,8.7278053570e-05,8.7278053570e-05,8.7278053570e-05,8.7278053570e-05,8.7278053581e-05,8.7278053960e-05,8.7278063434e-05,8.7278233880e-05,8.7280458796e-05,8.7301692506e-05,8.7451521084e-05,8.8245763765e-05,9.1475721075e-05,1.0181168050e-04,1.2858671481e-04,1.8640102841e-04,2.9342137462e-04,4.6763605753e-04,7.2261370999e-04,1.0644594929e-03,1.5701724116e-03,2.3101073142e-03,3.3800681752e-03,4.9086216606e-03,7.0657911937e-03,1.0073235251e-02,1.4216037300e-02,1.9856328840e-02,2.7449160401e-02,3.7561359627e-02,5.0894589319e-02,6.8314435481e-02,9.0888076533e-02,1.1993383574e-01,1.5708656724e-01,2.0438181609e-01,2.6431171341e-01,3.3849730108e-01,3.9856618010e-01,7.0750293691e-02,2.1969138153e+00,3.1364668392e+00,3.3230711246e+00,3.0999801255e+00,2.7011841574e+00,2.2637294023e+00,1.8551541856e+00,1.5011213745e+00,1.2058368368e+00,9.6435737237e-01,7.6888834431e-01,6.1153681072e-01,4.8529487092e-01,3.8425814128e-01,3.0356171686e-01,2.3923588255e-01,1.8805582762e-01,1.4740806851e-01,1.1517781934e-01,8.9655807247e-02,6.9461814268e-02,4.6749496147e-02,2.5236003476e-02,9.7423348116e-03,2.5099345237e-03,7.2333145506e-04,5.2593458736e-04,5.1699907654e-04,5.1683832766e-04,5.1683718377e-04,5.1683718054e-04,5.1683718053e-04,5.1683718053e-04,5.1683718053e-04,5.1683718053e-04,5.1683718053e-04,5.1683718053e-04,5.1683718053e-04,5.1683718053e-04,5.1683718053e-04,5.1683718053e-04,5.1683718053e-04,5.1683718053e-04,5.1683718053e-04,5.1683718053e-04,5.1683718053e-04,5.1683718053e-04,5.1683718053e-04,5.1683718053e-04,5.1683718053e-04,5.1683718053e-04,5.1683718053e-04,5.1683718053e-04,5.1683718053e-04,5.1683718053e-04,5.1683718053e-04,5.1683718053e-04,5.1683718053e-04,5.1683718053e-04,5.1683718053e-04,5.1683718053e-04,5.1683718053e-04,5.1683718053e-04,5.1683718053e-04,5.1683718053e-04,5.1683718053e-04,5.1683718053e-04,5.1683718053e-04,5.1683718053e-04,5.1683718053e-04,5.1683718053e-04,5.1683718056e-04,5.1683718593e-04,5.1683751749e-04,5.1684571398e-04,5.1692955006e-04,5.1731255160e-04,5.1822016242e-04,5.1957342599e-04,5.2107014545e-04,5.2244124025e-04,5.2421314928e-04,5.2650124246e-04,5.2945132845e-04,5.3324739250e-04,5.3812113446e-04,5.4436358039e-04,5.5233887054e-04,5.6249943783e-04,5.7539909458e-04,5.9169292182e-04,6.1209373191e-04,6.3721225733e-04,6.6712681225e-04,7.0040351724e-04,7.3216569609e-04,7.5084454160e-04,7.3371050720e-04,6.4241613757e-04,4.2130397813e-04,1.9502562377e-06
8.5988448106e-10,4.1806372276e-07,1.0440320314e-06,8.7291287265e-07,7.2480711316e-07,6.0249233264e-07,5.0144554114e-07,4.1794585129e-07,3.4893945056e-07,2.9190876592e-07,2.4477472832e-07,2.0581940255e-07,1.7362298949e-07,1.4701202869e-07,1.2501659592e-07,1.0683498386e-07,9.1804472912e-08,7.9377185698e-08,6.9100123795e-08,6.0598659486e-08,5.3562875823e-08,4.7736289368e-08,4.2906567667e-08,3.7242578181e-08,3.1331356974e-08,2.6144817813e-08,2.2619973189e-08,2.0957932774e-08,2.0479420159e-08,2.0404650671e-08,2.0398823871e-08,2.0398608148e-08,2.0398604573e-08,2.0398604572e-08,2.0398604572e-08,2.0398604572e-08,2.0398604572e-08,2.0398604572e-08,2.0398604572e-08,2.0398604572e-08,2.0398604572e-08,2.0398604572e-08,2.0398604572e-08,2.0398604572e-08,2.0398604572e-08,2.0398604572e-08,2.0398604572e-08,2.0398604572e-08,2.0398604572e-08,2.0398604572e-08,2.0398604572e-08,2.0398604572e-08,2.0398604572e-08,2.0398604572e-08,2.0398604572e-08,2.0398604572e-08,2.0398604572e-08,2.0398604572e-08,2.0398604572e-08,2.0398604572e-08,2.0398604572e-08,2.0398604572e-08,2.0398604572e-08,2.0398604572e-08,2.0398604572e-08,2.0398604572e-08,2.0398604572e-08,2.0398604572e-08,2.0398604572e-08,2.0398604572e-08,2.0398604572e-08,2.0398604574e-08,2.0398608890e-08,2.0398849904e-08,2.0405378553e-08,2.0489285850e-08,2.1027036924e-08,2.2897072764e-08,2.6866698881e-08,3.2711560866e-08,3.9376119268e-08,4.5763887538e-08,5.1211904774e-08,5.7785459580e-08,6.5724499993e-08,7.5318972904e-08,8.6919205762e-08,1.0094880745e-07,1.1792006581e-07,1.3845266191e-07,1.6329630535e-07,1.9335807974e-07,2.2973558231e-07,2.7375694123e-07,3.2702937839e-07,3.9149789521e-07,4.6951673950e-07,5.6393695426e-07,6.7821693193e-07,8.1656946949e-07,9.8408782559e-07,1.1736746176e-06,1.6631030389e-08,1.0086463463e-04,1.0404694980e-04,1.0132606199e-04,9.9265122417e-05,9.7904791515e-05,9.7027650606e-05,9.6471705580e-05,9.6125313813e-05,9.5913181234e-05,9.5785506661e-05,9.5709989977e-05,9.5666093659e-05,9.5641015289e-05,9.5626932325e-05,9.5619157122e-05,9.5614936059e-05,9.5612682296e-05,9.5611498244e-05,9.5610885847e-05,9.5610573945e-05,9.5610416925e-05,9.5610332457e-05,9.5610293085e-05,9.5610277416e-05,9.5610272268e-05,9.5610270893e-05,9.5610270609e-05,9.5610270563e-05,9.5610270557e-05,9.5610270557e-05,9.5610270557e-05,9.5610270557e-05,9.5610270557e-05,9.5610270557e-05,9.5610270557e-05,9.5610270557e-05,9.5610270557e-05,9.5610270557e-05,9.5610270557e-05,9.5610270557e-05,9.5610270557e-05,9.5610270557e-05,9.5610270557e-05,9.5610270557e-05,9.5610270557e-05,9.5610270557e-05,9.5610270557e-05,9.5610270557e-05,9.5610270557e-05,9.5610270557e-05,9.5610270557e-05,9.5610270557e-05,9.5610270557e-05,9.5610270557e-05,9.5610270557e-05,9.5610270557e-05,9.5610270557e-05,9.5610270557e-05,9.5610270557e-05,9.5610270557e-05,9.5610270557e-05,9.5610270557e-05,9.5610270557e-05,9.5610270557e-05,9.5610270557e-05,9.5610270557e-05,9.5610270557e-05,9.5610270557e-05,9.5610270557e-05,9.5610270557e-05,9.5610270557e-05,9.5610270557e-05,9.5610270557e-05,9.5610270557e-05,9.5610270557e-05,9.5610270557e-05,9.5610270557e-05,9.5610270557e-05,9.5610270557e-05,9.5610270557e-05,9.5610270557e-05,9.5610270557e-05,9.5610270557e-05,9.5610270557e-05,9.5610270557e-05,9.5610270557e-05,9.5610270557e-05,9.5610270557e-05,9.5610270557e-05,9.5610270557e-05,9.5610270557e-05,9.5610270557e-05,9.5610270557e-05,9.5610270557e-05,9.5610270557e-05,9.5610270557e-05,9.5610270557e-05,9.5610270557e-05,9.5610270557e-05,9.5610270557e-05,9.5610270557e-05,9.5610270557e-05,9.5610270557e-05,9.5610270557e-05,9.5610270557e-05,9.5610270557e-05,9.5610270557e-05,9.5610270557e-05,9.5610270557e-05,9.5610270557e-05,9.5610270557e-05,9.5610270557e-05,9.5610270557e-05,9.5610270557e-05,9.5610270557e-05,9.5610270557e-05,9.5610270557e-05,9.5610270557e-05,9.5610270557e-05,9.5610270557e-05,9.5610270557e-05,9.5610270557e-05,9.5610270557e-05,9.5610270557e-05,9.5610270557e-05,9.5610270557e-05,9.5610270557e-05,9.5610270557e-05,9.5610270557e-05,9.5610270557e-05,9.5610270557e-05,9.5610270557e-05,9.5610270557e-05,9.5610270557e-05,9.5610270557e-05,9.5610270557e-05,9.5610270557e-05,9.5610270557e-05,9.5610270557e-05,9.5610270557e-05,9.5610270557e-05,9.5610270557e-05,9.5610270557e-05,9.5610270557e-05,9.5610270557e-05,9.5610270557e-05,9.5610270557e-05,9.5610270557e-05,9.5610270557e-05,9.5610270557e-05,9.5610270557e-05,9.5610270557e-05,9.5610270557e-05,9.5610270557e-05,9.5610270557e-05,9.5610270557e-05,9.5610270557e-05,9.5610270557e-05,9.5610270557e-05,9.5610270557e-05,9.5610270557e-05,9.5610270557e-05,9.5610270557e-05,9.5610270557e-05,9.5610270559e-05,9.5610270634e-05,9.5610272905e-05,9.5610322439e-05,9.5611103126e-05,9.5620044104e-05,9.5695110253e-05,9.6163197860e-05,9.8370563769e-05,1.0642614406e-04,1.2980216562e-04,1.8534668830e-04,2.9663852470e-04,4.8991108412e-04,7.8800797551e-04,1.2049614406e-03,1.7431353742e-03,2.5131353205e-03,3.6037481318e-03,5.1321097534e-03,7.2507877191e-03,1.0156012137e-02,1.4097181744e-02,1.9387845061e-02,2.6418511756e-02,3.5671899525e-02,4.7741582177e-02,6.3355475837e-02,8.3406162990e-02,1.0899066720e-01,1.4146289552e-01,1.8250243154e-01,2.3420126546e-01,2.9909689526e-01,3.7837656483e-01,4.3747345631e-01,7.1219295666e-02,2.2819292929e+00,3.3100580279e+00,3.5648050503e+00,3.3781161106e+00,2.9854366920e+00,2.5324215039e+00,2.0964649688e+00,1.7109270250e+00,1.3847122838e+00,1.1151458139e+00,8.9518715927e-01,7.1692492418e-01,5.7301398745e-01,4.5712418785e-01,3.6397503312e-01,2.8922555656e-01,2.2933074954e-01,1.8140474252e-01,1.4310216690e-01,1.1251880237e-01,8.8109609496e-02,6.0322641281e-02,3.3465967288e-02,1.3445615300e-02,3.5409999694e-03,8.7343665349e-04,5.4541336354e-04,5.2872293450e-04,5.2838425905e-04,5.2838153908e-04,5.2838153040e-04,5.2838153039e-04,5.2838153039e-04,5.2838153039e-04,5.2838153039e-04,5.2838153039e-04,5.2838153039e-04,5.2838153039e-04,5.2838153039e-04,5.2838153039e-04,5.2838153039e-04,5.2838153039e-04,5.2838153039e-04,5.2838153039e-04,5.2838153039e-04,5.2838153039e-04,5.2838153039e-04,5.2838153039e-04,5.2838153039e-04,5.2838153039e-04,5.2838153039e-04,5.2838153039e-04,5.2838153039e-04,5.2838153039e-04,5.2838153039e-04,5.2838153039e-04,5.2838153039e-04,5.2838153039e-04,5.2838153039e-04,5.2838153039e-04,5.2838153039e-04,5.2838153039e-04,5.2838153039e-04,5.2838153039e-04,5.2838153039e-04,5.2838153039e-04,5.2838153039e-04,5.2838153039e-04,5.2838153039e-04,5.2838153039e-04,5.2838153039e-04,5.2838153047e-04,5.2838154346e-04,5.2838225231e-04,5.2839783233e-04,5.2854058727e-04,5.2913468770e-04,5.3045032161e-04,5.3232892277e-04,5.3435222733e-04,5.3617555898e-04,5.3850391379e-04,5.4147557811e-04,5.4526375170e-04,5.5008509283e-04,5.5621012176e-04,5.6397566929e-04,5.7379904897e-04,5.8619212428e-04,6.0176914928e-04,6.2123161780e-04,6.4528943907e-04,6.7443062562e-04,7.0837340429e-04,7.4493670313e-04,7.7801033750e-04,7.9444031075e-04,7.7016337771e-04,6.6689634981e-04,4.3173826055e-04,2.2283151228e-06
9.6028053844e-10,4.6096257378e-07,1.1483697490e-06,9.6080320703e-07,7.9753054089e-07,6.6268133866e-07,5.5127281048e-07,4.5919946230e-07,3.8309581085e-07,3.2018899209e-07,2.6818949847e-07,2.2520543144e-07,1.8967301442e-07,1.6029958659e-07,1.3601651680e-07,1.1594035637e-07,9.9340689712e-08,8.5613568514e-08,7.4259547293e-08,6.4865512424e-08,5.7089653147e-08,5.0649036711e-08,4.5309397547e-08,3.9045987818e-08,3.2506960458e-08,2.6766675074e-08,2.2862592030e-08,2.1019791238e-08,2.0488498332e-08,2.0405342114e-08,2.0398849405e-08,2.0398608582e-08,2.0398604573e-08,2.0398604572e-08,2.0398604572e-08,2.0398604572e-08,2.0398604572e-08,2.0398604572e-08,2.0398604572e-08,2.0398604572e-08,2.0398604572e-08,2.0398604572e-08,2.0398604572e-08,2.0398604572e-08,2.0398604572e-08,2.0398604572e-08,2.0398604572e-08,2.0398604572e-08,2.0398604572e-08,2.0398604572e-08,2.0398604572e-08,2.0398604572e-08,2.0398604572e-08,2.0398604572e-08,2.0398604572e-08,2.0398604572e-08,2.0398604572e-08,2.0398604572e-08,2.0398604572e-08,2.0398604572e-08,2.0398604572e-08,2.0398604572e-08,2.0398604572e-08,2.0398604572e-08,2.0398604572e-08,2.0398604572e-08,2.0398604572e-08,2.0398604572e-08,2.0398604572e-08,2.0398604572e-08,2.0398604572e-08,2.0398604574e-08,2.0398609468e-08,2.0398882294e-08,2.0406258828e-08,2.0500884581e-08,2.1106319886e-08,2.3208828533e-08,2.7667277295e-08,3.4227039701e-08,4.1703005922e-08,4.8866071077e-08,5.4973952762e-08,6.2342408592e-08,7.1239903729e-08,8.1990781559e-08,9.4986871090e-08,1.1070187154e-07,1.2970855555e-07,1.5269964658e-07,1.8051307626e-07,2.1416249922e-07,2.5487425350e-07,3.0413200123e-07,3.6373089452e-07,4.3584307740e-07,5.2309759345e-07,6.2867872036e-07,7.5645112052e-07,9.1112753181e-07,1.0983900422e-06,1.3086300442e-06,1.8545762944e-08,1.1127266901e-04,1.1528577319e-04,1.1200437245e-04,1.0942662057e-04,1.0768202401e-04,1.0652799941e-04,1.0577629525e-04,1.0529405134e-04,1.0498940236e-04,1.0479991248e-04,1.0468387669e-04,1.0461392441e-04,1.0457240717e-04,1.0454814733e-04,1.0453418870e-04,1.0452627947e-04,1.0452186540e-04,1.0451943824e-04,1.0451812280e-04,1.0451741970e-04,1.0451704800e-04,1.0451683690e-04,1.0451673184e-04,1.0451668686e-04,1.0451667079e-04,1.0451666608e-04,1.0451666499e-04,1.0451666480e-04,1.0451666477e-04,1.0451666477e-04,1.0451666477e-04,1.0451666477e-04,1.0451666477e-04,1.0451666477e-04,1.0451666477e-04,1.0451666477e-04,1.0451666477e-04,1.0451666477e-04,1.0451666477e-04,1.0451666477e-04,1.0451666477e-04,1.0451666477e-04,1.0451666477e-04,1.0451666477e-04,1.0451666477e-04,1.0451666477e-04,1.0451666477e-04,1.0451666477e-04,1.0451666477e-04,1.0451666477e-04,1.0451666477e-04,1.0451666477e-04,1.0451666477e-04,1.0451666477e-04,1.0451666477e-04,1.0451666477e-04,1.0451666477e-04,1.0451666477e-04,1.0451666477e-04,1.0451666477e-04,1.0451666477e-04,1.0451666477e-04,1.0451666477e-04,1.0451666477e-04,1.0451666477e-04,1.0451666477e-04,1.0451666477e-04,1.0451666477e-04,1.0451666477e-04,1.0451666477e-04,1.0451666477e-04,1.0451666477e-04,1.0451666477e-04,1.0451666477e-04,1.0451666477e-04,1.0451666477e-04,1.0451666477e-04,1.0451666477e-04,1.0451666477e-04,1.0451666477e-04,1.0451666477e-04,1.0451666477e-04,1.0451666477e-04,1.0451666477e-04,1.0451666477e-04,1.0451666477e-04,1.0451666477e-04,1.0451666477e-04,1.0451666477e-04,1.0451666477e-04,1.0451666477e-04,1.0451666477e-04,1.0451666477e-04,1.0451666477e-04,1.0451666477e-04,1.0451666477e-04,1.0451666477e-04,1.0451666477e-04,1.0451666477e-04,1.0451666477e-04,1.0451666477e-04,1.0451666477e-04,1.0451666477e-04,1.0451666477e-04,1.0451666477e-04,1.0451666477e-04,1.0451666477e-04,1.0451666477e-04,1.0451666477e-04,1.0451666477e-04,1.0451666477e-04,1.0451666477e-04,1.0451666477e-04,1.0451666477e-04,1.0451666477e-04,1.0451666477e-04,1.0451666477e-04,1.0451666477e-04,1.0451666477e-04,1.0451666477e-04,1.0451666477e-04,1.0451666477e-04,1.0451666477e-04,1.0451666477e-04,1.0451666477e-04,1.0451666477e-04,1.0451666477e-04,1.0451666477e-04,1.0451666477e-04,1.0451666477e-04,1.0451666477e-04,1.0451666477e-04,1.0451666477e-04,1.0451666477e-04,1.0451666477e-04,1.0451666477e-04,1.0451666477e-04,1.0451666477e-04,1.0451666477e-04,1.0451666477e-04,1.0451666477e-04,1.0451666477e-04,1.0451666477e-04,1.0451666477e-04,1.0451666477e-04,1.0451666477e-04,1.0451666477e-04,1.0451666477e-04,1.0451666477e-04,1.0451666477e-04,1.0451666477e-04,1.0451666477e-04,1.0451666477e-04,1.0451666477e-04,1.0451666477e-04,1.0451666477e-04,1.0451666477e-04,1.0451666477e-04,1.0451666477e-04,1.0451666477e-04,1.0451666477e-04,1.0451666477e-04,1.0451666477e-04,1.0451666477e-04,1.0451666478e-04,1.0451666525e-04,1.0451667779e-04,1.0451691711e-04,1.0452022223e-04,1.0455345177e-04,1.0479919706e-04,1.0615625557e-04,1.1186646604e-04,1.3064002636e-04,1.8026585462e-04,2.8894932287e-04,4.9198619686e-04,8.2426385694e-04,1.3118060535e-03,1.9658419856e-03,2.7810829290e-03,3.9122867360e-03,5.4675519649e-03,7.5855247927e-03,1.0442104020e-02,1.4258144701e-02,1.9308353627e-02,2.5931682731e-02,3.4543722933e-02,4.5651878675e-02,5.9874465705e-02,7.7965312458e-02,1.0084593643e-01,1.2964787697e-01,1.6576825383e-01,2.1094193114e-01,2.6732994659e-01,3.3751760685e-01,4.2211168085e-01,4.7930032169e-01,7.1756249034e-02,2.3652843389e+00,3.4824848506e+00,3.8090437970e+00,3.6645630437e+00,3.2838554439e+00,2.8194757952e+00,2.3580495701e+00,1.9409282160e+00,1.5824095965e+00,1.2827606826e+00,1.0361656082e+00,8.3495364596e-01,6.7155208200e-01,5.3923036414e-01,4.3227880841e-01,3.4595770250e-01,2.7637220003e-01,2.2033685438e-01,1.7525228430e-01,1.3899965517e-01,1.0985277242e-01,7.6331830841e-02,4.3375696370e-02,1.8078384310e-02,4.9186341957e-03,1.0885466295e-03,5.6817717739e-04,5.3857262227e-04,5.3789766336e-04,5.3789156369e-04,5.3789154179e-04,5.3789154176e-04,5.3789154176e-04,5.3789154176e-04,5.3789154176e-04,5.3789154176e-04,5.3789154176e-04,5.3789154176e-04,5.3789154176e-04,5.3789154176e-04,5.3789154176e-04,5.3789154176e-04,5.3789154176e-04,5.3789154176e-04,5.3789154176e-04,5.3789154176e-04,5.3789154176e-04,5.3789154176e-04,5.3789154176e-04,5.3789154176e-04,5.3789154176e-04,5.3789154176e-04,5.3789154176e-04,5.3789154176e-04,5.3789154176e-04,5.3789154176e-04,5.3789154176e-04,5.3789154176e-04,5.3789154176e-04,5.3789154176e-04,5.3789154176e-04,5.3789154176e-04,5.3789154176e-04,5.3789154176e-04,5.3789154176e-04,5.3789154176e-04,5.3789154176e-04,5.3789154176e-04,5.3789154176e-04,5.3789154176e-04,5.3789154176e-04,5.3789154199e-04,5.3789157152e-04,5.3789300347e-04,5.3792109604e-04,5.3815291576e-04,5.3903781514e-04,5.4088160535e-04,5.4341560601e-04,5.4608181926e-04,5.4845017064e-04,5.5144289926e-04,5.5522344421e-04,5.5999492776e-04,5.6600949379e-04,5.7357952446e-04,5.8309064086e-04,5.9501549727e-04,6.0992485771e-04,6.2848624690e-04,6.5142659230e-04,6.7940757627e-04,7.1271441546e-04,7.5059102649e-04,7.8999129702e-04,8.2352672916e-04,8.3659479349e-04,8.0418377971e-04,6.8862521748e-04,4.4022352356e-04,2.5401690403e-06
1.0336178891e-09,4.9159427990e-07,1.2225309973e-06,1.0233921817e-06,8.4931692227e-07,7.0554053950e-07,5.8675410241e-07,4.8857678648e-07,4.0742043583e-07,3.4033015369e-07,2.8486656379e-07,2.3901394654e-07,2.0110607085e-07,1.6976545052e-07,1.4385321409e-07,1.2242774067e-07,1.0471043363e-07,9.0057438647e-08,7.7936245199e-08,6.7906347532e-08,5.9603226614e-08,5.2725120594e-08,4.7022147917e-08,4.0331595976e-08,3.3345144092e-08,2.7210143728e-08,2.3035665600e-08,2.1063936574e-08,2.0494980315e-08,2.0405836067e-08,2.0398867710e-08,2.0398608874e-08,2.0398604573e-08,2.0398604572e-08,2.0398604572e-08,2.0398604572e-08,2.0398604572e-08,2.0398604572e-08,2.0398604572e-08,2.0398604572e-08,2.0398604572e-08,2.0398604572e-08,2.0398604572e-08,2.0398604572e-08,2.0398604572e-08,2.0398604572e-08,2.0398604572e-08,2.0398604572e-08,2.0398604572e-08,2.0398604572e-08,2.0398604572e-08,2.0398604572e-08,2.0398604572e-08,2.0398604572e-08,2.0398604572e-08,2.0398604572e-08,2.0398604572e-08,2.0398604572e-08,2.0398604572e-08,2.0398604572e-08,2.0398604572e-08,2.0398604572e-08,2.0398604572e-08,2.0398604572e-08,2.0398604572e-08,2.0398604572e-08,2.0398604572e-08,2.0398604572e-08,2.0398604572e-08,2.0398604572e-08,2.0398604572e-08,2.0398604574e-08,2.0398609899e-08,2.0398906060e-08,2.0406903305e-08,2.0509373219e-08,2.1164320227e-08,2.3436823193e-08,2.8252618988e-08,3.5334893826e-08,4.3403824692e-08,5.1133413113e-08,5.7723437922e-08,6.5672676704e-08,7.5270417172e-08,8.6866120398e-08,1.0088191782e-07,1.1782808262e-07,1.3832154526e-07,1.6310835631e-07,1.9309085048e-07,2.2936047820e-07,2.7323755192e-07,3.2631926452e-07,3.9053794727e-07,4.6823157430e-07,5.6222989578e-07,6.7596080685e-07,8.1358643323e-07,9.8018610684e-07,1.1818690731e-06,1.4069769618e-06,1.9970355791e-08,1.1873104609e-04,1.2340984105e-04,1.1970529683e-04,1.1672284535e-04,1.1467202451e-04,1.1329360292e-04,1.1238030297e-04,1.1178363299e-04,1.1139933420e-04,1.1115535521e-04,1.1100268948e-04,1.1090854158e-04,1.1085132025e-04,1.1081704440e-04,1.1079680752e-04,1.1078503010e-04,1.1077827271e-04,1.1077444945e-04,1.1077231562e-04,1.1077114004e-04,1.1077049924e-04,1.1077012254e-04,1.1076992722e-04,1.1076983963e-04,1.1076980658e-04,1.1076979633e-04,1.1076979377e-04,1.1076979328e-04,1.1076979321e-04,1.1076979320e-04,1.1076979320e-04,1.1076979320e-04,1.1076979320e-04,1.1076979320e-04,1.1076979320e-04,1.1076979320e-04,1.1076979320e-04,1.1076979320e-04,1.1076979320e-04,1.1076979320e-04,1.1076979320e-04,1.1076979320e-04,1.1076979320e-04,1.1076979320e-04,1.1076979320e-04,1.1076979320e-04,1.1076979320e-04,1.1076979320e-04,1.1076979320e-04,1.1076979320e-04,1.1076979320e-04,1.1076979320e-04,1.1076979320e-04,1.1076979320e-04,1.1076979320e-04,1.1076979320e-04,1.1076979320e-04,1.1076979320e-04,1.1076979320e-04,1.1076979320e-04,1.1076979320e-04,1.1076979320e-04,1.1076979320e-04,1.1076979320e-04,1.1076979320e-04,1.1076979320e-04,1.1076979320e-04,1.1076979320e-04,1.1076979320e-04,1.1076979320e-04,1.1076979320e-04,1.1076979320e-04,1.1076979320e-04,1.1076979320e-04,1.1076979320e-04,1.1076979320e-04,1.1076979320e-04,1.1076979320e-04,1.1076979320e-04,1.1076979320e-04,1.1076979320e-04,1.1076979320e-04,1.1076979320e-04,1.1076979320e-04,1.1076979320e-04,1.1076979320e-04,1.1076979320e-04,1.1076979320e-04,1.1076979320e-04,1.1076979320e-04,1.1076979320e-04,1.1076979320e-04,1.1076979320e-04,1.1076979320e-04,1.1076979320e-04,1.1076979320e-04,1.1076979320e-04,1.1076979320e-04,1.1076979320e-04,1.1076979320e-04,1.1076979320e-04,1.1076979320e-04,1.1076979320e-04,1.1076979320e-04,1.1076979320e-04,1.1076979320e-04,1.1076979320e-04,1.1076979320e-04,1.1076979320e-04,1.1076979320e-04,1.1076979320e-04,1.1076979320e-04,1.1076979320e-04,1.1076979320e-04,1.1076979320e-04,1.1076979320e-04,1.1076979320e-04,1.1076979320e-04,1.1076979320e-04,1.1076979320e-04,1.1076979320e-04,1.1076979320e-04,1.1076979320e-04,1.1076979320e-04,1.1076979320e-04,1.1076979320e-04,1.1076979320e-04,1.1076979320e-04,1.1076979320e-04,1.1076979320e-04,1.1076979320e-04,1.1076979320e-04,1.1076979320e-04,1.1076979320e-04,1.1076979320e-04,1.1076979320e-04,1.1076979320e-04,1.1076979320e-04,1.1076979320e-04,1.1076979320e-04,1.1076979320e-04,1.1076979320e-04,1.1076979320e-04,1.1076979320e-04,1.1076979320e-04,1.1076979320e-04,1.1076979320e-04,1.1076979320e-04,1.1076979320e-04,1.1076979320e-04,1.1076979320e-04,1.1076979320e-04,1.1076979320e-04,1.1076979320e-04,1.1076979320e-04,1.1076979320e-04,1.1076979320e-04,1.1076979320e-04,1.1076979320e-04,1.1076979320e-04,1.1076979320e-04,1.1076979320e-04,1.1076979320e-04,1.1076979320e-04,1.1076979325e-04,1.1076979479e-04,1.1076983227e-04,1.1077048722e-04,1.1077877114e-04,1.1085516574e-04,1.1137477013e-04,1.1402450728e-04,1.2437790154e-04,1.5620347247e-04,2.3546674793e-04,4.0032060372e-04,6.9502012784e-04,1.1597194562e-03,1.8206758798e-03,2.6846308674e-03,3.7384982366e-03,5.1733173804e-03,7.1101026932e-03,9.7014684306e-03,1.3138056109e-02,1.7655916473e-02,2.3545099441e-02,3.1159835731e-02,4.0930906020e-02,5.3381075533e-02,6.9144821920e-02,8.8993990750e-02,1.1387145514e-01,1.4493530712e-01,1.8361653736e-01,2.3169336858e-01,2.9138013587e-01,3.6529287129e-01,4.5354751292e-01,5.0885324512e-01,7.2156474656e-02,2.4197563228e+00,3.5963712121e+00,3.9725770375e+00,3.8593305069e+00,3.4899765179e+00,3.0206835632e+00,2.5437434049e+00,2.1058631679e+00,1.7252554671e+00,1.4045239471e+00,1.1389667732e+00,9.2125899808e-01,7.4376853095e-01,5.9953079227e-01,4.8255146349e-01,3.8781289079e-01,3.1117072158e-01,2.4922361222e-01,1.9918835560e-01,1.5879063226e-01,1.2617304944e-01,8.8438694026e-02,5.0973270580e-02,2.1723840583e-02,6.0552374996e-03,1.2771066182e-03,5.8638546114e-04,5.4419551253e-04,5.4315852507e-04,5.4314840632e-04,5.4314836708e-04,5.4314836703e-04,5.4314836703e-04,5.4314836703e-04,5.4314836703e-04,5.4314836703e-04,5.4314836703e-04,5.4314836703e-04,5.4314836703e-04,5.4314836703e-04,5.4314836703e-04,5.4314836703e-04,5.4314836703e-04,5.4314836703e-04,5.4314836703e-04,5.4314836703e-04,5.4314836703e-04,5.4314836703e-04,5.4314836703e-04,5.4314836703e-04,5.4314836703e-04,5.4314836703e-04,5.4314836703e-04,5.4314836703e-04,5.4314836703e-04,5.4314836703e-04,5.4314836703e-04,5.4314836703e-04,5.4314836703e-04,5.4314836703e-04,5.4314836703e-04,5.4314836703e-04,5.4314836703e-04,5.4314836703e-04,5.4314836703e-04,5.4314836703e-04,5.4314836703e-04,5.4314836703e-04,5.4314836703e-04,5.4314836703e-04,5.4314836703e-04,5.4314836746e-04,5.4314841683e-04,5.4315063526e-04,5.4319107949e-04,5.4350335469e-04,5.4463316302e-04,5.4690202120e-04,5.4994974504e-04,5.5311220615e-04,5.5589739802e-04,5.5939490076e-04,5.6378613716e-04,5.6929553721e-04,5.7620039139e-04,5.8484250439e-04,5.9564128601e-04,6.0910658842e-04,6.2584629933e-04,6.4655604141e-04,6.7196253501e-04,7.0266295757e-04,7.3875653064e-04,7.7910756225e-04,8.2004115202e-04,8.5332117662e-04,8.6349200774e-04,8.2514630264e-04,7.0132129509e-04,4.4467070030e-04,2.7680931858e-06
1.1542213248e-09,5.4071040671e-07,1.3408274025e-06,1.1234447929e-06,9.3209787059e-07,7.7404824809e-07,6.4346905448e-07,5.3553682180e-07,4.4630603640e-07,3.7253028247e-07,3.1153053222e-07,2.6109322046e-07,2.1938845915e-07,1.8490328151e-07,1.5638662305e-07,1.3280394403e-07,1.1329968159e-07,9.7166224798e-08,8.3818240781e-08,7.2771453084e-08,6.3625056003e-08,5.6047199522e-08,4.9763043451e-08,4.2389175306e-08,3.4686860933e-08,2.7920200236e-08,2.3312879459e-08,2.1134678585e-08,2.0505373642e-08,2.0406628600e-08,2.0398897038e-08,2.0398609374e-08,2.0398604574e-08,2.0398604572e-08,2.0398604572e-08,2.0398604572e-08,2.0398604572e-08,2.0398604572e-08,2.0398604572e-08,2.0398604572e-08,2.0398604572e-08,2.0398604572e-08,2.0398604572e-08,2.0398604572e-08,2.0398604572e-08,2.0398604572e-08,2.0398604572e-08,2.0398604572e-08,2.0398604572e-08,2.0398604572e-08,2.0398604572e-08,2.0398604572e-08,2.0398604572e-08,2.0398604572e-08,2.0398604572e-08,2.0398604572e-08,2.0398604572e-08,2.0398604572e-08,2.0398604572e-08,2.0398604572e-08,2.0398604572e-08,2.0398604572e-08,2.0398604572e-08,2.0398604572e-08,2.0398604572e-08,2.0398604572e-08,2.0398604572e-08,2.0398604572e-08,2.0398604572e-08,2.0398604572e-08,2.0398604572e-08,2.0398604574e-08,2.0398610600e-08,2.0398945269e-08,2.0407965915e-08,2.0523362261e-08,2.1259860437e-08,2.3812246028e-08,2.9216199472e-08,3.7158280680e-08,4.6202797203e-08,5.4864368318e-08,6.2247507180e-08,7.1152065495e-08,8.1901564100e-08,9.4886751171e-08,1.1057956550e-07,1.2955039565e-07,1.5248874581e-07,1.8022830340e-07,2.1377724234e-07,2.5435484909e-07,3.0343585237e-07,3.6280399307e-07,4.3461702311e-07,5.2148548028e-07,6.2656919535e-07,7.5369716045e-07,9.0752202881e-07,1.0937284337e-06,1.3191212829e-06,1.5682800860e-06,2.2359705376e-08,1.3074338064e-04,1.3662121842e-04,1.3220217325e-04,1.2850872019e-04,1.2591051796e-04,1.2412452309e-04,1.2291256816e-04,1.2210034624e-04,1.2156285333e-04,1.2121168909e-04,1.2098520660e-04,1.2084102537e-04,1.2075042830e-04,1.2069424055e-04,1.2065984461e-04,1.2063906070e-04,1.2062666291e-04,1.2061936099e-04,1.2061511347e-04,1.2061267165e-04,1.2061128175e-04,1.2061042385e-04,1.2060995255e-04,1.2060972671e-04,1.2060963459e-04,1.2060960346e-04,1.2060959493e-04,1.2060959309e-04,1.2060959279e-04,1.2060959275e-04,1.2060959275e-04,1.2060959274e-04,1.2060959274e-04,1.2060959274e-04,1.2060959274e-04,1.2060959274e-04,1.2060959274e-04,1.2060959274e-04,1.2060959274e-04,1.2060959274e-04,1.2060959274e-04,1.2060959274e-04,1.2060959274e-04,1.2060959274e-04,1.2060959274e-04,1.2060959274e-04,1.2060959274e-04,1.2060959274e-04,1.2060959274e-04,1.2060959274e-04,1.2060959274e-04,1.2060959274e-04,1.2060959274e-04,1.2060959274e-04,1.2060959274e-04,1.2060959274e-04,1.2060959274e-04,1.2060959274e-04,1.2060959274e-04,1.2060959274e-04,1.2060959274e-04,1.2060959274e-04,1.2060959274e-04,1.2060959274e-04,1.2060959274e-04,1.2060959274e-04,1.2060959274e-04,1.2060959274e-04,1.2060959274e-04,1.2060959274e-04,1.2060959274e-04,1.2060959274e-04,1.2060959274e-04,1.2060959274e-04,1.2060959274e-04,1.2060959274e-04,1.2060959274e-04,1.2060959274e-04,1.2060959274e-04,1.2060959274e-04,1.2060959274e-04,1.2060959274e-04,1.2060959274e-04,1.2060959274e-04,1.2060959274e-04,1.2060959274e-04,1.2060959274e-04,1.2060959274e-04,1.2060959274e-04,1.2060959274e-04,1.2060959274e-04,1.2060959274e-04,1.2060959274e-04,1.2060959274e-04,1.2060959274e-04,1.2060959274e-04,1.2060959274e-04,1.2060959274e-04,1.2060959274e-04,1.2060959274e-04,1.2060959274e-04,1.2060959274e-04,1.2060959274e-04,1.2060959274e-04,1.2060959274e-04,1.2060959274e-04,1.2060959274e-04,1.2060959274e-04,1.2060959274e-04,1.2060959274e-04,1.2060959274e-04,1.2060959274e-04,1.2060959274e-04,1.2060959274e-04,1.2060959274e-04,1.2060959274e-04,1.2060959274e-04,1.2060959274e-04,1.2060959274e-04,1.2060959274e-04,1.2060959274e-04,1.2060959274e-04,1.2060959274e-04,1.2060959274e-04,1.2060959274e-04,1.2060959274e-04,1.2060959274e-04,1.2060959274e-04,1.2060959274e-04,1.2060959274e-04,1.2060959274e-04,1.2060959274e-04,1.2060959274e-04,1.2060959274e-04,1.2060959274e-04,1.2060959274e-04,1.2060959274e-04,1.2060959274e-04,1.2060959274e-04,1.2060959274e-04,1.2060959274e-04,1.2060959274e-04,1.2060959274e-04,1.2060959274e-04,1.2060959274e-04,1.2060959274e-04,1.2060959274e-04,1.2060959274e-04,1.2060959274e-04,1.2060959274e-04,1.2060959274e-04,1.2060959274e-04,1.2060959274e-04,1.2060959274e-04,1.2060959274e-04,1.2060959274e-04,1.2060959274e-04,1.2060959274e-04,1.2060959274e-04,1.2060959274e-04,1.2060959274e-04,1.2060959274e-04,1.2060959275e-04,1.2060959275e-04,1.2060959304e-04,1.2060960160e-04,1.2060978330e-04,1.2061256377e-04,1.2064340022e-04,1.2089344823e-04,1.2239589130e-04,1.2921113440e-04,1.5311473947e-04,2.1979260562e-04,3.7228506138e-04,6.6700649725e-04,1.1620933161e-03,1.9030721688e-03,2.9120842886e-03,4.1840832123e-03,5.6896933793e-03,7.6861565750e-03,1.0313270840e-02,1.3743440887e-02,1.8187734601e-02,2.3902913547e-02,3.1199791586e-02,4.0453417363e-02,5.2115796524e-02,6.6732142247e-02,8.4961962490e-02,1.0760664806e-01,1.3564560204e-01,1.7028333264e-01,2.1301029860e-01,2.6568032340e-01,3.3059871518e-01,4.1042049705e-01,5.0432870037e-01,5.5574167792e-01,7.2827688442e-02,2.4995498061e+00,3.7649743198e+00,4.2178927628e+00,4.1558813549e+00,3.8087035549e+00,3.3364695051e+00,2.8390683153e+00,2.3710744930e+00,1.9569164600e+00,1.6032314063e+00,1.3074695182e+00,1.0631616894e+00,8.6277912965e-01,6.9909272745e-01,5.6570439210e-01,4.5717090261e-01,3.6895211145e-01,2.9729817569e-01,2.3912669425e-01,1.9190939479e-01,1.5357436964e-01,1.0888470458e-01,6.3944043133e-02,2.8081114606e-02,8.1202846330e-03,1.6409975926e-03,6.2039571600e-04,5.5144009132e-04,5.4955117032e-04,5.4953055997e-04,5.4953047051e-04,5.4953047036e-04,5.4953047036e-04,5.4953047036e-04,5.4953047036e-04,5.4953047036e-04,5.4953047036e-04,5.4953047036e-04,5.4953047036e-04,5.4953047036e-04,5.4953047036e-04,5.4953047036e-04,5.4953047036e-04,5.4953047036e-04,5.4953047036e-04,5.4953047036e-04,5.4953047036e-04,5.4953047036e-04,5.4953047036e-04,5.4953047036e-04,5.4953047036e-04,5.4953047036e-04,5.4953047036e-04,5.4953047036e-04,5.4953047036e-04,5.4953047036e-04,5.4953047036e-04,5.4953047036e-04,5.4953047036e-04,5.4953047036e-04,5.4953047036e-04,5.4953047036e-04,5.4953047036e-04,5.4953047036e-04,5.4953047036e-04,5.4953047036e-04,5.4953047036e-04,5.4953047036e-04,5.4953047036e-04,5.4953047036e-04,5.4953047036e-04,5.4953047138e-04,5.4953057300e-04,5.4953465924e-04,5.4960167455e-04,5.5007254098e-04,5.5165437101e-04,5.5467645991e-04,5.5861369119e-04,5.6262404061e-04,5.6611583371e-04,5.7046413997e-04,5.7587912024e-04,5.8261910334e-04,5.9100111296e-04,6.0141288443e-04,6.1432535346e-04,6.3030249024e-04,6.5000064256e-04,6.7413981411e-04,7.0341129815e-04,7.3825681394e-04,7.7841483636e-04,8.2209290519e-04,8.6462375172e-04,8.9655527394e-04,9.0137081083e-04,8.5344529566e-04,7.1729122663e-04,4.4934510370e-04,3.1417482707e-06
1.2423197690e-09,5.7562680312e-07,1.4244433514e-06,1.1943342576e-06,9.9074796809e-07,8.2258307814e-07,6.8364918350e-07,5.6880733680e-07,4.7385769315e-07,3.9534681292e-07,3.3042576335e-07,2.7674084832e-07,2.3234631817e-07,1.9563330410e-07,1.6527132344e-07,1.4016006015e-07,1.1938946393e-07,1.0220678156e-07,8.7989279502e-08,7.6221683869e-08,6.6477493373e-08,5.8403546747e-08,5.1707324150e-08,4.3848925801e-08,3.5638922601e-08,2.8424185641e-08,2.3509718928e-08,2.1184936587e-08,2.0512762340e-08,2.0407192441e-08,2.0398917934e-08,2.0398609713e-08,2.0398604574e-08,2.0398604572e-08,2.0398604572e-08,2.0398604572e-08,2.0398604572e-08,2.0398604572e-08,2.0398604572e-08,2.0398604572e-08,2.0398604572e-08,2.0398604572e-08,2.0398604572e-08,2.0398604572e-08,2.0398604572e-08,2.0398604572e-08,2.0398604572e-08,2.0398604572e-08,2.0398604572e-08,2.0398604572e-08,2.0398604572e-08,2.0398604572e-08,2.0398604572e-08,2.0398604572e-08,2.0398604572e-08,2.0398604572e-08,2.0398604572e-08,2.0398604572e-08,2.0398604572e-08,2.0398604572e-08,2.0398604572e-08,2.0398604572e-08,2.0398604572e-08,2.0398604572e-08,2.0398604572e-08,2.0398604572e-08,2.0398604572e-08,2.0398604572e-08,2.0398604572e-08,2.0398604572e-08,2.0398604572e-08,2.0398604586e-08,2.0398611111e-08,2.0398973972e-08,2.0408744389e-08,2.0533604303e-08,2.1329775713e-08,2.4086867969e-08,2.9920852150e-08,3.8491424402e-08,4.8248941814e-08,5.7591568817e-08,6.5554239035e-08,7.5156811421e-08,8.6747801908e-08,1.0074810516e-07,1.1766602415e-07,1.3811583333e-07,1.6284001693e-07,1.9273623361e-07,2.2888991018e-07,2.7261363766e-07,3.2549484483e-07,3.8945342386e-07,4.6681166670e-07,5.6037912526e-07,6.7355681065e-07,8.1046714252e-07,9.7612219585e-07,1.1766505549e-06,1.4193589846e-06,1.6857744148e-06,2.4141009384e-08,1.3932778205e-04,1.4616059927e-04,1.4120932855e-04,1.3696383161e-04,1.3393353350e-04,1.3182107571e-04,1.3036610699e-04,1.2937544644e-04,1.2870874074e-04,1.2826532622e-04,1.2797392240e-04,1.2778471085e-04,1.2766333276e-04,1.2758640974e-04,1.2753824831e-04,1.2750845782e-04,1.2749025154e-04,1.2747925653e-04,1.2747269334e-04,1.2746881868e-04,1.2746655256e-04,1.2746511044e-04,1.2746428896e-04,1.2746387842e-04,1.2746370259e-04,1.2746363972e-04,1.2746362140e-04,1.2746361718e-04,1.2746361642e-04,1.2746361632e-04,1.2746361631e-04,1.2746361631e-04,1.2746361631e-04,1.2746361631e-04,1.2746361631e-04,1.2746361631e-04,1.2746361631e-04,1.2746361631e-04,1.2746361631e-04,1.2746361631e-04,1.2746361631e-04,1.2746361631e-04,1.2746361631e-04,1.2746361631e-04,1.2746361631e-04,1.2746361631e-04,1.2746361631e-04,1.2746361631e-04,1.2746361631e-04,1.2746361631e-04,1.2746361631e-04,1.2746361631e-04,1.2746361631e-04,1.2746361631e-04,1.2746361631e-04,1.2746361631e-04,1.2746361631e-04,1.2746361631e-04,1.2746361631e-04,1.2746361631e-04,1.2746361631e-04,1.2746361631e-04,1.2746361631e-04,1.2746361631e-04,1.2746361631e-04,1.2746361631e-04,1.2746361631e-04,1.2746361631e-04,1.2746361631e-04,1.2746361631e-04,1.2746361631e-04,1.2746361631e-04,1.2746361631e-04,1.2746361631e-04,1.2746361631e-04,1.2746361631e-04,1.2746361631e-04,1.2746361631e-04,1.2746361631e-04,1.2746361631e-04,1.2746361631e-04,1.2746361631e-04,1.2746361631e-04,1.2746361631e-04,1.2746361631e-04,1.2746361631e-04,1.2746361631e-04,1.2746361631e-04,1.2746361631e-04,1.2746361631e-04,1.2746361631e-04,1.2746361631e-04,1.2746361631e-04,1.2746361631e-04,1.2746361631e-04,1.2746361631e-04,1.2746361631e-04,1.2746361631e-04,1.2746361631e-04,1.2746361631e-04,1.2746361631e-04,1.2746361631e-04,1.2746361631e-04,1.2746361631e-04,1.2746361631e-04,1.2746361631e-04,1.2746361631e-04,1.2746361631e-04,1.2746361631e-04,1.2746361631e-04,1.2746361631e-04,1.2746361631e-04,1.2746361631e-04,1.2746361631e-04,1.2746361631e-04,1.2746361631e-04,1.2746361631e-04,1.2746361631e-04,1.2746361631e-04,1.2746361631e-04,1.2746361631e-04,1.2746361631e-04,1.2746361631e-04,1.2746361631e-04,1.2746361631e-04,1.2746361631e-04,1.2746361631e-04,1.2746361631e-04,1.2746361631e-04,1.2746361631e-04,1.2746361631e-04,1.2746361631e-04,1.2746361631e-04,1.2746361631e-04,1.2746361631e-04,1.2746361631e-04,1.2746361631e-04,1.2746361631e-04,1.2746361631e-04,1.2746361631e-04,1.2746361631e-04,1.2746361631e-04,1.2746361631e-04,1.2746361631e-04,1.2746361631e-04,1.2746361631e-04,1.2746361631e-04,1.2746361631e-04,1.2746361631e-04,1.2746361631e-04,1.2746361631e-04,1.2746361631e-04,1.2746361631e-04,1.2746361631e-04,1.2746361631e-04,1.2746361631e-04,1.2746361631e-04,1.2746361631e-04,1.2746361631e-04,1.2746361631e-04,1.2746361631e-04,1.2746361631e-04,1.2746361631e-04,1.2746361634e-04,1.2746361729e-04,1.2746364297e-04,1.2746414181e-04,1.2747112917e-04,1.2754214662e-04,1.2807108261e-04,1.3100076154e-04,1.4331391353e-04,1.8359161357e-04,2.8917589242e-04,5.1793553572e-04,9.4009942847e-04,1.6221945701e-03,2.6104010180e-03,3.9201908905e-03,5.5347750573e-03,7.4107277639e-03,9.8581353385e-03,1.3028598626e-02,1.7106684766e-02,2.2315810526e-02,2.8925164493e-02,3.7258089559e-02,4.7702487103e-02,6.0724021384e-02,7.6883162309e-02,9.6857401105e-02,1.2147029708e-01,1.5172935407e-01,1.8887507382e-01,2.3444387284e-01,2.9034741011e-01,3.5895889838e-01,4.4295037851e-01,5.4072356479e-01,5.8873142232e-01,7.3327200426e-02,2.5513112956e+00,3.8755245803e+00,4.3808306237e+00,4.3557175144e+00,4.0267563939e+00,3.5557255561e+00,3.0469031087e+00,2.5598814656e+00,2.1233694528e+00,1.7470058504e+00,1.4300020398e+00,1.1667134099e+00,9.4984102211e-01,7.7206299579e-01,6.2674408502e-01,5.0816039660e-01,4.1149726057e-01,3.3275691010e-01,2.6864132240e-01,2.1643804826e-01,1.7391917464e-01,1.2413272312e-01,7.3698389300e-02,3.2942589536e-02,9.7534864769e-03,1.9448136874e-03,6.4890084090e-04,5.5564543636e-04,5.5290836949e-04,5.5287627806e-04,5.5287612818e-04,5.5287612791e-04,5.5287612791e-04,5.5287612791e-04,5.5287612791e-04,5.5287612791e-04,5.5287612791e-04,5.5287612791e-04,5.5287612791e-04,5.5287612791e-04,5.5287612791e-04,5.5287612791e-04,5.5287612791e-04,5.5287612791e-04,5.5287612791e-04,5.5287612791e-04,5.5287612791e-04,5.5287612791e-04,5.5287612791e-04,5.5287612791e-04,5.5287612791e-04,5.5287612791e-04,5.5287612791e-04,5.5287612791e-04,5.5287612791e-04,5.5287612791e-04,5.5287612791e-04,5.5287612791e-04,5.5287612791e-04,5.5287612791e-04,5.5287612791e-04,5.5287612791e-04,5.5287612791e-04,5.5287612791e-04,5.5287612791e-04,5.5287612791e-04,5.5287612791e-04,5.5287612791e-04,5.5287612791e-04,5.5287612791e-04,5.5287612791e-04,5.5287612964e-04,5.5287628883e-04,5.5288224737e-04,5.5297359504e-04,5.5357866776e-04,5.5552152926e-04,5.5912462383e-04,5.6373468914e-04,5.6837925274e-04,5.7239607759e-04,5.7737354068e-04,5.8354208027e-04,5.9118381456e-04,6.0064337706e-04,6.1233985190e-04,6.2677813596e-04,6.4455536040e-04,6.6635230473e-04,6.9288880276e-04,7.2480348325e-04,7.6239046883e-04,8.0509294557e-04,8.5063135248e-04,8.9366493956e-04,9.2399688301e-04,9.2457349458e-04,8.6987968435e-04,7.2566761573e-04,4.5103175421e-04,3.4129383321e-06
1.3371235039e-09,6.1231990374e-07,1.5118654461e-06,1.2686093128e-06,1.0521976090e-06,8.7343181888e-07,7.2574459180e-07,6.0366481608e-07,5.0272508667e-07,4.1925454802e-07,3.5022610480e-07,2.9313925753e-07,2.4592693726e-07,2.0687987567e-07,1.7458445082e-07,1.4787148295e-07,1.2577387401e-07,1.0749160616e-07,9.2362781886e-08,7.9839664857e-08,6.9468844735e-08,6.0874838127e-08,5.3746606630e-08,4.5380179950e-08,3.6637791358e-08,2.8953082124e-08,2.3716361976e-08,2.1237723177e-08,2.0520527307e-08,2.0407785396e-08,2.0398939896e-08,2.0398610092e-08,2.0398604574e-08,2.0398604572e-08,2.0398604572e-08,2.0398604572e-08,2.0398604572e-08,2.0398604572e-08,2.0398604572e-08,2.0398604572e-08,2.0398604572e-08,2.0398604572e-08,2.0398604572e-08,2.0398604572e-08,2.0398604572e-08,2.0398604572e-08,2.0398604572e-08,2.0398604572e-08,2.0398604572e-08,2.0398604572e-08,2.0398604572e-08,2.0398604572e-08,2.0398604572e-08,2.0398604572e-08,2.0398604572e-08,2.0398604572e-08,2.0398604572e-08,2.0398604572e-08,2.0398604572e-08,2.0398604572e-08,2.0398604572e-08,2.0398604572e-08,2.0398604572e-08,2.0398604572e-08,2.0398604572e-08,2.0398604572e-08,2.0398604572e-08,2.0398604572e-08,2.0398604572e-08,2.0398604572e-08,2.0398604572e-08,2.0398604617e-08,2.0398611621e-08,2.0399004978e-08,2.0409584213e-08,2.0544648001e-08,2.1405130926e-08,2.4382754265e-08,3.0679870774e-08,3.9927164769e-08,5.0452283320e-08,6.0528045781e-08,6.9114521329e-08,7.9468392780e-08,9.1965065712e-08,1.0705786002e-07,1.2529419311e-07,1.4733554068e-07,1.7398136503e-07,2.0619812237e-07,2.4515431465e-07,2.9226286467e-07,3.4923238814e-07,4.1812918205e-07,5.0145249517e-07,6.0222598335e-07,7.2411030416e-07,8.7154410179e-07,1.0499272834e-06,1.2658677263e-06,1.5272053654e-06,1.8118983702e-06,2.6091093381e-08,1.4839399555e-04,1.5632606488e-04,1.5079629526e-04,1.4592881346e-04,1.4240520556e-04,1.3991588554e-04,1.3817704547e-04,1.3697522807e-04,1.3615344595e-04,1.3559761557e-04,1.3522579280e-04,1.3497981782e-04,1.3481891112e-04,1.3471483230e-04,1.3464826675e-04,1.3460617122e-04,1.3457984779e-04,1.3456356901e-04,1.3455361092e-04,1.3454758202e-04,1.3454396413e-04,1.3454159385e-04,1.3454019643e-04,1.3453946936e-04,1.3453914305e-04,1.3453901991e-04,1.3453898183e-04,1.3453897242e-04,1.3453897061e-04,1.3453897035e-04,1.3453897032e-04,1.3453897032e-04,1.3453897032e-04,1.3453897032e-04,1.3453897032e-04,1.3453897032e-04,1.3453897032e-04,1.3453897032e-04,1.3453897032e-04,1.3453897032e-04,1.3453897032e-04,1.3453897032e-04,1.3453897032e-04,1.3453897032e-04,1.3453897032e-04,1.3453897032e-04,1.3453897032e-04,1.3453897032e-04,1.3453897032e-04,1.3453897032e-04,1.3453897032e-04,1.3453897032e-04,1.3453897032e-04,1.3453897032e-04,1.3453897032e-04,1.3453897032e-04,1.3453897032e-04,1.3453897032e-04,1.3453897032e-04,1.3453897032e-04,1.3453897032e-04,1.3453897032e-04,1.3453897032e-04,1.3453897032e-04,1.3453897032e-04,1.3453897032e-04,1.3453897032e-04,1.3453897032e-04,1.3453897032e-04,1.3453897032e-04,1.3453897032e-04,1.3453897032e-04,1.3453897032e-04,1.3453897032e-04,1.3453897032e-04,1.3453897032e-04,1.3453897032e-04,1.3453897032e-04,1.3453897032e-04,1.3453897032e-04,1.3453897032e-04,1.3453897032e-04,1.3453897032e-04,1.3453897032e-04,1.3453897032e-04,1.3453897032e-04,1.3453897032e-04,1.3453897032e-04,1.3453897032e-04,1.3453897032e-04,1.3453897032e-04,1.3453897032e-04,1.3453897032e-04,1.3453897032e-04,1.3453897032e-04,1.3453897032e-04,1.3453897032e-04,1.3453897032e-04,1.3453897032e-04,1.3453897032e-04,1.3453897032e-04,1.3453897032e-04,1.3453897032e-04,1.3453897032e-04,1.3453897032e-04,1.3453897032e-04,1.3453897032e-04,1.3453897032e-04,1.3453897032e-04,1.3453897032e-04,1.3453897032e-04,1.3453897032e-04,1.3453897032e-04,1.3453897032e-04,1.3453897032e-04,1.3453897032e-04,1.3453897032e-04,1.3453897032e-04,1.3453897032e-04,1.3453897032e-04,1.3453897032e-04,1.3453897032e-04,1.3453897032e-04,1.3453897032e-04,1.3453897032e-04,1.3453897032e-04,1.3453897032e-04,1.3453897032e-04,1.3453897032e-04,1.3453897032e-04,1.3453897032e-04,1.3453897032e-04,1.3453897032e-04,1.3453897032e-04,1.3453897032e-04,1.3453897032e-04,1.3453897032e-04,1.3453897032e-04,1.3453897032e-04,1.3453897032e-04,1.3453897032e-04,1.3453897032e-04,1.3453897032e-04,1.3453897032e-04,1.3453897032e-04,1.3453897032e-04,1.3453897032e-04,1.3453897032e-04,1.3453897032e-04,1.3453897032e-04,1.3453897032e-04,1.3453897032e-04,1.3453897032e-04,1.3453897032e-04,1.3453897032e-04,1.3453897032e-04,1.3453897032e-04,1.3453897032e-04,1.3453897032e-04,1.3453897032e-04,1.3453897032e-04,1.3453897032e-04,1.3453897032e-04,1.3453897041e-04,1.3453897343e-04,1.3453904794e-04,1.3454037208e-04,1.3455735250e-04,1.3471557615e-04,1.3579874968e-04,1.4133534657e-04,1.6292920410e-04,2.2893367054e-04,3.9188659207e-04,7.2710198207e-04,1.3190701368e-03,2.2408261787e-03,3.5358061966e-03,5.2090141637e-03,7.2285713447e-03,9.5345182791e-03,1.2497387149e-02,1.6279809809e-02,2.1077574093e-02,2.7125421229e-02,3.4703981105e-02,4.4148330285e-02,5.5858789505e-02,7.0314786979e-02,8.8092857660e-02,1.0989012163e-01,1.3655488007e-01,1.6912627924e-01,2.0888531817e-01,2.5741979524e-01,3.1670541690e-01,3.8918887629e-01,4.7754764825e-01,5.7924849715e-01,6.2311878616e-01,7.3872489026e-02,2.6017980171e+00,3.9842993090e+00,4.5427873748e+00,4.5566025379e+00,4.2485716231e+00,3.7814097979e+00,3.2632026705e+00,2.7582941500e+00,2.2997029225e+00,1.9002745641e+00,1.5612356170e+00,1.2779859710e+00,1.0436104765e+00,8.5078424400e-01,6.9267687513e-01,5.6329603139e-01,4.5754886815e-01,3.7117903431e-01,3.0066012424e-01,2.4308301959e-01,1.9605253932e-01,1.4076579787e-01,8.4393490364e-02,3.8329357399e-02,1.1603775145e-02,2.3027533914e-03,6.8318819853e-04,5.5950738608e-04,5.5562933974e-04,5.5558059350e-04,5.5558034901e-04,5.5558034853e-04,5.5558034853e-04,5.5558034853e-04,5.5558034853e-04,5.5558034853e-04,5.5558034853e-04,5.5558034853e-04,5.5558034853e-04,5.5558034853e-04,5.5558034853e-04,5.5558034853e-04,5.5558034853e-04,5.5558034853e-04,5.5558034853e-04,5.5558034853e-04,5.5558034853e-04,5.5558034853e-04,5.5558034853e-04,5.5558034853e-04,5.5558034853e-04,5.5558034853e-04,5.5558034853e-04,5.5558034853e-04,5.5558034853e-04,5.5558034853e-04,5.5558034853e-04,5.5558034853e-04,5.5558034853e-04,5.5558034853e-04,5.5558034853e-04,5.5558034853e-04,5.5558034853e-04,5.5558034853e-04,5.5558034853e-04,5.5558034853e-04,5.5558034853e-04,5.5558034853e-04,5.5558034853e-04,5.5558034853e-04,5.5558034854e-04,5.5558035137e-04,5.5558059443e-04,5.5558908135e-04,5.5571103710e-04,5.5647511710e-04,5.5882815860e-04,5.6307546586e-04,5.6842160764e-04,5.7375472529e-04,5.7833899141e-04,5.8399419995e-04,5.9097189795e-04,5.9957880310e-04,6.1018777599e-04,6.2324925626e-04,6.3930070151e-04,6.5896817670e-04,6.8294762755e-04,7.1194159550e-04,7.4650857848e-04,7.8675744596e-04,8.3179464933e-04,8.7882447912e-04,9.2184202336e-04,9.4998085791e-04,9.4580213495e-04,8.8410316633e-04,7.3205972836e-04,4.5150321475e-04,3.7024217700e-06
1.4930284562e-09,6.7074037507e-07,1.6500594514e-06,1.3863746469e-06,1.1496255593e-06,9.5404538611e-07,7.9247961558e-07,6.5892719524e-07,5.4849409110e-07,4.5716349839e-07,3.8162541233e-07,3.1914655684e-07,2.6746765231e-07,2.2472041249e-07,1.8935955598e-07,1.6010684330e-07,1.3590482345e-07,1.1587861369e-07,9.9304274330e-08,8.5582639121e-08,7.4217658425e-08,6.4798477238e-08,5.6984709028e-08,4.7812003464e-08,3.8224507285e-08,2.9793542177e-08,2.4044902443e-08,2.1321705654e-08,2.0532891580e-08,2.0408730502e-08,2.0398974957e-08,2.0398610671e-08,2.0398604574e-08,2.0398604572e-08,2.0398604572e-08,2.0398604572e-08,2.0398604572e-08,2.0398604572e-08,2.0398604572e-08,2.0398604572e-08,2.0398604572e-08,2.0398604572e-08,2.0398604572e-08,2.0398604572e-08,2.0398604572e-08,2.0398604572e-08,2.0398604572e-08,2.0398604572e-08,2.0398604572e-08,2.0398604572e-08,2.0398604572e-08,2.0398604572e-08,2.0398604572e-08,2.0398604572e-08,2.0398604572e-08,2.0398604572e-08,2.0398604572e-08,2.0398604572e-08,2.0398604572e-08,2.0398604572e-08,2.0398604572e-08,2.0398604572e-08,2.0398604572e-08,2.0398604572e-08,2.0398604572e-08,2.0398604572e-08,2.0398604572e-08,2.0398604572e-08,2.0398604572e-08,2.0398604572e-08,2.0398604572e-08,2.0398604665e-08,2.0398612470e-08,2.0399056189e-08,2.0410970027e-08,2.0562859632e-08,2.1529321638e-08,2.4870161027e-08,3.1929738504e-08,4.2290791851e-08,5.4078978410e-08,6.5360927915e-08,7.4973618569e-08,8.6563353871e-08,1.0054973501e-07,1.1743937526e-07,1.3784397197e-07,1.6250256612e-07,1.9230824549e-07,2.2834050216e-07,2.7190432457e-07,3.2457746468e-07,3.8826762506e-07,4.6528163700e-07,5.5840954289e-07,6.7102703828e-07,8.0722211516e-07,9.7195461615e-07,1.1712645969e-06,1.4125512762e-06,1.7045136670e-06,2.0186095434e-06,2.9371220356e-08,1.6293508961e-04,1.7282860726e-04,1.6634316670e-04,1.6039651561e-04,1.5600265413e-04,1.5283971436e-04,1.5058637742e-04,1.4899599977e-04,1.4788409598e-04,1.4711415621e-04,1.4658618787e-04,1.4622770384e-04,1.4598671161e-04,1.4582632176e-04,1.4572064603e-04,1.4565171929e-04,1.4560721255e-04,1.4557875986e-04,1.4556074750e-04,1.4554945038e-04,1.4554242230e-04,1.4553762595e-04,1.4553465802e-04,1.4553302347e-04,1.4553223947e-04,1.4553191997e-04,1.4553181216e-04,1.4553178281e-04,1.4553177656e-04,1.4553177553e-04,1.4553177540e-04,1.4553177539e-04,1.4553177539e-04,1.4553177539e-04,1.4553177539e-04,1.4553177539e-04,1.4553177539e-04,1.4553177539e-04,1.4553177539e-04,1.4553177539e-04,1.4553177539e-04,1.4553177539e-04,1.4553177539e-04,1.4553177539e-04,1.4553177539e-04,1.4553177539e-04,1.4553177539e-04,1.4553177539e-04,1.4553177539e-04,1.4553177539e-04,1.4553177539e-04,1.4553177539e-04,1.4553177539e-04,1.4553177539e-04,1.4553177539e-04,1.4553177539e-04,1.4553177539e-04,1.4553177539e-04,1.4553177539e-04,1.4553177539e-04,1.4553177539e-04,1.4553177539e-04,1.4553177539e-04,1.4553177539e-04,1.4553177539e-04,1.4553177539e-04,1.4553177539e-04,1.4553177539e-04,1.4553177539e-04,1.4553177539e-04,1.4553177539e-04,1.4553177539e-04,1.4553177539e-04,1.4553177539e-04,1.4553177539e-04,1.4553177539e-04,1.4553177539e-04,1.4553177539e-04,1.4553177539e-04,1.4553177539e-04,1.4553177539e-04,1.4553177539e-04,1.4553177539e-04,1.4553177539e-04,1.4553177539e-04,1.4553177539e-04,1.4553177539e-04,1.4553177539e-04,1.4553177539e-04,1.4553177539e-04,1.4553177539e-04,1.4553177539e-04,1.4553177539e-04,1.4553177539e-04,1.4553177539e-04,1.4553177539e-04,1.4553177539e-04,1.4553177539e-04,1.4553177539e-04,1.4553177539e-04,1.4553177539e-04,1.4553177539e-04,1.4553177539e-04,1.4553177539e-04,1.4553177539e-04,1.4553177539e-04,1.4553177539e-04,1.4553177539e-04,1.4553177539e-04,1.4553177539e-04,1.4553177539e-04,1.4553177539e-04,1.4553177539e-04,1.4553177539e-04,1.4553177539e-04,1.4553177539e-04,1.4553177539e-04,1.4553177539e-04,1.4553177539e-04,1.4553177539e-04,1.4553177539e-04,1.4553177539e-04,1.4553177539e-04,1.4553177539e-04,1.4553177539e-04,1.4553177539e-04,1.4553177539e-04,1.4553177539e-04,1.4553177539e-04,1.4553177539e-04,1.4553177539e-04,1.4553177539e-04,1.4553177539e-04,1.4553177539e-04,1.4553177539e-04,1.4553177539e-04,1.4553177539e-04,1.4553177539e-04,1.4553177539e-04,1.4553177539e-04,1.4553177539e-04,1.4553177539e-04,1.4553177539e-04,1.4553177539e-04,1.4553177539e-04,1.4553177539e-04,1.4553177539e-04,1.4553177539e-04,1.4553177539e-04,1.4553177539e-04,1.4553177539e-04,1.4553177539e-04,1.4553177539e-04,1.4553177539e-04,1.4553177539e-04,1.4553177539e-04,1.4553177539e-04,1.4553177539e-04,1.4553177539e-04,1.4553177539e-04,1.4553177539e-04,1.4553177539e-04,1.4553177540e-04,1.4553177593e-04,1.4553179193e-04,1.4553213781e-04,1.4553751762e-04,1.4559797308e-04,1.4609291241e-04,1.4908339670e-04,1.6266662028e-04,2.1017474671e-04,3.4184291846e-04,6.4017654886e-04,1.2103444046e-03,2.1566010020e-03,3.5556198536e-03,5.4385025092e-03,7.7866001576e-03,1.0539140554e-02,1.3607225515e-02,1.7467308589e-02,2.2296928173e-02,2.8306925953e-02,3.5747312999e-02,4.4914468831e-02,5.6160241472e-02,6.9903627037e-02,8.6645900879e-02,1.0699029141e-01,1.3166752949e-01,1.6156886842e-01,1.9778845217e-01,2.4167721685e-01,2.9491080302e-01,3.5957303170e-01,4.3823042735e-01,5.3353600785e-01,6.4120916306e-01,6.7732864075e-01,7.4784733753e-02,2.6748968093e+00,4.1435811802e+00,4.7829487604e+00,4.8586237402e+00,4.5869476311e+00,4.1307626537e+00,3.6027371946e+00,3.0737082327e+00,2.5830623948e+00,2.1487339978e+00,1.7754088944e+00,1.4604796452e+00,1.1979355463e+00,9.8065989382e-01,8.0164456602e-01,6.5454194737e-01,5.3384911838e-01,4.3490852423e-01,3.5382945255e-01,2.8738419212e-01,2.3290431231e-01,1.6852907271e-01,1.0233148920e-01,4.7455604473e-02,1.4808637199e-02,2.9495524936e-03,7.4748661366e-04,5.6497658851e-04,5.5869571873e-04,5.5860851038e-04,5.5860802552e-04,5.5860802445e-04,5.5860802445e-04,5.5860802445e-04,5.5860802445e-04,5.5860802445e-04,5.5860802445e-04,5.5860802445e-04,5.5860802445e-04,5.5860802445e-04,5.5860802445e-04,5.5860802445e-04,5.5860802445e-04,5.5860802445e-04,5.5860802445e-04,5.5860802445e-04,5.5860802445e-04,5.5860802445e-04,5.5860802445e-04,5.5860802445e-04,5.5860802445e-04,5.5860802445e-04,5.5860802445e-04,5.5860802445e-04,5.5860802445e-04,5.5860802445e-04,5.5860802445e-04,5.5860802445e-04,5.5860802445e-04,5.5860802445e-04,5.5860802445e-04,5.5860802445e-04,5.5860802445e-04,5.5860802445e-04,5.5860802445e-04,5.5860802445e-04,5.5860802445e-04,5.5860802445e-04,5.5860802445e-04,5.5860802445e-04,5.5860802447e-04,5.5860803010e-04,5.5860846742e-04,5.5862228833e-04,5.5880353481e-04,5.5985496373e-04,5.6291562775e-04,5.6824571346e-04,5.7481165079e-04,5.8127671397e-04,5.8678936558e-04,5.9354951685e-04,6.0184170937e-04,6.1201064894e-04,6.2447181425e-04,6.3972105575e-04,6.5833918790e-04,6.8098319025e-04,7.0834798102e-04,7.4107051954e-04,7.7953132558e-04,8.2349011779e-04,8.7148100556e-04,9.1990494886e-04,9.6181588880e-04,9.8552177459e-04,9.7331018058e-04,9.0081259340e-04,7.3763932996e-04,4.4981843569e-04,4.1718462301e-06
1.6069139658e-09,7.1195742930e-07,1.7467861538e-06,1.4690795474e-06,1.2180469530e-06,1.0106528425e-06,8.3933990507e-07,6.9773262308e-07,5.8063549653e-07,4.8378774198e-07,4.0368025705e-07,3.3741622509e-07,2.8260146300e-07,2.3725613551e-07,1.9974261619e-07,1.6870617866e-07,1.4302599649e-07,1.2177466956e-07,1.0418473117e-07,8.9620929963e-08,7.7557294979e-08,6.7558144030e-08,5.9262492546e-08,4.9522942423e-08,3.9341168433e-08,3.0385259872e-08,2.4276341327e-08,2.1380912332e-08,2.0541616479e-08,2.0409398117e-08,2.0398999732e-08,2.0398611098e-08,2.0398604574e-08,2.0398604572e-08,2.0398604572e-08,2.0398604572e-08,2.0398604572e-08,2.0398604572e-08,2.0398604572e-08,2.0398604572e-08,2.0398604572e-08,2.0398604572e-08,2.0398604572e-08,2.0398604572e-08,2.0398604572e-08,2.0398604572e-08,2.0398604572e-08,2.0398604572e-08,2.0398604572e-08,2.0398604572e-08,2.0398604572e-08,2.0398604572e-08,2.0398604572e-08,2.0398604572e-08,2.0398604572e-08,2.0398604572e-08,2.0398604572e-08,2.0398604572e-08,2.0398604572e-08,2.0398604572e-08,2.0398604572e-08,2.0398604572e-08,2.0398604572e-08,2.0398604572e-08,2.0398604572e-08,2.0398604572e-08,2.0398604572e-08,2.0398604572e-08,2.0398604572e-08,2.0398604572e-08,2.0398604572e-08,2.0398604696e-08,2.0398613099e-08,2.0399093730e-08,2.0411986127e-08,2.0576202684e-08,2.1620253343e-08,2.5226850727e-08,3.2844051223e-08,4.4019381753e-08,5.6730797853e-08,6.8894266277e-08,7.9256869484e-08,9.1749648529e-08,1.0682446847e-07,1.2502684775e-07,1.4701540442e-07,1.7358579400e-07,2.0569943347e-07,2.4451830499e-07,2.9144699454e-07,3.4818352692e-07,4.1678087741e-07,4.9972141165e-07,6.0000746030e-07,7.2127188726e-07,8.6791520007e-07,1.0452789480e-06,1.2598726172e-06,1.5196756471e-06,1.8339989090e-06,2.1690623468e-06,3.1823519748e-08,1.7328192074e-04,1.8472265567e-04,1.7754213856e-04,1.7076805101e-04,1.6569589641e-04,1.6200152975e-04,1.5933716995e-04,1.5743210307e-04,1.5608171418e-04,1.5513292265e-04,1.5447225191e-04,1.5401637292e-04,1.5370468355e-04,1.5349354455e-04,1.5335184547e-04,1.5325763401e-04,1.5319557825e-04,1.5315508053e-04,1.5312889112e-04,1.5311210111e-04,1.5310141899e-04,1.5309394125e-04,1.5308917241e-04,1.5308645076e-04,1.5308508965e-04,1.5308450730e-04,1.5308429955e-04,1.5308423940e-04,1.5308422564e-04,1.5308422321e-04,1.5308422289e-04,1.5308422286e-04,1.5308422285e-04,1.5308422285e-04,1.5308422285e-04,1.5308422285e-04,1.5308422285e-04,1.5308422285e-04,1.5308422285e-04,1.5308422285e-04,1.5308422285e-04,1.5308422285e-04,1.5308422285e-04,1.5308422285e-04,1.5308422285e-04,1.5308422285e-04,1.5308422285e-04,1.5308422285e-04,1.5308422285e-04,1.5308422285e-04,1.5308422285e-04,1.5308422285e-04,1.5308422285e-04,1.5308422285e-04,1.5308422285e-04,1.5308422285e-04,1.5308422285e-04,1.5308422285e-04,1.5308422285e-04,1.5308422285e-04,1.5308422285e-04,1.5308422285e-04,1.5308422285e-04,1.5308422285e-04,1.5308422285e-04,1.5308422285e-04,1.5308422285e-04,1.5308422285e-04,1.5308422285e-04,1.5308422285e-04,1.5308422285e-04,1.5308422285e-04,1.5308422285e-04,1.5308422285e-04,1.5308422285e-04,1.5308422285e-04,1.5308422285e-04,1.5308422285e-04,1.5308422285e-04,1.5308422285e-04,1.5308422285e-04,1.5308422285e-04,1.5308422285e-04,1.5308422285e-04,1.5308422285e-04,1.5308422285e-04,1.5308422285e-04,1.5308422285e-04,1.5308422285e-04,1.5308422285e-04,1.5308422285e-04,1.5308422285e-04,1.5308422285e-04,1.5308422285e-04,1.5308422285e-04,1.5308422285e-04,1.5308422285e-04,1.5308422285e-04,1.5308422285e-04,1.5308422285e-04,1.5308422285e-04,1.5308422285e-04,1.5308422285e-04,1.5308422285e-04,1.5308422285e-04,1.5308422285e-04,1.5308422285e-04,1.5308422285e-04,1.5308422285e-04,1.5308422285e-04,1.5308422285e-04,1.5308422285e-04,1.5308422285e-04,1.5308422285e-04,1.5308422285e-04,1.5308422285e-04,1.5308422285e-04,1.5308422285e-04,1.5308422285e-04,1.5308422285e-04,1.5308422285e-04,1.5308422285e-04,1.5308422285e-04,1.5308422285e-04,1.5308422285e-04,1.5308422285e-04,1.5308422285e-04,1.5308422285e-04,1.5308422285e-04,1.5308422285e-04,1.5308422285e-04,1.5308422285e-04,1.5308422285e-04,1.5308422285e-04,1.5308422285e-04,1.5308422285e-04,1.5308422285e-04,1.5308422285e-04,1.5308422285e-04,1.5308422285e-04,1.5308422285e-04,1.5308422285e-04,1.5308422285e-04,1.5308422285e-04,1.5308422285e-04,1.5308422285e-04,1.5308422285e-04,1.5308422285e-04,1.5308422285e-04,1.5308422285e-04,1.5308422285e-04,1.5308422285e-04,1.5308422285e-04,1.5308422285e-04,1.5308422285e-04,1.5308422285e-04,1.5308422285e-04,1.5308422285e-04,1.5308422285e-04,1.5308422285e-04,1.5308422285e-04,1.5308422285e-04,1.5308422290e-04,1.5308422459e-04,1.5308427126e-04,1.5308519481e-04,1.5309833980e-04,1.5323365529e-04,1.5425062111e-04,1.5991119715e-04,1.8371750262e-04,2.6132284181e-04,4.6334427397e-04,8.9684858776e-04,1.6878732106e-03,2.9506938697e-03,4.7585613830e-03,7.1278908879e-03,1.0018763618e-02,1.3347300918e-02,1.7003125178e-02,2.1543975947e-02,2.7156225787e-02,3.4059686492e-02,4.2513663740e-02,5.2824493692e-02,6.5355175628e-02,8.0537806737e-02,9.8889706912e-02,1.2103432534e-01,1.4772824573e-01,1.7989585357e-01,2.1867350051e-01,2.6546530466e-01,3.2201299530e-01,3.9048070325e-01,4.7352035396e-01,5.7373769900e-01,6.8541434296e-01,7.1521585568e-01,7.5461870195e-02,2.7217132539e+00,4.2468152578e+00,4.9405837784e+00,5.0595681115e+00,4.8153118048e+00,4.3699619417e+00,3.8384855123e+00,3.2955531841e+00,2.7846348284e+00,2.3271629333e+00,1.9303793092e+00,1.5932849209e+00,1.3107107949e+00,1.0758489444e+00,8.8167572631e-01,7.2165804594e-01,5.9003705849e-01,4.8188579593e-01,3.9305926374e-01,3.2010243124e-01,2.6014943169e-01,1.8909244170e-01,1.1566397426e-01,5.4288776860e-02,1.7248564327e-02,3.4591516211e-03,8.0018907945e-04,5.6862555164e-04,5.6018359269e-04,5.6005879491e-04,5.6005805393e-04,5.6005805218e-04,5.6005805218e-04,5.6005805218e-04,5.6005805218e-04,5.6005805218e-04,5.6005805218e-04,5.6005805218e-04,5.6005805218e-04,5.6005805218e-04,5.6005805218e-04,5.6005805218e-04,5.6005805218e-04,5.6005805218e-04,5.6005805218e-04,5.6005805218e-04,5.6005805218e-04,5.6005805218e-04,5.6005805218e-04,5.6005805218e-04,5.6005805218e-04,5.6005805218e-04,5.6005805218e-04,5.6005805218e-04,5.6005805218e-04,5.6005805218e-04,5.6005805218e-04,5.6005805218e-04,5.6005805218e-04,5.6005805218e-04,5.6005805218e-04,5.6005805218e-04,5.6005805218e-04,5.6005805218e-04,5.6005805218e-04,5.6005805218e-04,5.6005805218e-04,5.6005805218e-04,5.6005805218e-04,5.6005805218e-04,5.6005805221e-04,5.6005806085e-04,5.6005868799e-04,5.6007729682e-04,5.6030782858e-04,5.6158401120e-04,5.6517689057e-04,5.7130410907e-04,5.7875776524e-04,5.8604123569e-04,5.9222243409e-04,5.9977583356e-04,6.0900862419e-04,6.2029109799e-04,6.3406646740e-04,6.5085826107e-04,6.7127008863e-04,6.9596764277e-04,7.2562477266e-04,7.6080374376e-04,8.0172536179e-04,8.4787157780e-04,8.9736073223e-04,9.4605848089e-04,9.8645315214e-04,1.0064429571e-03,9.8834240581e-04,9.0856741659e-04,7.3851715869e-04,4.4704050057e-04,4.5086622430e-06
1.7294674544e-09,7.5498787974e-07,1.8470487319e-06,1.5550677358e-06,1.2891847875e-06,1.0695022365e-06,8.8805421607e-07,7.3807398811e-07,6.1405094631e-07,5.1146963304e-07,4.2661349177e-07,3.5641555693e-07,2.9834143372e-07,2.5029541639e-07,2.1054397734e-07,1.7765295985e-07,1.5043572393e-07,1.2791032551e-07,1.0926408557e-07,9.3824268472e-08,8.1033814604e-08,7.0431247021e-08,6.1634174950e-08,5.1304715858e-08,4.0504353684e-08,3.1001858591e-08,2.4517638566e-08,2.1442684389e-08,2.0550727349e-08,2.0410095898e-08,2.0399025676e-08,2.0398611531e-08,2.0398604602e-08,2.0398604572e-08,2.0398604572e-08,2.0398604572e-08,2.0398604572e-08,2.0398604572e-08,2.0398604572e-08,2.0398604572e-08,2.0398604572e-08,2.0398604572e-08,2.0398604572e-08,2.0398604572e-08,2.0398604572e-08,2.0398604572e-08,2.0398604572e-08,2.0398604572e-08,2.0398604572e-08,2.0398604572e-08,2.0398604572e-08,2.0398604572e-08,2.0398604572e-08,2.0398604572e-08,2.0398604572e-08,2.0398604572e-08,2.0398604572e-08,2.0398604572e-08,2.0398604572e-08,2.0398604572e-08,2.0398604572e-08,2.0398604572e-08,2.0398604572e-08,2.0398604572e-08,2.0398604572e-08,2.0398604572e-08,2.0398604572e-08,2.0398604572e-08,2.0398604572e-08,2.0398604572e-08,2.0398604572e-08,2.0398604700e-08,2.0398613778e-08,2.0399134304e-08,2.0413083155e-08,2.0590599154e-08,2.1718307976e-08,2.5611303557e-08,3.3829192447e-08,4.5881432075e-08,5.9586892890e-08,7.2699366733e-08,8.3869222419e-08,9.7334023360e-08,1.1358033835e-07,1.3319552711e-07,1.5688866693e-07,1.8551629072e-07,2.2011328832e-07,2.6193033218e-07,3.1247908738e-07,3.7358688351e-07,4.4746288196e-07,5.3677819944e-07,6.4476351877e-07,7.7532851204e-07,9.3321039775e-07,1.1241624514e-06,1.3552009597e-06,1.6349314895e-06,1.9733068682e-06,2.3304561411e-06,3.4514226206e-08,1.8417021419e-04,1.9737743631e-04,1.8945744926e-04,1.8176081635e-04,1.7592211412e-04,1.7162158634e-04,1.6848396603e-04,1.6621283131e-04,1.6458191367e-04,1.6342018981e-04,1.6259946922e-04,1.6202448401e-04,1.6162505193e-04,1.6134993470e-04,1.6116206561e-04,1.6103487994e-04,1.6094951807e-04,1.6089271711e-04,1.6085523887e-04,1.6083070881e-04,1.6081476812e-04,1.6080333796e-04,1.6079583727e-04,1.6079140935e-04,1.6078910499e-04,1.6078807210e-04,1.6078768339e-04,1.6078756383e-04,1.6078753458e-04,1.6078752903e-04,1.6078752823e-04,1.6078752814e-04,1.6078752814e-04,1.6078752814e-04,1.6078752814e-04,1.6078752814e-04,1.6078752814e-04,1.6078752814e-04,1.6078752814e-04,1.6078752814e-04,1.6078752814e-04,1.6078752814e-04,1.6078752814e-04,1.6078752814e-04,1.6078752814e-04,1.6078752814e-04,1.6078752814e-04,1.6078752814e-04,1.6078752814e-04,1.6078752814e-04,1.6078752814e-04,1.6078752814e-04,1.6078752814e-04,1.6078752814e-04,1.6078752814e-04,1.6078752814e-04,1.6078752814e-04,1.6078752814e-04,1.6078752814e-04,1.6078752814e-04,1.6078752814e-04,1.6078752814e-04,1.6078752814e-04,1.6078752814e-04,1.6078752814e-04,1.6078752814e-04,1.6078752814e-04,1.6078752814e-04,1.6078752814e-04,1.6078752814e-04,1.6078752814e-04,1.6078752814e-04,1.6078752814e-04,1.6078752814e-04,1.6078752814e-04,1.6078752814e-04,1.6078752814e-04,1.6078752814e-04,1.6078752814e-04,1.6078752814e-04,1.6078752814e-04,1.6078752814e-04,1.6078752814e-04,1.6078752814e-04,1.6078752814e-04,1.6078752814e-04,1.6078752814e-04,1.6078752814e-04,1.6078752814e-04,1.6078752814e-04,1.6078752814e-04,1.6078752814e-04,1.6078752814e-04,1.6078752814e-04,1.6078752814e-04,1.6078752814e-04,1.6078752814e-04,1.6078752814e-04,1.6078752814e-04,1.6078752814e-04,1.6078752814e-04,1.6078752814e-04,1.6078752814e-04,1.6078752814e-04,1.6078752814e-04,1.6078752814e-04,1.6078752814e-04,1.6078752814e-04,1.6078752814e-04,1.6078752814e-04,1.6078752814e-04,1.6078752814e-04,1.6078752814e-04,1.6078752814e-04,1.6078752814e-04,1.6078752814e-04,1.6078752814e-04,1.6078752814e-04,1.6078752814e-04,1.6078752814e-04,1.6078752814e-04,1.6078752814e-04,1.6078752814e-04,1.6078752814e-04,1.6078752814e-04,1.6078752814e-04,1.6078752814e-04,1.6078752814e-04,1.6078752814e-04,1.6078752814e-04,1.6078752814e-04,1.6078752814e-04,1.6078752814e-04,1.6078752814e-04,1.6078752814e-04,1.6078752814e-04,1.6078752814e-04,1.6078752814e-04,1.6078752814e-04,1.6078752814e-04,1.6078752814e-04,1.6078752814e-04,1.6078752814e-04,1.6078752814e-04,1.6078752814e-04,1.6078752814e-04,1.6078752814e-04,1.6078752814e-04,1.6078752814e-04,1.6078752814e-04,1.6078752814e-04,1.6078752814e-04,1.6078752814e-04,1.6078752814e-04,1.6078752814e-04,1.6078752814e-04,1.6078752814e-04,1.6078752814e-04,1.6078752814e-04,1.6078752814e-04,1.6078752814e-04,1.6078752814e-04,1.6078752829e-04,1.6078753351e-04,1.6078766535e-04,1.6079005197e-04,1.6082114002e-04,1.6111440125e-04,1.6313907051e-04,1.7353225860e-04,2.1406607444e-04,3.3745849453e-04,6.3982602716e-04,1.2556957833e-03,2.3310046831e-03,3.9856609558e-03,6.2835374780e-03,9.2207232439e-03,1.2731801526e-02,1.6707231281e-02,2.1014019378e-02,2.6299965738e-02,3.2759482402e-02,4.0620688702e-02,5.0151768821e-02,6.1668966348e-02,7.5546868624e-02,9.2231705082e-02,1.1225855437e-01,1.3627354597e-01,1.6506235414e-01,1.9958651804e-01,2.4102938872e-01,2.9085380840e-01,3.5087386114e-01,4.2334068583e-01,5.1099495542e-01,6.1636110772e-01,7.3202630760e-01,7.5448738986e-01,7.6199436061e-02,2.7668664958e+00,4.3473930776e+00,5.0957424066e+00,5.2594872401e+00,5.0450714336e+00,4.6133862836e+00,4.0811036717e+00,3.5262892319e+00,2.9962950348e+00,2.5160683540e+00,2.0955633548e+00,1.7355991831e+00,1.4320476638e+00,1.1785648328e+00,9.6821531311e-01,7.9433969669e-01,6.5095000765e-01,5.3285619005e-01,4.3565397443e-01,3.5565076300e-01,2.8977132185e-01,2.1147476591e-01,1.3020585279e-01,6.1774077653e-02,1.9948229513e-02,4.0356030876e-03,8.6168495540e-04,5.7244784146e-04,5.6131951234e-04,5.6114492088e-04,5.6114381685e-04,5.6114381405e-04,5.6114381405e-04,5.6114381405e-04,5.6114381405e-04,5.6114381405e-04,5.6114381405e-04,5.6114381405e-04,5.6114381405e-04,5.6114381405e-04,5.6114381405e-04,5.6114381405e-04,5.6114381405e-04,5.6114381405e-04,5.6114381405e-04,5.6114381405e-04,5.6114381405e-04,5.6114381405e-04,5.6114381405e-04,5.6114381405e-04,5.6114381405e-04,5.6114381405e-04,5.6114381405e-04,5.6114381405e-04,5.6114381405e-04,5.6114381405e-04,5.6114381405e-04,5.6114381405e-04,5.6114381405e-04,5.6114381405e-04,5.6114381405e-04,5.6114381405e-04,5.6114381405e-04,5.6114381405e-04,5.6114381405e-04,5.6114381405e-04,5.6114381405e-04,5.6114381405e-04,5.6114381405e-04,5.6114381405e-04,5.6114381411e-04,5.6114382699e-04,5.6114470486e-04,5.6116923421e-04,5.6145729173e-04,5.6298459989e-04,5.6715648104e-04,5.7413873272e-04,5.8253742180e-04,5.9068833748e-04,5.9757615025e-04,6.0596604001e-04,6.1618806743e-04,6.2863775961e-04,6.4378454093e-04,6.6217594682e-04,6.8443111331e-04,7.1121175708e-04,7.4315082206e-04,7.8070827838e-04,8.2391212005e-04,8.7193515237e-04,9.2246373191e-04,9.7084556454e-04,1.0090718043e-03,1.0247568468e-03,1.0004095632e-03,9.1339623378e-04,7.3700878866e-04,4.4290561213e-04,4.8647046848e-06
1.8613486534e-09,7.9981417416e-07,1.9506733935e-06,1.6442382987e-06,1.3629567155e-06,1.1305242500e-06,9.3856441936e-07,7.7990288596e-07,6.4870043004e-07,5.4017631089e-07,4.5039825511e-07,3.7612266707e-07,3.1466977114e-07,2.6382380651e-07,2.2175191710e-07,1.8693768366e-07,1.5812630655e-07,1.3427934761e-07,1.1453729450e-07,9.8188577499e-08,8.4643925854e-08,7.3415132699e-08,6.4097622884e-08,5.3155783274e-08,4.1713117732e-08,3.1642883949e-08,2.4768642897e-08,2.1506992152e-08,2.0560221260e-08,2.0410823822e-08,2.0399052784e-08,2.0398611982e-08,2.0398604634e-08,2.0398604572e-08,2.0398604572e-08,2.0398604572e-08,2.0398604572e-08,2.0398604572e-08,2.0398604572e-08,2.0398604572e-08,2.0398604572e-08,2.0398604572e-08,2.0398604572e-08,2.0398604572e-08,2.0398604572e-08,2.0398604572e-08,2.0398604572e-08,2.0398604572e-08,2.0398604572e-08,2.0398604572e-08,2.0398604572e-08,2.0398604572e-08,2.0398604572e-08,2.0398604572e-08,2.0398604572e-08,2.0398604572e-08,2.0398604572e-08,2.0398604572e-08,2.0398604572e-08,2.0398604572e-08,2.0398604572e-08,2.0398604572e-08,2.0398604572e-08,2.0398604572e-08,2.0398604572e-08,2.0398604572e-08,2.0398604572e-08,2.0398604572e-08,2.0398604572e-08,2.0398604572e-08,2.0398604572e-08,2.0398604701e-08,2.0398614524e-08,2.0399178145e-08,2.0414267841e-08,2.0606135593e-08,2.1824061151e-08,2.6025733389e-08,3.4890753068e-08,4.7887403582e-08,6.2663195057e-08,7.6797355979e-08,8.8836201805e-08,1.0334728516e-07,1.2085449668e-07,1.4199019430e-07,1.6751771293e-07,1.9835904657e-07,2.3562807855e-07,2.8067083267e-07,3.3511408798e-07,4.0092418034e-07,4.8047818525e-07,5.7665019089e-07,6.9291653996e-07,8.3348491625e-07,1.0034554106e-06,1.2090255073e-06,1.4577586783e-06,1.7589359804e-06,2.1231802763e-06,2.5035476508e-06,3.7468352869e-08,1.9561574882e-04,2.1083470832e-04,2.0213410466e-04,1.9341221411e-04,1.8670971865e-04,1.8172004380e-04,1.7803960967e-04,1.7534458074e-04,1.7338543033e-04,1.7197175038e-04,1.7095934488e-04,1.7023985334e-04,1.6973248929e-04,1.6937751359e-04,1.6913111751e-04,1.6896144756e-04,1.6884554165e-04,1.6876699042e-04,1.6871416960e-04,1.6867891583e-04,1.6865554374e-04,1.6863840047e-04,1.6862684291e-04,1.6861979790e-04,1.6861599012e-04,1.6861420587e-04,1.6861349901e-04,1.6861326854e-04,1.6861320835e-04,1.6861319609e-04,1.6861319417e-04,1.6861319395e-04,1.6861319393e-04,1.6861319393e-04,1.6861319393e-04,1.6861319393e-04,1.6861319393e-04,1.6861319393e-04,1.6861319393e-04,1.6861319393e-04,1.6861319393e-04,1.6861319393e-04,1.6861319393e-04,1.6861319393e-04,1.6861319393e-04,1.6861319393e-04,1.6861319393e-04,1.6861319393e-04,1.6861319393e-04,1.6861319393e-04,1.6861319393e-04,1.6861319393e-04,1.6861319393e-04,1.6861319393e-04,1.6861319393e-04,1.6861319393e-04,1.6861319393e-04,1.6861319393e-04,1.6861319393e-04,1.6861319393e-04,1.6861319393e-04,1.6861319393e-04,1.6861319393e-04,1.6861319393e-04,1.6861319393e-04,1.6861319393e-04,1.6861319393e-04,1.6861319393e-04,1.6861319393e-04,1.6861319393e-04,1.6861319393e-04,1.6861319393e-04,1.6861319393e-04,1.6861319393e-04,1.6861319393e-04,1.6861319393e-04,1.6861319393e-04,1.6861319393e-04,1.6861319393e-04,1.6861319393e-04,1.6861319393e-04,1.6861319393e-04,1.6861319393e-04,1.6861319393e-04,1.6861319393e-04,1.6861319393e-04,1.6861319393e-04,1.6861319393e-04,1.6861319393e-04,1.6861319393e-04,1.6861319393e-04,1.6861319393e-04,1.6861319393e-04,1.6861319393e-04,1.6861319393e-04,1.6861319393e-04,1.6861319393e-04,1.6861319393e-04,1.6861319393e-04,1.6861319393e-04,1.6861319393e-04,1.6861319393e-04,1.6861319393e-04,1.6861319393e-04,1.6861319393e-04,1.6861319393e-04,1.6861319393e-04,1.6861319393e-04,1.6861319393e-04,1.6861319393e-04,1.6861319393e-04,1.6861319393e-04,1.6861319393e-04,1.6861319393e-04,1.6861319393e-04,1.6861319393e-04,1.6861319393e-04,1.6861319393e-04,1.6861319393e-04,1.6861319393e-04,1.6861319393e-04,1.6861319393e-04,1.6861319393e-04,1.6861319393e-04,1.6861319393e-04,1.6861319393e-04,1.6861319393e-04,1.6861319393e-04,1.6861319393e-04,1.6861319393e-04,1.6861319393e-04,1.6861319393e-04,1.6861319393e-04,1.6861319393e-04,1.6861319393e-04,1.6861319393e-04,1.6861319393e-04,1.6861319393e-04,1.6861319393e-04,1.6861319393e-04,1.6861319393e-04,1.6861319393e-04,1.6861319393e-04,1.6861319393e-04,1.6861319393e-04,1.6861319393e-04,1.6861319393e-04,1.6861319393e-04,1.6861319393e-04,1.6861319393e-04,1.6861319393e-04,1.6861319393e-04,1.6861319393e-04,1.6861319393e-04,1.6861319393e-04,1.6861319393e-04,1.6861319393e-04,1.6861319393e-04,1.6861319393e-04,1.6861319393e-04,1.6861319393e-04,1.6861319394e-04,1.6861319443e-04,1.6861321004e-04,1.6861357059e-04,1.6861954107e-04,1.6869072878e-04,1.6930637022e-04,1.7321396031e-04,1.9173521199e-04,2.5883073299e-04,4.4995309155e-04,8.9179494693e-04,1.7479692337e-03,3.1814531022e-03,5.3117849667e-03,8.1866771360e-03,1.1776207394e-02,1.5985686756e-02,2.0678000209e-02,2.5697027027e-02,3.1789437751e-02,3.9157042448e-02,4.8035838627e-02,5.8702779940e-02,7.1484336460e-02,8.6767531496e-02,1.0501418961e-01,1.2677929119e-01,1.5273450963e-01,1.8369820996e-01,2.2067341826e-01,2.6489553781e-01,3.1789189676e-01,3.8155538634e-01,4.5823089384e-01,5.5074987871e-01,6.6151151928e-01,7.8111563374e-01,7.9512304591e-01,7.7002263363e-02,2.8102442142e+00,4.4450638275e+00,5.2479985408e+00,5.4577724201e+00,5.2754887060e+00,4.8602787745e+00,4.3299464069e+00,3.7654899441e+00,3.2178894178e+00,2.7155649668e+00,2.2712953965e+00,1.8879064083e+00,1.5625088703e+00,1.2893903805e+00,1.0618249082e+00,8.7310252083e-01,7.1704599411e-01,5.8821740983e-01,4.8195351278e-01,3.9431654784e-01,3.2201097016e-01,2.3585824784e-01,1.4607403866e-01,6.9969275468e-02,2.2926636328e-02,4.6829194220e-03,9.3271604283e-04,5.7658130319e-04,5.6217732174e-04,5.6193831906e-04,5.6193671419e-04,5.6193670985e-04,5.6193670985e-04,5.6193670985e-04,5.6193670985e-04,5.6193670985e-04,5.6193670985e-04,5.6193670985e-04,5.6193670985e-04,5.6193670985e-04,5.6193670985e-04,5.6193670985e-04,5.6193670985e-04,5.6193670985e-04,5.6193670985e-04,5.6193670985e-04,5.6193670985e-04,5.6193670985e-04,5.6193670985e-04,5.6193670985e-04,5.6193670985e-04,5.6193670985e-04,5.6193670985e-04,5.6193670985e-04,5.6193670985e-04,5.6193670985e-04,5.6193670985e-04,5.6193670985e-04,5.6193670985e-04,5.6193670985e-04,5.6193670985e-04,5.6193670985e-04,5.6193670985e-04,5.6193670985e-04,5.6193670985e-04,5.6193670985e-04,5.6193670985e-04,5.6193670985e-04,5.6193670985e-04,5.6193670985e-04,5.6193670994e-04,5.6193672865e-04,5.6193792893e-04,5.6196961250e-04,5.6232359217e-04,5.6412779321e-04,5.6892379996e-04,5.7681695056e-04,5.8621608226e-04,5.9528181351e-04,6.0291285662e-04,6.1218052512e-04,6.2343757435e-04,6.3710372818e-04,6.5367197937e-04,6.7370849005e-04,6.9783831149e-04,7.2670370990e-04,7.6087424022e-04,8.0067865360e-04,8.4592067226e-04,8.9543879305e-04,9.4648262169e-04,9.9391437208e-04,1.0293109463e-03,1.0401364990e-03,1.0092572034e-03,9.1513799664e-04,7.3304175131e-04,4.3740030645e-04,5.2399048930e-06
2.0032675074e-09,8.4640352489e-07,2.0574351222e-06,1.7364518936e-06,1.4392490787e-06,1.1936235489e-06,9.9079071129e-07,8.2315285131e-07,6.8452891235e-07,5.6986244691e-07,4.7499737118e-07,3.9650715476e-07,3.3156166471e-07,2.7782108258e-07,2.3334996373e-07,1.9654694287e-07,1.6608683696e-07,1.4087286591e-07,1.1999714971e-07,1.0270800356e-07,8.8382880529e-08,7.6505954013e-08,6.6649724040e-08,5.5073878652e-08,4.2966051260e-08,3.2307643014e-08,2.5029113142e-08,2.1573784327e-08,2.0570092678e-08,2.0411581551e-08,2.0399081028e-08,2.0398612461e-08,2.0398604665e-08,2.0398604572e-08,2.0398604572e-08,2.0398604572e-08,2.0398604572e-08,2.0398604572e-08,2.0398604572e-08,2.0398604572e-08,2.0398604572e-08,2.0398604572e-08,2.0398604572e-08,2.0398604572e-08,2.0398604572e-08,2.0398604572e-08,2.0398604572e-08,2.0398604572e-08,2.0398604572e-08,2.0398604572e-08,2.0398604572e-08,2.0398604572e-08,2.0398604572e-08,2.0398604572e-08,2.0398604572e-08,2.0398604572e-08,2.0398604572e-08,2.0398604572e-08,2.0398604572e-08,2.0398604572e-08,2.0398604572e-08,2.0398604572e-08,2.0398604572e-08,2.0398604572e-08,2.0398604572e-08,2.0398604572e-08,2.0398604572e-08,2.0398604572e-08,2.0398604572e-08,2.0398604572e-08,2.0398604572e-08,2.0398604701e-08,2.0398615325e-08,2.0399225587e-08,2.0415547593e-08,2.0622905978e-08,2.1938138020e-08,2.6472539231e-08,3.6034782718e-08,5.0048601162e-08,6.5976910428e-08,8.1211034089e-08,9.4185348242e-08,1.0982265983e-07,1.2868699982e-07,1.5145911050e-07,1.7896067114e-07,2.1218405357e-07,2.5232806823e-07,3.0084123853e-07,3.5947408852e-07,4.3034238079e-07,5.1600371267e-07,6.1955044831e-07,7.4472324954e-07,8.9605071493e-07,1.0790241075e-06,1.3003202591e-06,1.5680934500e-06,1.8923532532e-06,2.2844174787e-06,2.6891401146e-06,4.0713658484e-08,2.0763355628e-04,2.2513756835e-04,2.1562013077e-04,2.0576268983e-04,1.9808962582e-04,1.9231897197e-04,1.8801829973e-04,1.8483458990e-04,1.8249336615e-04,1.8078331789e-04,1.7954288627e-04,1.7864940641e-04,1.7801040901e-04,1.7755670039e-04,1.7723689331e-04,1.7701311931e-04,1.7685769018e-04,1.7675052132e-04,1.7667715983e-04,1.7662728769e-04,1.7659359507e-04,1.7656834764e-04,1.7655088700e-04,1.7653991615e-04,1.7653376959e-04,1.7653076500e-04,1.7652951469e-04,1.7652908342e-04,1.7652896344e-04,1.7652893724e-04,1.7652893284e-04,1.7652893229e-04,1.7652893224e-04,1.7652893223e-04,1.7652893223e-04,1.7652893223e-04,1.7652893223e-04,1.7652893223e-04,1.7652893223e-04,1.7652893223e-04,1.7652893223e-04,1.7652893223e-04,1.7652893223e-04,1.7652893223e-04,1.7652893223e-04,1.7652893223e-04,1.7652893223e-04,1.7652893223e-04,1.7652893223e-04,1.7652893223e-04,1.7652893223e-04,1.7652893223e-04,1.7652893223e-04,1.7652893223e-04,1.7652893223e-04,1.7652893223e-04,1.7652893223e-04,1.7652893223e-04,1.7652893223e-04,1.7652893223e-04,1.7652893223e-04,1.7652893223e-04,1.7652893223e-04,1.7652893223e-04,1.7652893223e-04,1.7652893223e-04,1.7652893223e-04,1.7652893223e-04,1.7652893223e-04,1.7652893223e-04,1.7652893223e-04,1.7652893223e-04,1.7652893223e-04,1.7652893223e-04,1.7652893223e-04,1.7652893223e-04,1.7652893223e-04,1.7652893223e-04,1.7652893223e-04,1.7652893223e-04,1.7652893223e-04,1.7652893223e-04,1.7652893223e-04,1.7652893223e-04,1.7652893223e-04,1.7652893223e-04,1.7652893223e-04,1.7652893223e-04,1.7652893223e-04,1.7652893223e-04,1.7652893223e-04,1.7652893223e-04,1.7652893223e-04,1.7652893223e-04,1.7652893223e-04,1.7652893223e-04,1.7652893223e-04,1.7652893223e-04,1.7652893223e-04,1.7652893223e-04,1.7652893223e-04,1.7652893223e-04,1.7652893223e-04,1.7652893223e-04,1.7652893223e-04,1.7652893223e-04,1.7652893223e-04,1.7652893223e-04,1.7652893223e-04,1.7652893223e-04,1.7652893223e-04,1.7652893223e-04,1.7652893223e-04,1.7652893223e-04,1.7652893223e-04,1.7652893223e-04,1.7652893223e-04,1.7652893223e-04,1.7652893223e-04,1.7652893223e-04,1.7652893223e-04,1.7652893223e-04,1.7652893223e-04,1.7652893223e-04,1.7652893223e-04,1.7652893223e-04,1.7652893223e-04,1.7652893223e-04,1.7652893223e-04,1.7652893223e-04,1.7652893223e-04,1.7652893223e-04,1.7652893223e-04,1.7652893223e-04,1.7652893223e-04,1.7652893223e-04,1.7652893223e-04,1.7652893223e-04,1.7652893223e-04,1.7652893223e-04,1.7652893223e-04,1.7652893223e-04,1.7652893223e-04,1.7652893223e-04,1.7652893223e-04,1.7652893223e-04,1.7652893223e-04,1.7652893223e-04,1.7652893223e-04,1.7652893223e-04,1.7652893223e-04,1.7652893223e-04,1.7652893223e-04,1.7652893223e-04,1.7652893223e-04,1.7652893223e-04,1.7652893223e-04,1.7652893223e-04,1.7652893223e-04,1.7652893223e-04,1.7652893223e-04,1.7652893227e-04,1.7652893380e-04,1.7652897901e-04,1.7652993375e-04,1.7654439667e-04,1.7670228006e-04,1.7795468080e-04,1.8526931388e-04,2.1732445708e-04,3.2537831686e-04,6.1399059771e-04,1.2448913462e-03,2.4105677700e-03,4.2860704443e-03,6.9831147896e-03,1.0526003326e-02,1.4853435468e-02,1.9838390187e-02,2.5315051462e-02,3.1104328843e-02,3.8060445598e-02,4.6392181392e-02,5.6343264792e-02,6.8199651017e-02,8.2298740343e-02,9.9041248985e-02,1.1890647192e-01,1.4247182979e-01,1.7043776519e-01,2.0365925094e-01,2.4318540184e-01,2.9030895192e-01,3.4662767302e-01,4.1411988640e-01,4.9523094785e-01,5.9288337266e-01,7.0929519700e-01,8.3274697063e-01,8.3709453185e-01,7.7875488830e-02,2.8517336648e+00,4.5395772804e+00,5.3969275918e+00,5.6538114048e+00,5.5058056388e+00,5.1098344743e+00,4.5842890177e+00,4.0126256478e+00,3.4491535335e+00,2.9256675029e+00,2.4578351859e+00,2.0506484160e+00,1.7026471066e+00,1.4089250040e+00,1.1631014801e+00,9.5850852326e-01,7.8883403103e-01,6.4841820934e-01,5.3234612207e-01,4.3643126742e-01,3.5714874685e-01,2.6245726018e-01,1.6340830538e-01,7.8945244240e-02,2.6207937190e-02,5.4059956791e-03,1.0140254817e-03,5.8115332293e-04,5.6282331066e-04,5.6250282117e-04,5.6250054323e-04,5.6250053668e-04,5.6250053668e-04,5.6250053668e-04,5.6250053668e-04,5.6250053668e-04,5.6250053668e-04,5.6250053668e-04,5.6250053668e-04,5.6250053668e-04,5.6250053668e-04,5.6250053668e-04,5.6250053668e-04,5.6250053668e-04,5.6250053668e-04,5.6250053668e-04,5.6250053668e-04,5.6250053668e-04,5.6250053668e-04,5.6250053668e-04,5.6250053668e-04,5.6250053668e-04,5.6250053668e-04,5.6250053668e-04,5.6250053668e-04,5.6250053668e-04,5.6250053668e-04,5.6250053668e-04,5.6250053668e-04,5.6250053668e-04,5.6250053668e-04,5.6250053668e-04,5.6250053668e-04,5.6250053668e-04,5.6250053668e-04,5.6250053668e-04,5.6250053668e-04,5.6250053668e-04,5.6250053668e-04,5.6250053668e-04,5.6250053684e-04,5.6250056330e-04,5.6250216764e-04,5.6254231111e-04,5.6297059273e-04,5.6507662202e-04,5.7054024261e-04,5.7939837216e-04,5.8985171889e-04,5.9987809146e-04,6.0828748541e-04,6.1847202042e-04,6.3080641696e-04,6.4573264575e-04,6.6376322243e-04,6.8547558314e-04,7.1148859961e-04,7.4240697417e-04,7.7871241476e-04,8.2057349313e-04,8.6754164272e-04,9.1810398151e-04,9.6908117175e-04,1.0148971137e-03,1.0468095549e-03,1.0522699534e-03,1.0146564627e-03,9.1366089073e-04,7.2656901724e-04,4.3052628955e-04,5.6340128164e-06
2.1559879959e-09,8.9470644289e-07,2.1670534457e-06,1.8315273346e-06,1.5179142075e-06,1.2586765582e-06,1.0446297655e-06,8.6773781318e-07,7.2146503433e-07,6.0046915179e-07,5.0036242901e-07,4.1752933980e-07,3.4898465091e-07,2.9226072088e-07,2.4531646484e-07,2.0646307138e-07,1.7430290689e-07,1.4767913701e-07,1.2563408350e-07,1.0737475705e-07,9.2244341084e-08,7.9698561882e-08,6.9286301793e-08,5.7055946897e-08,4.4261239252e-08,3.2995182898e-08,2.5298711119e-08,2.1642986140e-08,2.0580332681e-08,2.0412368691e-08,2.0399110437e-08,2.0398612982e-08,2.0398604668e-08,2.0398604572e-08,2.0398604572e-08,2.0398604572e-08,2.0398604572e-08,2.0398604572e-08,2.0398604572e-08,2.0398604572e-08,2.0398604572e-08,2.0398604572e-08,2.0398604572e-08,2.0398604572e-08,2.0398604572e-08,2.0398604572e-08,2.0398604572e-08,2.0398604572e-08,2.0398604572e-08,2.0398604572e-08,2.0398604572e-08,2.0398604572e-08,2.0398604572e-08,2.0398604572e-08,2.0398604572e-08,2.0398604572e-08,2.0398604572e-08,2.0398604572e-08,2.0398604572e-08,2.0398604572e-08,2.0398604572e-08,2.0398604572e-08,2.0398604572e-08,2.0398604572e-08,2.0398604572e-08,2.0398604572e-08,2.0398604572e-08,2.0398604572e-08,2.0398604572e-08,2.0398604572e-08,2.0398604572e-08,2.0398604701e-08,2.0398616218e-08,2.0399276830e-08,2.0416930526e-08,2.0641013057e-08,2.2061217750e-08,2.6954322428e-08,3.7267829418e-08,5.2377246130e-08,6.9546622134e-08,8.5965015606e-08,9.9946379552e-08,1.1679598811e-07,1.3712103596e-07,1.6165429353e-07,1.9128016739e-07,2.2706669162e-07,2.7030396963e-07,3.2255070386e-07,3.8569042767e-07,4.6199952669e-07,5.5422967825e-07,6.6570799936e-07,8.0045960258e-07,9.6335875155e-07,1.1603184997e-06,1.3985330337e-06,1.6867945346e-06,2.0358979923e-06,2.4578764658e-06,2.8880852698e-06,4.4280948084e-08,2.2023783337e-04,2.4033034539e-04,2.2996676974e-04,2.1885609131e-04,2.1009564941e-04,2.0344274435e-04,1.9843598004e-04,1.9469132839e-04,1.9190757774e-04,1.8985091487e-04,1.8834099087e-04,1.8723956311e-04,1.8644134566e-04,1.8586668470e-04,1.8545572822e-04,1.8516381784e-04,1.8495786817e-04,1.8481354414e-04,1.8471307673e-04,1.8464358532e-04,1.8459579781e-04,1.8455926005e-04,1.8453337667e-04,1.8451664121e-04,1.8450694038e-04,1.8450200387e-04,1.8449985077e-04,1.8449906681e-04,1.8449883497e-04,1.8449878078e-04,1.8449877100e-04,1.8449876967e-04,1.8449876953e-04,1.8449876952e-04,1.8449876952e-04,1.8449876952e-04,1.8449876952e-04,1.8449876952e-04,1.8449876952e-04,1.8449876952e-04,1.8449876952e-04,1.8449876952e-04,1.8449876952e-04,1.8449876952e-04,1.8449876952e-04,1.8449876952e-04,1.8449876952e-04,1.8449876952e-04,1.8449876952e-04,1.8449876952e-04,1.8449876952e-04,1.8449876952e-04,1.8449876952e-04,1.8449876952e-04,1.8449876952e-04,1.8449876952e-04,1.8449876952e-04,1.8449876952e-04,1.8449876952e-04,1.8449876952e-04,1.8449876952e-04,1.8449876952e-04,1.8449876952e-04,1.8449876952e-04,1.8449876952e-04,1.8449876952e-04,1.8449876952e-04,1.8449876952e-04,1.8449876952e-04,1.8449876952e-04,1.8449876952e-04,1.8449876952e-04,1.8449876952e-04,1.8449876952e-04,1.8449876952e-04,1.8449876952e-04,1.8449876952e-04,1.8449876952e-04,1.8449876952e-04,1.8449876952e-04,1.8449876952e-04,1.8449876952e-04,1.8449876952e-04,1.8449876952e-04,1.8449876952e-04,1.8449876952e-04,1.8449876952e-04,1.8449876952e-04,1.8449876952e-04,1.8449876952e-04,1.8449876952e-04,1.8449876952e-04,1.8449876952e-04,1.8449876952e-04,1.8449876952e-04,1.8449876952e-04,1.8449876952e-04,1.8449876952e-04,1.8449876952e-04,1.8449876952e-04,1.8449876952e-04,1.8449876952e-04,1.8449876952e-04,1.8449876952e-04,1.8449876952e-04,1.8449876952e-04,1.8449876952e-04,1.8449876952e-04,1.8449876952e-04,1.8449876952e-04,1.8449876952e-04,1.8449876952e-04,1.8449876952e-04,1.8449876952e-04,1.8449876952e-04,1.8449876952e-04,1.8449876952e-04,1.8449876952e-04,1.8449876952e-04,1.8449876952e-04,1.8449876952e-04,1.8449876952e-04,1.8449876952e-04,1.8449876952e-04,1.8449876952e-04,1.8449876952e-04,1.8449876952e-04,1.8449876952e-04,1.8449876952e-04,1.8449876952e-04,1.8449876952e-04,1.8449876952e-04,1.8449876952e-04,1.8449876952e-04,1.8449876952e-04,1.8449876952e-04,1.8449876952e-04,1.8449876952e-04,1.8449876952e-04,1.8449876952e-04,1.8449876952e-04,1.8449876952e-04,1.8449876952e-04,1.8449876952e-04,1.8449876952e-04,1.8449876952e-04,1.8449876952e-04,1.8449876952e-04,1.8449876952e-04,1.8449876952e-04,1.8449876952e-04,1.8449876952e-04,1.8449876952e-04,1.8449876952e-04,1.8449876952e-04,1.8449876952e-04,1.8449876952e-04,1.8449876952e-04,1.8449876952e-04,1.8449876952e-04,1.8449876952e-04,1.8449876965e-04,1.8449877434e-04,1.8449890111e-04,1.8450134971e-04,1.8453528431e-04,1.8487454400e-04,1.8734446510e-04,2.0063167407e-04,2.5454683800e-04,4.2397382637e-04,8.4923149807e-04,1.7302406763e-03,3.2858173446e-03,5.6959750746e-03,9.0560331367e-03,1.3359616062e-02,1.8509367929e-02,2.4343816230e-02,3.0668193796e-02,3.7281271163e-02,4.5153208625e-02,5.4499588075e-02,6.5572038908e-02,7.8666109679e-02,9.4131220530e-02,1.1238343120e-01,1.3392176522e-01,1.5934897771e-01,1.8939782239e-01,2.2496406883e-01,2.6714775153e-01,3.1730440980e-01,3.7710839502e-01,4.4863023881e-01,5.3442238192e-01,6.3749630412e-01,7.5981874334e-01,8.8697767784e-01,8.8036513464e-01,7.8824562030e-02,2.8912218146e+00,4.6306839827e+00,5.5421070340e+00,5.8469902095e+00,5.7352479114e+00,5.3612057558e+00,4.8433319679e+00,4.2670641451e+00,3.6897065627e+00,3.1462785961e+00,2.6553509304e+00,2.2242061647e+00,1.8529876401e+00,1.5377708124e+00,1.2726679509e+00,1.0511610290e+00,8.6687265477e-01,7.1395951123e-01,5.8727108098e-01,4.8237407002e-01,3.9550823749e-01,2.9152198704e-01,1.8237415593e-01,8.8787840483e-02,2.9822504152e-02,6.2110498561e-03,1.1064213479e-03,5.8628108951e-04,5.6331498392e-04,5.6289348365e-04,5.6289032339e-04,5.6289031377e-04,5.6289031377e-04,5.6289031377e-04,5.6289031377e-04,5.6289031377e-04,5.6289031377e-04,5.6289031377e-04,5.6289031377e-04,5.6289031377e-04,5.6289031377e-04,5.6289031377e-04,5.6289031377e-04,5.6289031377e-04,5.6289031377e-04,5.6289031377e-04,5.6289031377e-04,5.6289031377e-04,5.6289031377e-04,5.6289031377e-04,5.6289031377e-04,5.6289031377e-04,5.6289031377e-04,5.6289031377e-04,5.6289031377e-04,5.6289031377e-04,5.6289031377e-04,5.6289031377e-04,5.6289031377e-04,5.6289031377e-04,5.6289031377e-04,5.6289031377e-04,5.6289031377e-04,5.6289031377e-04,5.6289031377e-04,5.6289031377e-04,5.6289031377e-04,5.6289031377e-04,5.6289031377e-04,5.6289031377e-04,5.6289031402e-04,5.6289035056e-04,5.6289244896e-04,5.6294239935e-04,5.6345321880e-04,5.6588513938e-04,5.7205851694e-04,5.8193440396e-04,5.9349450288e-04,6.0452593348e-04,6.1374719117e-04,6.2488507223e-04,6.3833478377e-04,6.5455743886e-04,6.7407937019e-04,6.9747976689e-04,7.2535676145e-04,7.5825714947e-04,7.9654931089e-04,8.4021415453e-04,8.8852807858e-04,9.3961941254e-04,9.8990081853e-04,1.0334186794e-03,1.0612160456e-03,1.0608693823e-03,1.0164117535e-03,9.0886800993e-04,7.1757254308e-04,4.2230202380e-04,6.0465823359e-06
2.3203322457e-09,9.4465541551e-07,2.2791886394e-06,1.9292384633e-06,1.5987679773e-06,1.3255294598e-06,1.0999530718e-06,9.1355070273e-07,7.5941993750e-07,6.3192298371e-07,5.2643294919e-07,4.3913955727e-07,3.6689803141e-07,3.0710941457e-07,2.5762418663e-07,2.1666381463e-07,1.8275634139e-07,1.5468332257e-07,1.3143598780e-07,1.1217896416e-07,9.6220262601e-08,8.2986407964e-08,7.2002035304e-08,5.9098084540e-08,4.5596224798e-08,3.3704272259e-08,2.5576994554e-08,2.1714498163e-08,2.0590929003e-08,2.0413184503e-08,2.0399140894e-08,2.0398613549e-08,2.0398604668e-08,2.0398604572e-08,2.0398604572e-08,2.0398604572e-08,2.0398604572e-08,2.0398604572e-08,2.0398604572e-08,2.0398604572e-08,2.0398604572e-08,2.0398604572e-08,2.0398604572e-08,2.0398604572e-08,2.0398604572e-08,2.0398604572e-08,2.0398604572e-08,2.0398604572e-08,2.0398604572e-08,2.0398604572e-08,2.0398604572e-08,2.0398604572e-08,2.0398604572e-08,2.0398604572e-08,2.0398604572e-08,2.0398604572e-08,2.0398604572e-08,2.0398604572e-08,2.0398604572e-08,2.0398604572e-08,2.0398604572e-08,2.0398604572e-08,2.0398604572e-08,2.0398604572e-08,2.0398604572e-08,2.0398604572e-08,2.0398604572e-08,2.0398604572e-08,2.0398604572e-08,2.0398604572e-08,2.0398604572e-08,2.0398604701e-08,2.0398617174e-08,2.0399332328e-08,2.0418425375e-08,2.0660568772e-08,2.2194039236e-08,2.7473905177e-08,3.8596984087e-08,5.4886555316e-08,7.3392408850e-08,9.1085875890e-08,1.0615136788e-07,1.2430593238e-07,1.4620317745e-07,1.7263180968e-07,2.0454367381e-07,2.4308813718e-07,2.8965343011e-07,3.4591667837e-07,4.1390437274e-07,4.9606555234e-07,5.9536055786e-07,7.1536901225e-07,8.6042220921e-07,1.0357668392e-06,1.2477708744e-06,1.5041869506e-06,1.8144959665e-06,2.1903393067e-06,2.6444791567e-06,3.1012852902e-06,4.8204405905e-08,2.3344186712e-04,2.5645846980e-04,2.4522866920e-04,2.3274005840e-04,2.2276494287e-04,2.1511848660e-04,2.0931078959e-04,2.0492494995e-04,2.0163113452e-04,1.9917133695e-04,1.9734491525e-04,1.9599671081e-04,1.9500742974e-04,1.9428590011e-04,1.9376286955e-04,1.9338606737e-04,1.9311629368e-04,1.9292434256e-04,1.9278859792e-04,1.9269316626e-04,1.9262643610e-04,1.9257443958e-04,1.9253676235e-04,1.9251173438e-04,1.9249675229e-04,1.9248883188e-04,1.9248521903e-04,1.9248383349e-04,1.9248339884e-04,1.9248329034e-04,1.9248326932e-04,1.9248326622e-04,1.9248326588e-04,1.9248326585e-04,1.9248326585e-04,1.9248326585e-04,1.9248326585e-04,1.9248326585e-04,1.9248326585e-04,1.9248326585e-04,1.9248326585e-04,1.9248326585e-04,1.9248326585e-04,1.9248326585e-04,1.9248326585e-04,1.9248326585e-04,1.9248326585e-04,1.9248326585e-04,1.9248326585e-04,1.9248326585e-04,1.9248326585e-04,1.9248326585e-04,1.9248326585e-04,1.9248326585e-04,1.9248326585e-04,1.9248326585e-04,1.9248326585e-04,1.9248326585e-04,1.9248326585e-04,1.9248326585e-04,1.9248326585e-04,1.9248326585e-04,1.9248326585e-04,1.9248326585e-04,1.9248326585e-04,1.9248326585e-04,1.9248326585e-04,1.9248326585e-04,1.9248326585e-04,1.9248326585e-04,1.9248326585e-04,1.9248326585e-04,1.9248326585e-04,1.9248326585e-04,1.9248326585e-04,1.9248326585e-04,1.9248326585e-04,1.9248326585e-04,1.9248326585e-04,1.9248326585e-04,1.9248326585e-04,1.9248326585e-04,1.9248326585e-04,1.9248326585e-04,1.9248326585e-04,1.9248326585e-04,1.9248326585e-04,1.9248326585e-04,1.9248326585e-04,1.9248326585e-04,1.9248326585e-04,1.9248326585e-04,1.9248326585e-04,1.9248326585e-04,1.9248326585e-04,1.9248326585e-04,1.9248326585e-04,1.9248326585e-04,1.9248326585e-04,1.9248326585e-04,1.9248326585e-04,1.9248326585e-04,1.9248326585e-04,1.9248326585e-04,1.9248326585e-04,1.9248326585e-04,1.9248326585e-04,1.9248326585e-04,1.9248326585e-04,1.9248326585e-04,1.9248326585e-04,1.9248326585e-04,1.9248326585e-04,1.9248326585e-04,1.9248326585e-04,1.9248326585e-04,1.9248326585e-04,1.9248326585e-04,1.9248326585e-04,1.9248326585e-04,1.9248326585e-04,1.9248326585e-04,1.9248326585e-04,1.9248326585e-04,1.9248326585e-04,1.9248326585e-04,1.9248326585e-04,1.9248326585e-04,1.9248326585e-04,1.9248326585e-04,1.9248326585e-04,1.9248326585e-04,1.9248326585e-04,1.9248326585e-04,1.9248326585e-04,1.9248326585e-04,1.9248326585e-04,1.9248326585e-04,1.9248326585e-04,1.9248326585e-04,1.9248326585e-04,1.9248326585e-04,1.9248326585e-04,1.9248326585e-04,1.9248326585e-04,1.9248326585e-04,1.9248326585e-04,1.9248326585e-04,1.9248326585e-04,1.9248326585e-04,1.9248326585e-04,1.9248326585e-04,1.9248326585e-04,1.9248326585e-04,1.9248326585e-04,1.9248326585e-04,1.9248326585e-04,1.9248326585e-04,1.9248326585e-04,1.9248326585e-04,1.9248326586e-04,1.9248326626e-04,1.9248328021e-04,1.9248362458e-04,1.9248970816e-04,1.9256684973e-04,1.9327339608e-04,1.9799767077e-04,2.2143290241e-04,3.0961832955e-04,5.6846863404e-04,1.1803615254e-03,2.3845123573e-03,4.4208391778e-03,7.4652459767e-03,1.1587447316e-02,1.6743600614e-02,2.2796655721e-02,2.9549679677e-02,3.6779616511e-02,4.4264559856e-02,5.3098527383e-02,6.3504031100e-02,7.5741107381e-02,9.0115853035e-02,1.0699117132e-01,1.2680048339e-01,1.5006514515e-01,1.7741645235e-01,2.0962328305e-01,2.4762662241e-01,2.9258245017e-01,3.4591475788e-01,4.0938077870e-01,4.8515018024e-01,5.7588888619e-01,6.8469213939e-01,8.1318831245e-01,9.4385635962e-01,9.2488948545e-01,7.9855252231e-02,2.9285955127e+00,4.7181355049e+00,5.6831169899e+00,6.0366948587e+00,5.9630286329e+00,5.6135079140e+00,5.1062064880e+00,4.5280733146e+00,3.9390481792e+00,3.3771788059e+00,2.8639034733e+00,2.4088806991e+00,2.0140091676e+00,1.6765160234e+00,1.3911607563e+00,1.1516968302e+00,9.5176623128e-01,7.8539397551e-01,6.4722051823e-01,5.3257492430e-01,4.3746004187e-01,3.2334230571e-01,2.0316596306e-01,9.9599878256e-02,3.3807960790e-02,7.1060540032e-03,1.2108547597e-03,5.9207456450e-04,5.6370059396e-04,5.6315612808e-04,5.6315183760e-04,5.6315182382e-04,5.6315182381e-04,5.6315182381e-04,5.6315182381e-04,5.6315182381e-04,5.6315182381e-04,5.6315182381e-04,5.6315182381e-04,5.6315182381e-04,5.6315182381e-04,5.6315182381e-04,5.6315182381e-04,5.6315182381e-04,5.6315182381e-04,5.6315182381e-04,5.6315182381e-04,5.6315182381e-04,5.6315182381e-04,5.6315182381e-04,5.6315182381e-04,5.6315182381e-04,5.6315182381e-04,5.6315182381e-04,5.6315182381e-04,5.6315182381e-04,5.6315182381e-04,5.6315182381e-04,5.6315182381e-04,5.6315182381e-04,5.6315182381e-04,5.6315182381e-04,5.6315182381e-04,5.6315182381e-04,5.6315182381e-04,5.6315182381e-04,5.6315182381e-04,5.6315182381e-04,5.6315182381e-04,5.6315182381e-04,5.6315182416e-04,5.6315187346e-04,5.6315456233e-04,5.6321568057e-04,5.6381706745e-04,5.6659822288e-04,5.7352268561e-04,5.8446848146e-04,5.9718710375e-04,6.0926665722e-04,6.1933141384e-04,6.3145583267e-04,6.4605316170e-04,6.6359915256e-04,6.8462637750e-04,7.0970402759e-04,7.3939269074e-04,7.7415937093e-04,8.1423381849e-04,8.5938491545e-04,9.0859825136e-04,9.5964676748e-04,1.0085691104e-03,1.0491068124e-03,1.0721988338e-03,1.0656807244e-03,1.0143685432e-03,9.0070288103e-04,7.0606656227e-04,4.1276411006e-04,6.4769598702e-06
2.4971849570e-09,9.9616376075e-07,2.3934385653e-06,2.0293114578e-06,1.6815877529e-06,1.3939965165e-06,1.1566055489e-06,9.6046229196e-07,7.9828628317e-07,6.6413511013e-07,5.5313567016e-07,4.6127755808e-07,3.8525236488e-07,3.2232665240e-07,2.7023996794e-07,2.2712204724e-07,1.9142496308e-07,1.6186729937e-07,1.3738805983e-07,1.1710854074e-07,1.0030078876e-07,8.6361461947e-08,7.4790390638e-08,6.1195490732e-08,4.6967977816e-08,3.4433386008e-08,2.5863411873e-08,2.1788194634e-08,2.0601866134e-08,2.0414027936e-08,2.0399172461e-08,2.0398614121e-08,2.0398604669e-08,2.0398604572e-08,2.0398604572e-08,2.0398604572e-08,2.0398604572e-08,2.0398604572e-08,2.0398604572e-08,2.0398604572e-08,2.0398604572e-08,2.0398604572e-08,2.0398604572e-08,2.0398604572e-08,2.0398604572e-08,2.0398604572e-08,2.0398604572e-08,2.0398604572e-08,2.0398604572e-08,2.0398604572e-08,2.0398604572e-08,2.0398604572e-08,2.0398604572e-08,2.0398604572e-08,2.0398604572e-08,2.0398604572e-08,2.0398604572e-08,2.0398604572e-08,2.0398604572e-08,2.0398604572e-08,2.0398604572e-08,2.0398604572e-08,2.0398604572e-08,2.0398604572e-08,2.0398604572e-08,2.0398604572e-08,2.0398604572e-08,2.0398604572e-08,2.0398604572e-08,2.0398604572e-08,2.0398604572e-08,2.0398604702e-08,2.0398618214e-08,2.0399392390e-08,2.0420041889e-08,2.0681695293e-08,2.2337406705e-08,2.8034351653e-08,4.0029929118e-08,5.7590826236e-08,7.7535968802e-08,9.6602314816e-08,1.1283493283e-07,1.3239420647e-07,1.5598364410e-07,1.8445209172e-07,2.1882388169e-07,2.6033580452e-07,3.1048155299e-07,3.7106552338e-07,4.4426784914e-07,5.3272315172e-07,6.3961613094e-07,7.6879805521e-07,9.2492986959e-07,1.1136596368e-06,1.3418460929e-06,1.6178447408e-06,1.9518799962e-06,2.3565048976e-06,2.8452159551e-06,3.3296946436e-06,5.2521962503e-08,2.4725797593e-04,2.7356831456e-04,2.6146405742e-04,2.4746643993e-04,2.3613848863e-04,2.2737658065e-04,2.2066357282e-04,2.1554781104e-04,2.1166884700e-04,2.0874269245e-04,2.0654682629e-04,2.0490776592e-04,2.0369095784e-04,2.0279260031e-04,2.0213305546e-04,2.0165157128e-04,2.0130207110e-04,2.0104981442e-04,2.0086876447e-04,2.0073952404e-04,2.0064772582e-04,2.0057491241e-04,2.0052101672e-04,2.0048429290e-04,2.0046163150e-04,2.0044921072e-04,2.0044329846e-04,2.0044091570e-04,2.0044012451e-04,2.0043991400e-04,2.0043987026e-04,2.0043986332e-04,2.0043986250e-04,2.0043986243e-04,2.0043986243e-04,2.0043986243e-04,2.0043986243e-04,2.0043986243e-04,2.0043986243e-04,2.0043986243e-04,2.0043986243e-04,2.0043986243e-04,2.0043986243e-04,2.0043986243e-04,2.0043986243e-04,2.0043986243e-04,2.0043986243e-04,2.0043986243e-04,2.0043986243e-04,2.0043986243e-04,2.0043986243e-04,2.0043986243e-04,2.0043986243e-04,2.0043986243e-04,2.0043986243e-04,2.0043986243e-04,2.0043986243e-04,2.0043986243e-04,2.0043986243e-04,2.0043986243e-04,2.0043986243e-04,2.0043986243e-04,2.0043986243e-04,2.0043986243e-04,2.0043986243e-04,2.0043986243e-04,2.0043986243e-04,2.0043986243e-04,2.0043986243e-04,2.0043986243e-04,2.0043986243e-04,2.0043986243e-04,2.0043986243e-04,2.0043986243e-04,2.0043986243e-04,2.0043986243e-04,2.0043986243e-04,2.0043986243e-04,2.0043986243e-04,2.0043986243e-04,2.0043986243e-04,2.0043986243e-04,2.0043986243e-04,2.0043986243e-04,2.0043986243e-04,2.0043986243e-04,2.0043986243e-04,2.0043986243e-04,2.0043986243e-04,2.0043986243e-04,2.0043986243e-04,2.0043986243e-04,2.0043986243e-04,2.0043986243e-04,2.0043986243e-04,2.0043986243e-04,2.0043986243e-04,2.0043986243e-04,2.0043986243e-04,2.0043986243e-04,2.0043986243e-04,2.0043986243e-04,2.0043986243e-04,2.0043986243e-04,2.0043986243e-04,2.0043986243e-04,2.0043986243e-04,2.0043986243e-04,2.0043986243e-04,2.0043986243e-04,2.0043986243e-04,2.0043986243e-04,2.0043986243e-04,2.0043986243e-04,2.0043986243e-04,2.0043986243e-04,2.0043986243e-04,2.0043986243e-04,2.0043986243e-04,2.0043986243e-04,2.0043986243e-04,2.0043986243e-04,2.0043986243e-04,2.0043986243e-04,2.0043986243e-04,2.0043986243e-04,2.0043986243e-04,2.0043986243e-04,2.0043986243e-04,2.0043986243e-04,2.0043986243e-04,2.0043986243e-04,2.0043986243e-04,2.0043986243e-04,2.0043986243e-04,2.0043986243e-04,2.0043986243e-04,2.0043986243e-04,2.0043986243e-04,2.0043986243e-04,2.0043986243e-04,2.0043986243e-04,2.0043986243e-04,2.0043986243e-04,2.0043986243e-04,2.0043986243e-04,2.0043986243e-04,2.0043986243e-04,2.0043986243e-04,2.0043986243e-04,2.0043986243e-04,2.0043986243e-04,2.0043986243e-04,2.0043986243e-04,2.0043986243e-04,2.0043986243e-04,2.0043986243e-04,2.0043986243e-04,2.0043986243e-04,2.0043986243e-04,2.0043986245e-04,2.0043986372e-04,2.0043990387e-04,2.0044081035e-04,2.0045545610e-04,2.0062540319e-04,2.0205204114e-04,2.1081990612e-04,2.5097522761e-04,3.9133687688e-04,7.7696522633e-04,1.6374304043e-03,3.2496000096e-03,5.8664650145e-03,9.6491959544e-03,1.4632662436e-02,2.0729748884e-02,2.7761401285e-02,3.5495425987e-02,4.3682027790e-02,5.2080633399e-02,6.1916421339e-02,7.3419276347e-02,8.6858488960e-02,1.0255201201e-01,1.2087804483e-01,1.4228972031e-01,1.6733363396e-01,1.9667309511e-01,2.3111714693e-01,2.7165660084e-01,3.1950857324e-01,3.7617131011e-01,4.4349138877e-01,5.2374466959e-01,6.1971657974e-01,7.3457687243e-01,8.6950865158e-01,1.0034213107e+00,9.7061342941e-01,8.0973653859e-02,2.9637417014e+00,4.8016847637e+00,5.8195408689e+00,6.2223130968e+00,6.1883520368e+00,5.8658249484e+00,5.3719810170e+00,4.7948254631e+00,4.1965578775e+00,3.6180191620e+00,3.0834322491e+00,2.6048745226e+00,2.1861235891e+00,1.8257160769e+00,1.5192144375e+00,1.2607752907e+00,1.0441586087e+00,8.6332355695e-01,7.1273991823e-01,5.8751709074e-01,4.8342537571e-01,3.5825191220e-01,2.2601050648e-01,1.1150333037e-01,3.8210231672e-02,8.1011469734e-03,1.3285061444e-03,5.9864198738e-04,5.6401938628e-04,5.6332752835e-04,5.6332182005e-04,5.6332180076e-04,5.6332180075e-04,5.6332180075e-04,5.6332180075e-04,5.6332180075e-04,5.6332180075e-04,5.6332180075e-04,5.6332180075e-04,5.6332180075e-04,5.6332180075e-04,5.6332180075e-04,5.6332180075e-04,5.6332180075e-04,5.6332180075e-04,5.6332180075e-04,5.6332180075e-04,5.6332180075e-04,5.6332180075e-04,5.6332180075e-04,5.6332180075e-04,5.6332180075e-04,5.6332180075e-04,5.6332180075e-04,5.6332180075e-04,5.6332180075e-04,5.6332180075e-04,5.6332180075e-04,5.6332180075e-04,5.6332180075e-04,5.6332180075e-04,5.6332180075e-04,5.6332180075e-04,5.6332180075e-04,5.6332180075e-04,5.6332180075e-04,5.6332180075e-04,5.6332180075e-04,5.6332180075e-04,5.6332180075e-04,5.6332180125e-04,5.6332186625e-04,5.6332524629e-04,5.6339888836e-04,5.6409868029e-04,5.6725202871e-04,5.7496882143e-04,5.8703686157e-04,6.0096545465e-04,6.1413470723e-04,6.2507219224e-04,6.3821198390e-04,6.5398173627e-04,6.7286572238e-04,6.9539319343e-04,7.2210946001e-04,7.5351899142e-04,7.8998650297e-04,8.3157939811e-04,8.7783493282e-04,9.2744052671e-04,9.7782855998e-04,1.0247099323e-03,1.0616035467e-03,1.0794575756e-03,1.0664934863e-03,1.0084209320e-03,8.8915457574e-04,6.9210043977e-04,4.0196836186e-04,6.9242773408e-06
2.6874981653e-09,1.0491247185e-06,2.5093363904e-06,2.1314227545e-06,1.7661108637e-06,1.4638588441e-06,1.2144045328e-06,1.0083203473e-06,8.3793752766e-07,6.9700068693e-07,5.8038400789e-07,4.8387204661e-07,4.0398907538e-07,3.3786438864e-07,2.8312444683e-07,2.3780554701e-07,2.0028240944e-07,1.6920951000e-07,1.4347267996e-07,1.2214909545e-07,1.0447417214e-07,8.9814146294e-08,7.7643571740e-08,6.3342429664e-08,4.8372872755e-08,3.5180694048e-08,2.6157298676e-08,2.1863923236e-08,2.0613124670e-08,2.0414897886e-08,2.0399205117e-08,2.0398614693e-08,2.0398604669e-08,2.0398604572e-08,2.0398604572e-08,2.0398604572e-08,2.0398604572e-08,2.0398604572e-08,2.0398604572e-08,2.0398604572e-08,2.0398604572e-08,2.0398604572e-08,2.0398604572e-08,2.0398604572e-08,2.0398604572e-08,2.0398604572e-08,2.0398604572e-08,2.0398604572e-08,2.0398604572e-08,2.0398604572e-08,2.0398604572e-08,2.0398604572e-08,2.0398604572e-08,2.0398604572e-08,2.0398604572e-08,2.0398604572e-08,2.0398604572e-08,2.0398604572e-08,2.0398604572e-08,2.0398604572e-08,2.0398604572e-08,2.0398604572e-08,2.0398604572e-08,2.0398604572e-08,2.0398604572e-08,2.0398604572e-08,2.0398604572e-08,2.0398604572e-08,2.0398604572e-08,2.0398604572e-08,2.0398604572e-08,2.0398604702e-08,2.0398619360e-08,2.0399457397e-08,2.0421790628e-08,2.0704526307e-08,2.2492196583e-08,2.8638990612e-08,4.1574992189e-08,6.0505531986e-08,8.2000756926e-08,1.0254533167e-07,1.2003444821e-07,1.4110581861e-07,1.6651659742e-07,1.9718027659e-07,2.3419910186e-07,2.7890381745e-07,3.3290145109e-07,3.9813316774e-07,4.7694421833e-07,5.7216870797e-07,6.8723259790e-07,8.2627944950e-07,9.9432522488e-07,1.1974506728e-06,1.4430440717e-06,1.7401117837e-06,2.0996808034e-06,2.5352855502e-06,3.0611505741e-06,3.5743218423e-06,5.7275700607e-08,2.6169746924e-04,2.9170700814e-04,2.7873489524e-04,2.6309173104e-04,2.5026163294e-04,2.4025122293e-04,2.3251844862e-04,2.2657505173e-04,2.2202786310e-04,2.1856501526e-04,2.1594043151e-04,2.1396082133e-04,2.1247505578e-04,2.1136553532e-04,2.1054120131e-04,2.0993190501e-04,2.0948388679e-04,2.0915616571e-04,2.0891767007e-04,2.0874496863e-04,2.0862048372e-04,2.0852008233e-04,2.0844426713e-04,2.0839135711e-04,2.0835775955e-04,2.0833870512e-04,2.0832926103e-04,2.0832527029e-04,2.0832387084e-04,2.0832347482e-04,2.0832338676e-04,2.0832337174e-04,2.0832336981e-04,2.0832336963e-04,2.0832336962e-04,2.0832336962e-04,2.0832336962e-04,2.0832336962e-04,2.0832336962e-04,2.0832336962e-04,2.0832336962e-04,2.0832336962e-04,2.0832336962e-04,2.0832336962e-04,2.0832336962e-04,2.0832336962e-04,2.0832336962e-04,2.0832336962e-04,2.0832336962e-04,2.0832336962e-04,2.0832336962e-04,2.0832336962e-04,2.0832336962e-04,2.0832336962e-04,2.0832336962e-04,2.0832336962e-04,2.0832336962e-04,2.0832336962e-04,2.0832336962e-04,2.0832336962e-04,2.0832336962e-04,2.0832336962e-04,2.0832336962e-04,2.0832336962e-04,2.0832336962e-04,2.0832336962e-04,2.0832336962e-04,2.0832336962e-04,2.0832336962e-04,2.0832336962e-04,2.0832336962e-04,2.0832336962e-04,2.0832336962e-04,2.0832336962e-04,2.0832336962e-04,2.0832336962e-04,2.0832336962e-04,2.0832336962e-04,2.0832336962e-04,2.0832336962e-04,2.0832336962e-04,2.0832336962e-04,2.0832336962e-04,2.0832336962e-04,2.0832336962e-04,2.0832336962e-04,2.0832336962e-04,2.0832336962e-04,2.0832336962e-04,2.0832336962e-04,2.0832336962e-04,2.0832336962e-04,2.0832336962e-04,2.0832336962e-04,2.0832336962e-04,2.0832336962e-04,2.0832336962e-04,2.0832336962e-04,2.0832336962e-04,2.0832336962e-04,2.0832336962e-04,2.0832336962e-04,2.0832336962e-04,2.0832336962e-04,2.0832336962e-04,2.0832336962e-04,2.0832336962e-04,2.0832336962e-04,2.0832336962e-04,2.0832336962e-04,2.0832336962e-04,2.0832336962e-04,2.0832336962e-04,2.0832336962e-04,2.0832336962e-04,2.0832336962e-04,2.0832336962e-04,2.0832336962e-04,2.0832336962e-04,2.0832336962e-04,2.0832336962e-04,2.0832336962e-04,2.0832336962e-04,2.0832336962e-04,2.0832336962e-04,2.0832336962e-04,2.0832336962e-04,2.0832336962e-04,2.0832336962e-04,2.0832336962e-04,2.0832336962e-04,2.0832336962e-04,2.0832336962e-04,2.0832336962e-04,2.0832336962e-04,2.0832336962e-04,2.0832336962e-04,2.0832336962e-04,2.0832336962e-04,2.0832336962e-04,2.0832336962e-04,2.0832336962e-04,2.0832336962e-04,2.0832336962e-04,2.0832336962e-04,2.0832336962e-04,2.0832336962e-04,2.0832336962e-04,2.0832336962e-04,2.0832336962e-04,2.0832336962e-04,2.0832336962e-04,2.0832336962e-04,2.0832336962e-04,2.0832336962e-04,2.0832336962e-04,2.0832336962e-04,2.0832336962e-04,2.0832336962e-04,2.0832336962e-04,2.0832336971e-04,2.0832337359e-04,2.0832348558e-04,2.0832579819e-04,2.0835997036e-04,2.0872291571e-04,2.1151679844e-04,2.2731327789e-04,2.9419491553e-04,5.1174757748e-04,1.0723756608e-03,2.2558816934e-03,4.3718558409e-03,7.6756916044e-03,1.2302274299e-02,1.8243028100e-02,2.5363204886e-02,3.3440973250e-02,4.2210304110e-02,5.1397014673e-02,6.0744302447e-02,7.1615063334e-02,8.4247317064e-02,9.8920787488e-02,1.1596692205e-01,1.3578134591e-01,1.5883954581e-01,1.8571652294e-01,2.1711129546e-01,2.5387729962e-01,2.9705994278e-01,3.4794281282e-01,4.0810435682e-01,4.7948711740e-01,5.6448031536e-01,6.6599430464e-01,7.8725887610e-01,9.2888194829e-01,1.0656988937e+00,1.0174740105e+00,8.2186190376e-02,2.9965476700e+00,4.8810864216e+00,5.9509660712e+00,6.4032360831e+00,6.4104170925e+00,6.1172154321e+00,5.6396683067e+00,5.0664032379e+00,4.4614967154e+00,3.8683164757e+00,3.3137435800e+00,2.8122741674e+00,2.3696554659e+00,1.9858729992e+00,1.6574434836e+00,1.3790642913e+00,1.1447237474e+00,9.4839455819e-01,7.8442682049e-01,6.4773849523e-01,5.3387918190e-01,3.9663259372e-01,2.5117099789e-01,1.2464189453e-01,4.3084690033e-02,9.2090367618e-03,1.4608743316e-03,6.0609742816e-04,5.6430244138e-04,5.6343611772e-04,5.6342866298e-04,5.6342863659e-04,5.6342863656e-04,5.6342863656e-04,5.6342863656e-04,5.6342863656e-04,5.6342863656e-04,5.6342863656e-04,5.6342863656e-04,5.6342863656e-04,5.6342863656e-04,5.6342863656e-04,5.6342863656e-04,5.6342863656e-04,5.6342863656e-04,5.6342863656e-04,5.6342863656e-04,5.6342863656e-04,5.6342863656e-04,5.6342863656e-04,5.6342863656e-04,5.6342863656e-04,5.6342863656e-04,5.6342863656e-04,5.6342863656e-04,5.6342863656e-04,5.6342863656e-04,5.6342863656e-04,5.6342863656e-04,5.6342863656e-04,5.6342863656e-04,5.6342863656e-04,5.6342863656e-04,5.6342863656e-04,5.6342863656e-04,5.6342863656e-04,5.6342863656e-04,5.6342863656e-04,5.6342863656e-04,5.6342863656e-04,5.6342863725e-04,5.6342872115e-04,5.6343289561e-04,5.6352040629e-04,5.6432634240e-04,5.6787494732e-04,5.7642612498e-04,5.8966980727e-04,6.0485979044e-04,6.1915836142e-04,6.3099450099e-04,6.4517257409e-04,6.6212961515e-04,6.8235055132e-04,7.0634979002e-04,7.3463306410e-04,7.6762909434e-04,8.0557835673e-04,8.4836526877e-04,8.9528214523e-04,9.4472033534e-04,9.9379792897e-04,1.0379552401e-03,1.0705775521e-03,1.0827346956e-03,1.0631503118e-03,9.9851866708e-04,8.7426212735e-04,6.7576087117e-04,3.8999047081e-04,7.3874505552e-06
2.8922963674e-09,1.1034109060e-06,2.6263494402e-06,2.2351977684e-06,1.8520337688e-06,1.5348637675e-06,1.2731392565e-06,1.0569491878e-06,8.7822754084e-07,7.3039851110e-07,6.0807774795e-07,5.0684040121e-07,4.2304020882e-07,3.5366683564e-07,2.9623188385e-07,2.4867684842e-07,2.0929801405e-07,1.7668486720e-07,1.4966933659e-07,1.2728386645e-07,1.0872672794e-07,9.3333298641e-08,8.0552487783e-08,6.5532210930e-08,4.9806675726e-08,3.5944057319e-08,2.6457876142e-08,2.1941504940e-08,2.0624681870e-08,2.0415792912e-08,2.0399238758e-08,2.0398615315e-08,2.0398604669e-08,2.0398604572e-08,2.0398604572e-08,2.0398604572e-08,2.0398604572e-08,2.0398604572e-08,2.0398604572e-08,2.0398604572e-08,2.0398604572e-08,2.0398604572e-08,2.0398604572e-08,2.0398604572e-08,2.0398604572e-08,2.0398604572e-08,2.0398604572e-08,2.0398604572e-08,2.0398604572e-08,2.0398604572e-08,2.0398604572e-08,2.0398604572e-08,2.0398604572e-08,2.0398604572e-08,2.0398604572e-08,2.0398604572e-08,2.0398604572e-08,2.0398604572e-08,2.0398604572e-08,2.0398604572e-08,2.0398604572e-08,2.0398604572e-08,2.0398604572e-08,2.0398604572e-08,2.0398604572e-08,2.0398604572e-08,2.0398604572e-08,2.0398604572e-08,2.0398604572e-08,2.0398604572e-08,2.0398604572e-08,2.0398604703e-08,2.0398620596e-08,2.0399527865e-08,2.0423683254e-08,2.0729208076e-08,2.2659364590e-08,2.9291441656e-08,4.3241204827e-08,6.3647423979e-08,8.6812134015e-08,1.0894841731e-07,1.2779026648e-07,1.5048933620e-07,1.7786044718e-07,2.1088657259e-07,2.5075369227e-07,2.9889351182e-07,3.5703484007e-07,4.2726580553e-07,5.1210910720e-07,6.1461328660e-07,7.3846377743e-07,8.8811872624e-07,1.0689765350e-06,1.2875845269e-06,1.5519024633e-06,1.8716393862e-06,2.2586885021e-06,2.7276399700e-06,3.2934251429e-06,3.8362310504e-06,6.2512302873e-08,2.7677062849e-04,3.1092221788e-04,2.9710699351e-04,2.7967752272e-04,2.6518466117e-04,2.5378103342e-04,2.4490343429e-04,2.3802523562e-04,2.3271832658e-04,2.2864094503e-04,2.2552168213e-04,2.2314587278e-04,2.2134442716e-04,2.1998472068e-04,2.1896318678e-04,2.1819931749e-04,2.1763082104e-04,2.1720972903e-04,2.1689928164e-04,2.1667144527e-04,2.1650494102e-04,2.1636853423e-04,2.1626358360e-04,2.1618867712e-04,2.1613981380e-04,2.1611119472e-04,2.1609645638e-04,2.1608994139e-04,2.1608753418e-04,2.1608681125e-04,2.1608663954e-04,2.1608660808e-04,2.1608660372e-04,2.1608660328e-04,2.1608660324e-04,2.1608660324e-04,2.1608660324e-04,2.1608660324e-04,2.1608660324e-04,2.1608660324e-04,2.1608660324e-04,2.1608660324e-04,2.1608660324e-04,2.1608660324e-04,2.1608660324e-04,2.1608660324e-04,2.1608660324e-04,2.1608660324e-04,2.1608660324e-04,2.1608660324e-04,2.1608660324e-04,2.1608660324e-04,2.1608660324e-04,2.1608660324e-04,2.1608660324e-04,2.1608660324e-04,2.1608660324e-04,2.1608660324e-04,2.1608660324e-04,2.1608660324e-04,2.1608660324e-04,2.1608660324e-04,2.1608660324e-04,2.1608660324e-04,2.1608660324e-04,2.1608660324e-04,2.1608660324e-04,2.1608660324e-04,2.1608660324e-04,2.1608660324e-04,2.1608660324e-04,2.1608660324e-04,2.1608660324e-04,2.1608660324e-04,2.1608660324e-04,2.1608660324e-04,2.1608660324e-04,2.1608660324e-04,2.1608660324e-04,2.1608660324e-04,2.1608660324e-04,2.1608660324e-04,2.1608660324e-04,2.1608660324e-04,2.1608660324e-04,2.1608660324e-04,2.1608660324e-04,2.1608660324e-04,2.1608660324e-04,2.1608660324e-04,2.1608660324e-04,2.1608660324e-04,2.1608660324e-04,2.1608660324e-04,2.1608660324e-04,2.1608660324e-04,2.1608660324e-04,2.1608660324e-04,2.1608660324e-04,2.1608660324e-04,2.1608660324e-04,2.1608660324e-04,2.1608660324e-04,2.1608660324e-04,2.1608660324e-04,2.1608660324e-04,2.1608660324e-04,2.1608660324e-04,2.1608660324e-04,2.1608660324e-04,2.1608660324e-04,2.1608660324e-04,2.1608660324e-04,2.1608660324e-04,2.1608660324e-04,2.1608660324e-04,2.1608660324e-04,2.1608660324e-04,2.1608660324e-04,2.1608660324e-04,2.1608660324e-04,2.1608660324e-04,2.1608660324e-04,2.1608660324e-04,2.1608660324e-04,2.1608660324e-04,2.1608660324e-04,2.1608660324e-04,2.1608660324e-04,2.1608660324e-04,2.1608660324e-04,2.1608660324e-04,2.1608660324e-04,2.1608660324e-04,2.1608660324e-04,2.1608660324e-04,2.1608660324e-04,2.1608660324e-04,2.1608660324e-04,2.1608660324e-04,2.1608660324e-04,2.1608660324e-04,2.1608660324e-04,2.1608660324e-04,2.1608660324e-04,2.1608660324e-04,2.1608660324e-04,2.1608660324e-04,2.1608660324e-04,2.1608660324e-04,2.1608660324e-04,2.1608660324e-04,2.1608660324e-04,2.1608660324e-04,2.1608660324e-04,2.1608660324e-04,2.1608660324e-04,2.1608660324e-04,2.1608660324e-04,2.1608660325e-04,2.1608660356e-04,2.1608661501e-04,2.1608691788e-04,2.1609263702e-04,2.1616993039e-04,2.1692154637e-04,2.2223021340e-04,2.4987051416e-04,3.5821818101e-04,6.8680336138e-04,1.4827754651e-03,3.0761827550e-03,5.8008424013e-03,9.9017068739e-03,1.5475687001e-02,2.2463477591e-02,3.0680162218e-02,3.9861997296e-02,4.9711701776e-02,5.9933719886e-02,7.0257736904e-02,8.2190077264e-02,9.5977969044e-02,1.1191305970e-01,1.3034222935e-01,1.5168093637e-01,1.7642991146e-01,2.0519594181e-01,2.3871763010e-01,2.7789718510e-01,3.2383951211e-01,3.7790013269e-01,4.4174378158e-01,5.1741574860e-01,6.0742586192e-01,7.1481392681e-01,8.4284864658e-01,9.9140646088e-01,1.1307018743e+00,1.0653995787e+00,8.3499616470e-02,3.0269013528e+00,4.9560973633e+00,6.0769847624e+00,6.5788600771e+00,6.6284210250e+00,6.3667183914e+00,5.9082330118e+00,5.3418068721e+00,4.7330113306e+00,4.1274515246e+00,3.5545017502e+00,3.0310346779e+00,2.5648219820e+00,2.1574137223e+00,1.8064218435e+00,1.5072230796e+00,1.2541530720e+00,1.0412897092e+00,8.6292715819e-01,7.1383147395e-01,5.8935231670e-01,4.3891842022e-01,2.7895161884e-01,1.3918405748e-01,4.8497498852e-02,1.0445416172e-02,1.6098658190e-03,6.1456974194e-04,5.6457395121e-04,5.6350305395e-04,5.6349348054e-04,5.6349344517e-04,5.6349344513e-04,5.6349344513e-04,5.6349344513e-04,5.6349344513e-04,5.6349344513e-04,5.6349344513e-04,5.6349344513e-04,5.6349344513e-04,5.6349344513e-04,5.6349344513e-04,5.6349344513e-04,5.6349344513e-04,5.6349344513e-04,5.6349344513e-04,5.6349344513e-04,5.6349344513e-04,5.6349344513e-04,5.6349344513e-04,5.6349344513e-04,5.6349344513e-04,5.6349344513e-04,5.6349344513e-04,5.6349344513e-04,5.6349344513e-04,5.6349344513e-04,5.6349344513e-04,5.6349344513e-04,5.6349344513e-04,5.6349344513e-04,5.6349344513e-04,5.6349344513e-04,5.6349344513e-04,5.6349344513e-04,5.6349344513e-04,5.6349344513e-04,5.6349344513e-04,5.6349344513e-04,5.6349344513e-04,5.6349344604e-04,5.6349355222e-04,5.6349862592e-04,5.6360134766e-04,5.6452123641e-04,5.6848888595e-04,5.7791832552e-04,5.9239297449e-04,6.0889573710e-04,6.2436033267e-04,6.3711637143e-04,6.5234754951e-04,6.7049371610e-04,6.9203080680e-04,7.1744510649e-04,7.4718579989e-04,7.8158611078e-04,8.2074217937e-04,8.6433934631e-04,9.1141921413e-04,9.6008917220e-04,1.0071901365e-03,1.0479579241e-03,1.0757369189e-03,1.0818267139e-03,1.0555558792e-03,9.8467321114e-04,8.5611793651e-04,6.5717322915e-04,3.7692614161e-04,7.8651841030e-06
3.1126820354e-09,1.1588741887e-06,2.7438794651e-06,2.3402106227e-06,1.9390120838e-06,1.6067248979e-06,1.3325709307e-06,1.1061497551e-06,9.1899064437e-07,7.6419102950e-07,6.3610302124e-07,5.3008862907e-07,4.4232837687e-07,3.6967040464e-07,3.0951011064e-07,2.5969319891e-07,2.1843677072e-07,1.8426472501e-07,1.5595460350e-07,1.3249370921e-07,1.1304282232e-07,9.6906166142e-08,8.3506751516e-08,6.7757187720e-08,5.1264547299e-08,3.6721028819e-08,2.6764253406e-08,2.2020734612e-08,2.0636511695e-08,2.0416711376e-08,2.0399273401e-08,2.0398615932e-08,2.0398604669e-08,2.0398604572e-08,2.0398604572e-08,2.0398604572e-08,2.0398604572e-08,2.0398604572e-08,2.0398604572e-08,2.0398604572e-08,2.0398604572e-08,2.0398604572e-08,2.0398604572e-08,2.0398604572e-08,2.0398604572e-08,2.0398604572e-08,2.0398604572e-08,2.0398604572e-08,2.0398604572e-08,2.0398604572e-08,2.0398604572e-08,2.0398604572e-08,2.0398604572e-08,2.0398604572e-08,2.0398604572e-08,2.0398604572e-08,2.0398604572e-08,2.0398604572e-08,2.0398604572e-08,2.0398604572e-08,2.0398604572e-08,2.0398604572e-08,2.0398604572e-08,2.0398604572e-08,2.0398604572e-08,2.0398604572e-08,2.0398604572e-08,2.0398604572e-08,2.0398604572e-08,2.0398604572e-08,2.0398604572e-08,2.0398604703e-08,2.0398621930e-08,2.0399604287e-08,2.0425732636e-08,2.0755901062e-08,2.2839954476e-08,2.9995643033e-08,4.5038368268e-08,6.7034644929e-08,9.1997529866e-08,1.1584775821e-07,1.3614596301e-07,1.6059717143e-07,1.9007818640e-07,2.2564664915e-07,2.6857851642e-07,3.2041397127e-07,3.8301266814e-07,4.5862064365e-07,5.4995129442e-07,6.6028369479e-07,7.9358239047e-07,9.5464418924e-07,1.1492796012e-06,1.3845391876e-06,1.6689995439e-06,2.0131283247e-06,2.4297534623e-06,2.9345999833e-06,3.5432655913e-06,4.1165435146e-06,6.8283546291e-08,2.9248670988e-04,3.3126190518e-04,3.1665008423e-04,2.9729095125e-04,2.8096340670e-04,2.6800970950e-04,2.5785111801e-04,2.4992104027e-04,2.4375408954e-04,2.3897646472e-04,2.3528953819e-04,2.3245561238e-04,2.3028617553e-04,2.2863228716e-04,2.2737673052e-04,2.2642762831e-04,2.2571326369e-04,2.2517789393e-04,2.2477837974e-04,2.2448148094e-04,2.2426169158e-04,2.2407897974e-04,2.2393591609e-04,2.2383163494e-04,2.2376186795e-04,2.2371974792e-04,2.2369725780e-04,2.2368688159e-04,2.2368285150e-04,2.2368156998e-04,2.2368124548e-04,2.2368118173e-04,2.2368117222e-04,2.2368117117e-04,2.2368117108e-04,2.2368117108e-04,2.2368117108e-04,2.2368117108e-04,2.2368117108e-04,2.2368117108e-04,2.2368117108e-04,2.2368117108e-04,2.2368117108e-04,2.2368117108e-04,2.2368117108e-04,2.2368117108e-04,2.2368117108e-04,2.2368117108e-04,2.2368117108e-04,2.2368117108e-04,2.2368117108e-04,2.2368117108e-04,2.2368117108e-04,2.2368117108e-04,2.2368117108e-04,2.2368117108e-04,2.2368117108e-04,2.2368117108e-04,2.2368117108e-04,2.2368117108e-04,2.2368117108e-04,2.2368117108e-04,2.2368117108e-04,2.2368117108e-04,2.2368117108e-04,2.2368117108e-04,2.2368117108e-04,2.2368117108e-04,2.2368117108e-04,2.2368117108e-04,2.2368117108e-04,2.2368117108e-04,2.2368117108e-04,2.2368117108e-04,2.2368117108e-04,2.2368117108e-04,2.2368117108e-04,2.2368117108e-04,2.2368117108e-04,2.2368117108e-04,2.2368117108e-04,2.2368117108e-04,2.2368117108e-04,2.2368117108e-04,2.2368117108e-04,2.2368117108e-04,2.2368117108e-04,2.2368117108e-04,2.2368117108e-04,2.2368117108e-04,2.2368117108e-04,2.2368117108e-04,2.2368117108e-04,2.2368117108e-04,2.2368117108e-04,2.2368117108e-04,2.2368117108e-04,2.2368117108e-04,2.2368117108e-04,2.2368117108e-04,2.2368117108e-04,2.2368117108e-04,2.2368117108e-04,2.2368117108e-04,2.2368117108e-04,2.2368117108e-04,2.2368117108e-04,2.2368117108e-04,2.2368117108e-04,2.2368117108e-04,2.2368117108e-04,2.2368117108e-04,2.2368117108e-04,2.2368117108e-04,2.2368117108e-04,2.2368117108e-04,2.2368117108e-04,2.2368117108e-04,2.2368117108e-04,2.2368117108e-04,2.2368117108e-04,2.2368117108e-04,2.2368117108e-04,2.2368117108e-04,2.2368117108e-04,2.2368117108e-04,2.2368117108e-04,2.2368117108e-04,2.2368117108e-04,2.2368117108e-04,2.2368117108e-04,2.2368117108e-04,2.2368117108e-04,2.2368117108e-04,2.2368117108e-04,2.2368117108e-04,2.2368117108e-04,2.2368117108e-04,2.2368117108e-04,2.2368117108e-04,2.2368117108e-04,2.2368117108e-04,2.2368117108e-04,2.2368117108e-04,2.2368117108e-04,2.2368117108e-04,2.2368117108e-04,2.2368117108e-04,2.2368117108e-04,2.2368117108e-04,2.2368117108e-04,2.2368117108e-04,2.2368117108e-04,2.2368117108e-04,2.2368117108e-04,2.2368117108e-04,2.2368117108e-04,2.2368117108e-04,2.2368117108e-04,2.2368117110e-04,2.2368117206e-04,2.2368120490e-04,2.2368199912e-04,2.2369571193e-04,2.2386523181e-04,2.2537498538e-04,2.3516567135e-04,2.8216126309e-04,4.5298464599e-04,9.3694145946e-04,2.0414489465e-03,4.1429856478e-03,7.5876055247e-03,1.2595563627e-02,1.9214857024e-02,2.7330099915e-02,3.6705750681e-02,4.7038645771e-02,5.8003847367e-02,6.9287921385e-02,8.0609870316e-02,9.3624253386e-02,1.0858887131e-01,1.2580906639e-01,1.4564935103e-01,1.6854765906e-01,1.9503305890e-01,2.2574767573e-01,2.6147371518e-01,3.0316665951e-01,3.5199592580e-01,4.0939454934e-01,4.7711978018e-01,5.5732660181e-01,6.5265272481e-01,7.6627062344e-01,9.0145840531e-01,1.0571749117e+00,1.1984277475e+00,1.1143100219e+00,8.4921018438e-02,3.0546916698e+00,5.0264772483e+00,6.1971947186e+00,6.7485881204e+00,6.8415627314e+00,6.6133591211e+00,6.1765995930e+00,5.6199625138e+00,5.0101400152e+00,4.3946700880e+00,3.8052231541e+00,3.2609666262e+00,2.7717142282e+00,2.3406681731e+00,1.9666607165e+00,1.6458822980e+00,1.3731394600e+00,1.1427168950e+00,9.4892868001e-01,7.8644027932e-01,6.5043224493e-01,4.8559947490e-01,3.0970249798e-01,1.5532676846e-01,5.4527246173e-02,1.1829427634e-02,1.7778852077e-03,6.2421233116e-04,5.6485274893e-04,5.6354347261e-04,5.6353135936e-04,5.6353131283e-04,5.6353131277e-04,5.6353131277e-04,5.6353131277e-04,5.6353131277e-04,5.6353131277e-04,5.6353131277e-04,5.6353131277e-04,5.6353131277e-04,5.6353131277e-04,5.6353131277e-04,5.6353131277e-04,5.6353131277e-04,5.6353131277e-04,5.6353131277e-04,5.6353131277e-04,5.6353131277e-04,5.6353131277e-04,5.6353131277e-04,5.6353131277e-04,5.6353131277e-04,5.6353131277e-04,5.6353131277e-04,5.6353131277e-04,5.6353131277e-04,5.6353131277e-04,5.6353131277e-04,5.6353131277e-04,5.6353131277e-04,5.6353131277e-04,5.6353131277e-04,5.6353131277e-04,5.6353131277e-04,5.6353131277e-04,5.6353131277e-04,5.6353131277e-04,5.6353131277e-04,5.6353131277e-04,5.6353131277e-04,5.6353131396e-04,5.6353144594e-04,5.6353752542e-04,5.6365682318e-04,5.6469877399e-04,5.6911070182e-04,5.7946519448e-04,5.9522880380e-04,6.1309522078e-04,6.2975802838e-04,6.4344858565e-04,6.5973681247e-04,6.7905721215e-04,7.0186543780e-04,7.2860502149e-04,7.5965111113e-04,7.9522268812e-04,8.3525466691e-04,8.7922308831e-04,9.2592149156e-04,9.7319543181e-04,1.0176554002e-03,1.0544053122e-03,1.0768418497e-03,1.0765948451e-03,1.0436846296e-03,9.6696244280e-04,8.3486985400e-04,6.3650181880e-04,3.6289061474e-04,8.3559836050e-06
3.3498415524e-09,1.2153460742e-06,2.8612646063e-06,2.4459850951e-06,2.0266616438e-06,1.6791230792e-06,1.3924335558e-06,1.1557002912e-06,9.6004215897e-07,7.9822476581e-07,6.6433262711e-07,5.5351160617e-07,4.6176693071e-07,3.8580383603e-07,3.2290062562e-07,2.7080663637e-07,2.2765939588e-07,1.9191693548e-07,1.6230218882e-07,1.3775713618e-07,1.1740490941e-07,1.0051843738e-07,8.6494707683e-08,7.0008781143e-08,5.2741059275e-08,3.7508865680e-08,2.7075432346e-08,2.2101382740e-08,2.0648585130e-08,2.0417651430e-08,2.0399308994e-08,2.0398616549e-08,2.0398604669e-08,2.0398604572e-08,2.0398604572e-08,2.0398604572e-08,2.0398604572e-08,2.0398604572e-08,2.0398604572e-08,2.0398604572e-08,2.0398604572e-08,2.0398604572e-08,2.0398604572e-08,2.0398604572e-08,2.0398604572e-08,2.0398604572e-08,2.0398604572e-08,2.0398604572e-08,2.0398604572e-08,2.0398604572e-08,2.0398604572e-08,2.0398604572e-08,2.0398604572e-08,2.0398604572e-08,2.0398604572e-08,2.0398604572e-08,2.0398604572e-08,2.0398604572e-08,2.0398604572e-08,2.0398604572e-08,2.0398604572e-08,2.0398604572e-08,2.0398604572e-08,2.0398604572e-08,2.0398604572e-08,2.0398604572e-08,2.0398604572e-08,2.0398604572e-08,2.0398604572e-08,2.0398604572e-08,2.0398604572e-08,2.0398604704e-08,2.0398623414e-08,2.0399687179e-08,2.0427952908e-08,2.0784781317e-08,2.3035107310e-08,3.0755884201e-08,4.6977125271e-08,7.0686852566e-08,9.7586619485e-08,1.2328246281e-07,1.4514859607e-07,1.7148588738e-07,2.0323774925e-07,2.4154205391e-07,2.8777143038e-07,3.4358259967e-07,4.1097578671e-07,4.9236669080e-07,5.9067365436e-07,7.0942362045e-07,8.5288143813e-07,1.0262086044e-06,1.2356598327e-06,1.4888285961e-06,1.7949573376e-06,2.1653326665e-06,2.6137909737e-06,3.1572761386e-06,3.8119873133e-06,4.4164387690e-06,7.4646847780e-08,3.0885397007e-04,3.5277405296e-04,3.3743783144e-04,3.1600513288e-04,2.9765988296e-04,2.8298671640e-04,2.7139937078e-04,2.6228998805e-04,2.5515346651e-04,2.4958168207e-04,2.4524678050e-04,2.4188627334e-04,2.3929068257e-04,2.3729339169e-04,2.3576233338e-04,2.3459320026e-04,2.3370391329e-04,2.3303012847e-04,2.3252159896e-04,2.3213923883e-04,2.3185275618e-04,2.3161132740e-04,2.3141916502e-04,2.3127630841e-04,2.3117844115e-04,2.3111764912e-04,2.3108406302e-04,2.3106792672e-04,2.3106135431e-04,2.3105914658e-04,2.3105855191e-04,2.3105842686e-04,2.3105840679e-04,2.3105840438e-04,2.3105840417e-04,2.3105840416e-04,2.3105840415e-04,2.3105840415e-04,2.3105840415e-04,2.3105840415e-04,2.3105840415e-04,2.3105840415e-04,2.3105840415e-04,2.3105840415e-04,2.3105840415e-04,2.3105840415e-04,2.3105840415e-04,2.3105840415e-04,2.3105840415e-04,2.3105840415e-04,2.3105840415e-04,2.3105840415e-04,2.3105840415e-04,2.3105840415e-04,2.3105840415e-04,2.3105840415e-04,2.3105840415e-04,2.3105840415e-04,2.3105840415e-04,2.3105840415e-04,2.3105840415e-04,2.3105840415e-04,2.3105840415e-04,2.3105840415e-04,2.3105840415e-04,2.3105840415e-04,2.3105840415e-04,2.3105840415e-04,2.3105840415e-04,2.3105840415e-04,2.3105840415e-04,2.3105840415e-04,2.3105840415e-04,2.3105840415e-04,2.3105840415e-04,2.3105840415e-04,2.3105840415e-04,2.3105840415e-04,2.3105840415e-04,2.3105840415e-04,2.3105840415e-04,2.3105840415e-04,2.3105840415e-04,2.3105840415e-04,2.3105840415e-04,2.3105840415e-04,2.3105840415e-04,2.3105840415e-04,2.3105840415e-04,2.3105840415e-04,2.3105840415e-04,2.3105840415e-04,2.3105840415e-04,2.3105840415e-04,2.3105840415e-04,2.3105840415e-04,2.3105840415e-04,2.3105840415e-04,2.3105840415e-04,2.3105840415e-04,2.3105840415e-04,2.3105840415e-04,2.3105840415e-04,2.3105840415e-04,2.3105840415e-04,2.3105840415e-04,2.3105840415e-04,2.3105840415e-04,2.3105840415e-04,2.3105840415e-04,2.3105840415e-04,2.3105840415e-04,2.3105840415e-04,2.3105840415e-04,2.3105840415e-04,2.3105840415e-04,2.3105840415e-04,2.3105840415e-04,2.3105840415e-04,2.3105840415e-04,2.3105840415e-04,2.3105840415e-04,2.3105840415e-04,2.3105840415e-04,2.3105840415e-04,2.3105840415e-04,2.3105840415e-04,2.3105840415e-04,2.3105840415e-04,2.3105840415e-04,2.3105840415e-04,2.3105840415e-04,2.3105840415e-04,2.3105840415e-04,2.3105840415e-04,2.3105840415e-04,2.3105840415e-04,2.3105840415e-04,2.3105840415e-04,2.3105840415e-04,2.3105840415e-04,2.3105840415e-04,2.3105840415e-04,2.3105840415e-04,2.3105840415e-04,2.3105840415e-04,2.3105840415e-04,2.3105840415e-04,2.3105840415e-04,2.3105840415e-04,2.3105840415e-04,2.3105840415e-04,2.3105840415e-04,2.3105840415e-04,2.3105840415e-04,2.3105840415e-04,2.3105840415e-04,2.3105840415e-04,2.3105840416e-04,2.3105840422e-04,2.3105840717e-04,2.3105849849e-04,2.3106051819e-04,2.3109240203e-04,2.3145298802e-04,2.3439539895e-04,2.5192875550e-04,3.2961200682e-04,5.9189101868e-04,1.2874776620e-03,2.7865295267e-03,5.5037851830e-03,9.7825196330e-03,1.5803618586e-02,2.3556874730e-02,3.2867897246e-02,4.3452249236e-02,5.4971340704e-02,6.7076969836e-02,7.9441585566e-02,9.1776275606e-02,1.0588771987e-01,1.2204591754e-01,1.4057192117e-01,1.6185029485e-01,1.8634428113e-01,2.1461454092e-01,2.4734222210e-01,2.8535726226e-01,3.2967301568e-01,3.8152852317e-01,4.4244002844e-01,5.1426367154e-01,5.9927124357e-01,7.0023556012e-01,8.2046312963e-01,9.6320151654e-01,1.1262726268e+00,1.2688570922e+00,1.1641171216e+00,8.6457812691e-02,3.0798089094e+00,5.0919891365e+00,6.3112002399e+00,6.9118317154e+00,7.0490460823e+00,6.8561548742e+00,6.4436603726e+00,5.8997313820e+00,5.2918205773e+00,4.6690866965e+00,4.0652736619e+00,3.5017261478e+00,2.9902805770e+00,2.5358480096e+00,2.1385853961e+00,1.7956216893e+00,1.5023580043e+00,1.2533943154e+00,1.0431509709e+00,8.6625571490e-01,7.1776158151e-01,5.3722458749e-01,3.4382492657e-01,1.7329979563e-01,6.1266974916e-02,1.3384220525e-02,1.9679315928e-03,6.3521337289e-04,5.6515392258e-04,5.6356777353e-04,5.6355264097e-04,5.6355258076e-04,5.6355258067e-04,5.6355258067e-04,5.6355258067e-04,5.6355258067e-04,5.6355258067e-04,5.6355258067e-04,5.6355258067e-04,5.6355258067e-04,5.6355258067e-04,5.6355258067e-04,5.6355258067e-04,5.6355258067e-04,5.6355258067e-04,5.6355258067e-04,5.6355258067e-04,5.6355258067e-04,5.6355258067e-04,5.6355258067e-04,5.6355258067e-04,5.6355258067e-04,5.6355258067e-04,5.6355258067e-04,5.6355258067e-04,5.6355258067e-04,5.6355258067e-04,5.6355258067e-04,5.6355258067e-04,5.6355258067e-04,5.6355258067e-04,5.6355258067e-04,5.6355258067e-04,5.6355258067e-04,5.6355258067e-04,5.6355258067e-04,5.6355258067e-04,5.6355258067e-04,5.6355258067e-04,5.6355258067e-04,5.6355258220e-04,5.6355274361e-04,5.6355993879e-04,5.6369723999e-04,5.6486994729e-04,5.6975363523e-04,5.8108401700e-04,5.9819772922e-04,6.1747698134e-04,6.3536326878e-04,6.4999377803e-04,6.6732870801e-04,6.8778754177e-04,7.1179302058e-04,7.3973055691e-04,7.7188420120e-04,8.0834215723e-04,8.4886571810e-04,8.9271831291e-04,9.3845689983e-04,9.8369675167e-04,1.0248725736e-03,1.0570327291e-03,1.0737166324e-03,1.0669742797e-03,1.0275868166e-03,9.4553358211e-04,8.1072162195e-04,6.1394887849e-04,3.4801746533e-04,8.8581760363e-06
3.6050515985e-09,1.2726386830e-06,2.9777833447e-06,2.5519969869e-06,2.1145607707e-06,1.7517083493e-06,1.4524355767e-06,1.2053577197e-06,1.0011795444e-06,8.3233124117e-07,6.9262676338e-07,5.7699365165e-07,4.8126040895e-07,4.0198854684e-07,3.3633887177e-07,2.8196421000e-07,2.3692251078e-07,1.9960599539e-07,1.6868306029e-07,1.4305042483e-07,1.2179362263e-07,1.0415431927e-07,8.9503498128e-08,7.2277531895e-08,5.4230231372e-08,3.8304549525e-08,2.7390317302e-08,2.2183198432e-08,2.0660870539e-08,2.0418611138e-08,2.0399345410e-08,2.0398617209e-08,2.0398604669e-08,2.0398604572e-08,2.0398604572e-08,2.0398604572e-08,2.0398604572e-08,2.0398604572e-08,2.0398604572e-08,2.0398604572e-08,2.0398604572e-08,2.0398604572e-08,2.0398604572e-08,2.0398604572e-08,2.0398604572e-08,2.0398604572e-08,2.0398604572e-08,2.0398604572e-08,2.0398604572e-08,2.0398604572e-08,2.0398604572e-08,2.0398604572e-08,2.0398604572e-08,2.0398604572e-08,2.0398604572e-08,2.0398604572e-08,2.0398604572e-08,2.0398604572e-08,2.0398604572e-08,2.0398604572e-08,2.0398604572e-08,2.0398604572e-08,2.0398604572e-08,2.0398604572e-08,2.0398604572e-08,2.0398604572e-08,2.0398604572e-08,2.0398604572e-08,2.0398604572e-08,2.0398604572e-08,2.0398604572e-08,2.0398604718e-08,2.0398625002e-08,2.0399777172e-08,2.0430359821e-08,2.0816042568e-08,2.3246072243e-08,3.1576841162e-08,4.9069040118e-08,7.4625355017e-08,1.0361151533e-07,1.3129480241e-07,1.5484899131e-07,1.8321652657e-07,2.1741239367e-07,2.5866065902e-07,3.0843780102e-07,3.6852572473e-07,4.4107566312e-07,5.2868560364e-07,6.3449416488e-07,7.6229484752e-07,9.1667568698e-07,1.1031910157e-06,1.3285744844e-06,1.6010053962e-06,1.9304449895e-06,2.3290638972e-06,2.8117862809e-06,3.3968637275e-06,4.1010010994e-06,4.7371555769e-06,8.1665866560e-08,3.2587971350e-04,3.7550636816e-04,3.5954776788e-04,3.3589956530e-04,3.1534292516e-04,2.9876800304e-04,2.8559208573e-04,2.7516520382e-04,2.6694001439e-04,2.6047163717e-04,2.5540084995e-04,2.5143850389e-04,2.4835251873e-04,2.4595716588e-04,2.4410426363e-04,2.4267596035e-04,2.4157883148e-04,2.4073906414e-04,2.4009853909e-04,2.3961165181e-04,2.3924273383e-04,2.3892784930e-04,2.3867335843e-04,2.3848065174e-04,2.3834567328e-04,2.3825955941e-04,2.3821043286e-04,2.3818590935e-04,2.3817545939e-04,2.3817176023e-04,2.3817070270e-04,2.3817046511e-04,2.3817042417e-04,2.3817041887e-04,2.3817041836e-04,2.3817041832e-04,2.3817041832e-04,2.3817041832e-04,2.3817041832e-04,2.3817041832e-04,2.3817041832e-04,2.3817041832e-04,2.3817041832e-04,2.3817041832e-04,2.3817041832e-04,2.3817041832e-04,2.3817041832e-04,2.3817041832e-04,2.3817041832e-04,2.3817041832e-04,2.3817041832e-04,2.3817041832e-04,2.3817041832e-04,2.3817041832e-04,2.3817041832e-04,2.3817041832e-04,2.3817041832e-04,2.3817041832e-04,2.3817041832e-04,2.3817041832e-04,2.3817041832e-04,2.3817041832e-04,2.3817041832e-04,2.3817041832e-04,2.3817041832e-04,2.3817041832e-04,2.3817041832e-04,2.3817041832e-04,2.3817041832e-04,2.3817041832e-04,2.3817041832e-04,2.3817041832e-04,2.3817041832e-04,2.3817041832e-04,2.3817041832e-04,2.3817041832e-04,2.3817041832e-04,2.3817041832e-04,2.3817041832e-04,2.3817041832e-04,2.3817041832e-04,2.3817041832e-04,2.3817041832e-04,2.3817041832e-04,2.3817041832e-04,2.3817041832e-04,2.3817041832e-04,2.3817041832e-04,2.3817041832e-04,2.3817041832e-04,2.3817041832e-04,2.3817041832e-04,2.3817041832e-04,2.3817041832e-04,2.3817041832e-04,2.3817041832e-04,2.3817041832e-04,2.3817041832e-04,2.3817041832e-04,2.3817041832e-04,2.3817041832e-04,2.3817041832e-04,2.3817041832e-04,2.3817041832e-04,2.3817041832e-04,2.3817041832e-04,2.3817041832e-04,2.3817041832e-04,2.3817041832e-04,2.3817041832e-04,2.3817041832e-04,2.3817041832e-04,2.3817041832e-04,2.3817041832e-04,2.3817041832e-04,2.3817041832e-04,2.3817041832e-04,2.3817041832e-04,2.3817041832e-04,2.3817041832e-04,2.3817041832e-04,2.3817041832e-04,2.3817041832e-04,2.3817041832e-04,2.3817041832e-04,2.3817041832e-04,2.3817041832e-04,2.3817041832e-04,2.3817041832e-04,2.3817041832e-04,2.3817041832e-04,2.3817041832e-04,2.3817041832e-04,2.3817041832e-04,2.3817041832e-04,2.3817041832e-04,2.3817041832e-04,2.3817041832e-04,2.3817041832e-04,2.3817041832e-04,2.3817041832e-04,2.3817041832e-04,2.3817041832e-04,2.3817041832e-04,2.3817041832e-04,2.3817041832e-04,2.3817041832e-04,2.3817041832e-04,2.3817041832e-04,2.3817041832e-04,2.3817041832e-04,2.3817041832e-04,2.3817041832e-04,2.3817041832e-04,2.3817041832e-04,2.3817041832e-04,2.3817041832e-04,2.3817041832e-04,2.3817041833e-04,2.3817041855e-04,2.3817042723e-04,2.3817067360e-04,2.3817565513e-04,2.3824755766e-04,2.3899162105e-04,2.4455738091e-04,2.7505899123e-04,3.9996582673e-04,7.9238358050e-04,1.7687115945e-03,3.7601619703e-03,7.2070872377e-03,1.2432805895e-02,1.9564890424e-02,2.8528105854e-02,3.9088881591e-02,5.0917752645e-02,6.3645968577e-02,7.6906988891e-02,9.0362944847e-02,1.0371954613e-01,1.1893859008e-01,1.3630412585e-01,1.5615513501e-01,1.7889882964e-01,2.0502674293e-01,2.3513450464e-01,2.6994606917e-01,3.1034331925e-01,3.5740216023e-01,4.1243645918e-01,4.7705148003e-01,5.5320878439e-01,6.4330425073e-01,7.5025284625e-01,8.7749390828e-01,1.0281916726e+00,1.1987754123e+00,1.3419519985e+00,1.2147250231e+00,8.8117742338e-02,3.1021451509e+00,5.1524001805e+00,6.4186131282e+00,7.0680124972e+00,7.2500830990e+00,7.0941203711e+00,6.7082835998e+00,6.1799194983e+00,5.5768996851e+00,4.9496908692e+00,4.3338692052e+00,3.7528083359e+00,3.2203128183e+00,2.7430268842e+00,2.3225120631e+00,1.9569461900e+00,1.6424439304e+00,1.3740320807e+00,1.1463317366e+00,9.5400632110e-01,7.9203377851e-01,5.9440239793e-01,3.8177645861e-01,1.9337078272e-01,6.8826702844e-02,1.5137648142e-02,2.1837089041e-03,6.4780655872e-04,5.6549037941e-04,5.6358281883e-04,5.6356411461e-04,5.6356403782e-04,5.6356403769e-04,5.6356403769e-04,5.6356403769e-04,5.6356403769e-04,5.6356403769e-04,5.6356403769e-04,5.6356403769e-04,5.6356403769e-04,5.6356403769e-04,5.6356403769e-04,5.6356403769e-04,5.6356403769e-04,5.6356403769e-04,5.6356403769e-04,5.6356403769e-04,5.6356403769e-04,5.6356403769e-04,5.6356403769e-04,5.6356403769e-04,5.6356403769e-04,5.6356403769e-04,5.6356403769e-04,5.6356403769e-04,5.6356403769e-04,5.6356403769e-04,5.6356403769e-04,5.6356403769e-04,5.6356403769e-04,5.6356403769e-04,5.6356403769e-04,5.6356403769e-04,5.6356403769e-04,5.6356403769e-04,5.6356403769e-04,5.6356403769e-04,5.6356403769e-04,5.6356403769e-04,5.6356403770e-04,5.6356403960e-04,5.6356423431e-04,5.6357266137e-04,5.6372950912e-04,5.6504258002e-04,5.7042863045e-04,5.8279089944e-04,6.0131903612e-04,6.2205650550e-04,6.4118132290e-04,6.5674486402e-04,6.7509794842e-04,6.9663409195e-04,7.2172965666e-04,7.5069662638e-04,7.8371238931e-04,8.2072124891e-04,8.6130407675e-04,9.0451595274e-04,9.4869745502e-04,9.9127340765e-04,1.0285630723e-03,1.0556364355e-03,1.0662602449e-03,1.0529815494e-03,1.0073923757e-03,9.2060394430e-04,7.8393141826e-04,5.8975214865e-04,3.3245664193e-04,9.3699384178e-06
3.8796860237e-09,1.3305464510e-06,3.0926606880e-06,2.6576781064e-06,2.2022539028e-06,1.8241030389e-06,1.5122624926e-06,1.2548598295e-06,1.0421842063e-06,8.6632845397e-07,7.2083422365e-07,6.0040947788e-07,5.0070529620e-07,4.1813923381e-07,3.4975471421e-07,2.9310836559e-07,2.4617895633e-07,2.0729330801e-07,1.7506566007e-07,1.4834779638e-07,1.2618792541e-07,1.0779666613e-07,9.2519170218e-08,7.4553183798e-08,5.5725587546e-08,3.9104819879e-08,2.7707728636e-08,2.2265913332e-08,2.0673334448e-08,2.0419588514e-08,2.0399382657e-08,2.0398617871e-08,2.0398604669e-08,2.0398604572e-08,2.0398604572e-08,2.0398604572e-08,2.0398604572e-08,2.0398604572e-08,2.0398604572e-08,2.0398604572e-08,2.0398604572e-08,2.0398604572e-08,2.0398604572e-08,2.0398604572e-08,2.0398604572e-08,2.0398604572e-08,2.0398604572e-08,2.0398604572e-08,2.0398604572e-08,2.0398604572e-08,2.0398604572e-08,2.0398604572e-08,2.0398604572e-08,2.0398604572e-08,2.0398604572e-08,2.0398604572e-08,2.0398604572e-08,2.0398604572e-08,2.0398604572e-08,2.0398604572e-08,2.0398604572e-08,2.0398604572e-08,2.0398604572e-08,2.0398604572e-08,2.0398604572e-08,2.0398604572e-08,2.0398604572e-08,2.0398604572e-08,2.0398604572e-08,2.0398604572e-08,2.0398604572e-08,2.0398604750e-08,2.0398626710e-08,2.0399874949e-08,2.0432970674e-08,2.0849898281e-08,2.3474218544e-08,3.2463616664e-08,5.1326686987e-08,7.8873260430e-08,1.1010697617e-07,1.3993047447e-07,1.6530204391e-07,1.9585496358e-07,2.3268110832e-07,2.7709713344e-07,3.3069105691e-07,3.9537924322e-07,4.7347513515e-07,5.6777258168e-07,6.8164698567e-07,8.1917856257e-07,9.8530326340e-07,1.1859987080e-06,1.4285150745e-06,1.7216639048e-06,2.0761824114e-06,2.5051953788e-06,3.0248000182e-06,3.6546492585e-06,4.4118193292e-06,5.0799925492e-06,8.9411168821e-08,3.4357035918e-04,3.9950596249e-04,3.8306114325e-04,3.5706047410e-04,3.3408882472e-04,3.1541672924e-04,3.0047993074e-04,2.8858618268e-04,2.7914331955e-04,2.7166711479e-04,2.6576469037e-04,2.6111824498e-04,2.5747135861e-04,2.5461767082e-04,2.5239155246e-04,2.5066043535e-04,2.4931851724e-04,2.4828160644e-04,2.4748290934e-04,2.4686959658e-04,2.4640000180e-04,2.4599440551e-04,2.4566189738e-04,2.4540575577e-04,2.4522259136e-04,2.4510277837e-04,2.4503233830e-04,2.4499588414e-04,2.4497967146e-04,2.4497363826e-04,2.4497181191e-04,2.4497137448e-04,2.4497129367e-04,2.4497128239e-04,2.4497128123e-04,2.4497128114e-04,2.4497128113e-04,2.4497128113e-04,2.4497128113e-04,2.4497128113e-04,2.4497128113e-04,2.4497128113e-04,2.4497128113e-04,2.4497128113e-04,2.4497128113e-04,2.4497128113e-04,2.4497128113e-04,2.4497128113e-04,2.4497128113e-04,2.4497128113e-04,2.4497128113e-04,2.4497128113e-04,2.4497128113e-04,2.4497128113e-04,2.4497128113e-04,2.4497128113e-04,2.4497128113e-04,2.4497128113e-04,2.4497128113e-04,2.4497128113e-04,2.4497128113e-04,2.4497128113e-04,2.4497128113e-04,2.4497128113e-04,2.4497128113e-04,2.4497128113e-04,2.4497128113e-04,2.4497128113e-04,2.4497128113e-04,2.4497128113e-04,2.4497128113e-04,2.4497128113e-04,2.4497128113e-04,2.4497128113e-04,2.4497128113e-04,2.4497128113e-04,2.4497128113e-04,2.4497128113e-04,2.4497128113e-04,2.4497128113e-04,2.4497128113e-04,2.4497128113e-04,2.4497128113e-04,2.4497128113e-04,2.4497128113e-04,2.4497128113e-04,2.4497128113e-04,2.4497128113e-04,2.4497128113e-04,2.4497128113e-04,2.4497128113e-04,2.4497128113e-04,2.4497128113e-04,2.4497128113e-04,2.4497128113e-04,2.4497128113e-04,2.4497128113e-04,2.4497128113e-04,2.4497128113e-04,2.4497128113e-04,2.4497128113e-04,2.4497128113e-04,2.4497128113e-04,2.4497128113e-04,2.4497128113e-04,2.4497128113e-04,2.4497128113e-04,2.4497128113e-04,2.4497128113e-04,2.4497128113e-04,2.4497128113e-04,2.4497128113e-04,2.4497128113e-04,2.4497128113e-04,2.4497128113e-04,2.4497128113e-04,2.4497128113e-04,2.4497128113e-04,2.4497128113e-04,2.4497128113e-04,2.4497128113e-04,2.4497128113e-04,2.4497128113e-04,2.4497128113e-04,2.4497128113e-04,2.4497128113e-04,2.4497128113e-04,2.4497128113e-04,2.4497128113e-04,2.4497128113e-04,2.4497128113e-04,2.4497128113e-04,2.4497128113e-04,2.4497128113e-04,2.4497128113e-04,2.4497128113e-04,2.4497128113e-04,2.4497128113e-04,2.4497128113e-04,2.4497128113e-04,2.4497128113e-04,2.4497128113e-04,2.4497128113e-04,2.4497128113e-04,2.4497128113e-04,2.4497128113e-04,2.4497128113e-04,2.4497128113e-04,2.4497128113e-04,2.4497128113e-04,2.4497128113e-04,2.4497128113e-04,2.4497128113e-04,2.4497128113e-04,2.4497128113e-04,2.4497128113e-04,2.4497128113e-04,2.4497128113e-04,2.4497128115e-04,2.4497128183e-04,2.4497130668e-04,2.4497195150e-04,2.4498387039e-04,2.4514116998e-04,2.4663097592e-04,2.5685241445e-04,3.0841991839e-04,5.0388774979e-04,1.0764068857e-03,2.4156414760e-03,5.0071522156e-03,9.3001542350e-03,1.5579869265e-02,2.3908515575e-02,3.4142128845e-02,4.5990653594e-02,5.9085399323e-02,7.3033681223e-02,8.7455782420e-02,1.0200712561e-01,1.1639019256e-01,1.3272408325e-01,1.5130893438e-01,1.7250403679e-01,1.9674198196e-01,2.2454568505e-01,2.5654920827e-01,2.9352316765e-01,3.3640566875e-01,3.8633991673e-01,4.4471989670e-01,5.1324582925e-01,5.9399139802e-01,6.8948400319e-01,8.0278744984e-01,9.3746919896e-01,1.0965417951e+00,1.2747471652e+00,1.4176546133e+00,1.2660308082e+00,8.9908871832e-02,3.1215947241e+00,5.2074823823e+00,6.5190537233e+00,7.2165639010e+00,7.4438970012e+00,7.3262730879e+00,6.9693214008e+00,6.4592877591e+00,5.8641433798e+00,5.2353555445e+00,4.6100794632e+00,4.0135441772e+00,3.4614355922e+00,2.9621230625e+00,2.5186254841e+00,2.1302612944e+00,1.7939683011e+00,1.5053105130e+00,1.2592092377e+00,1.0504456720e+00,8.7398529792e-01,6.5779998588e-01,4.2407537577e-01,2.1585094545e-01,7.7336521559e-02,1.7123153311e-02,2.4297605260e-03,6.6228283172e-04,5.6587428103e-04,5.6359296333e-04,5.6357004142e-04,5.6356994463e-04,5.6356994446e-04,5.6356994446e-04,5.6356994446e-04,5.6356994446e-04,5.6356994446e-04,5.6356994446e-04,5.6356994446e-04,5.6356994446e-04,5.6356994446e-04,5.6356994446e-04,5.6356994446e-04,5.6356994446e-04,5.6356994446e-04,5.6356994446e-04,5.6356994446e-04,5.6356994446e-04,5.6356994446e-04,5.6356994446e-04,5.6356994446e-04,5.6356994446e-04,5.6356994446e-04,5.6356994446e-04,5.6356994446e-04,5.6356994446e-04,5.6356994446e-04,5.6356994446e-04,5.6356994446e-04,5.6356994446e-04,5.6356994446e-04,5.6356994446e-04,5.6356994446e-04,5.6356994446e-04,5.6356994446e-04,5.6356994446e-04,5.6356994446e-04,5.6356994446e-04,5.6356994446e-04,5.6356994447e-04,5.6356994681e-04,5.6357017895e-04,5.6357996484e-04,5.6375808263e-04,5.6522240285e-04,5.7114547538e-04,5.8460182098e-04,6.0461122336e-04,6.2684524806e-04,6.4720920403e-04,6.6368282564e-04,6.8300310914e-04,7.0552579714e-04,7.3156724341e-04,7.6135168764e-04,7.9493688031e-04,8.3211460604e-04,8.7228490454e-04,9.1430656151e-04,9.5633203039e-04,9.9564216894e-04,1.0285043473e-03,1.0500852334e-03,1.0544548995e-03,1.0347193887e-03,9.8331215021e-04,8.9245919845e-04,7.5480829365e-04,5.6418092634e-04,3.1637171151e-04,9.8893347769e-06
4.3313229447e-09,1.4180750700e-06,3.2600961812e-06,2.8142444186e-06,2.3323416347e-06,1.9314554652e-06,1.6009402328e-06,1.3282095640e-06,1.1029317044e-06,9.1669379925e-07,7.6262879281e-07,6.3511518310e-07,5.2953831926e-07,4.4210078255e-07,3.6967129810e-07,3.0966380027e-07,2.5993994020e-07,2.1873000916e-07,1.8456842235e-07,1.5624078457e-07,1.3274033606e-07,1.1323197485e-07,9.7022789256e-08,7.7955530875e-08,5.7965056128e-08,4.0306220056e-08,2.8185850067e-08,2.2391056519e-08,2.0692290003e-08,2.0421083251e-08,2.0399439954e-08,2.0398618873e-08,2.0398604669e-08,2.0398604572e-08,2.0398604572e-08,2.0398604572e-08,2.0398604572e-08,2.0398604572e-08,2.0398604572e-08,2.0398604572e-08,2.0398604572e-08,2.0398604572e-08,2.0398604572e-08,2.0398604572e-08,2.0398604572e-08,2.0398604572e-08,2.0398604572e-08,2.0398604572e-08,2.0398604572e-08,2.0398604572e-08,2.0398604572e-08,2.0398604572e-08,2.0398604572e-08,2.0398604572e-08,2.0398604572e-08,2.0398604572e-08,2.0398604572e-08,2.0398604572e-08,2.0398604572e-08,2.0398604572e-08,2.0398604572e-08,2.0398604572e-08,2.0398604572e-08,2.0398604572e-08,2.0398604572e-08,2.0398604572e-08,2.0398604572e-08,2.0398604572e-08,2.0398604572e-08,2.0398604572e-08,2.0398604572e-08,2.0398604798e-08,2.0398629560e-08,2.0400037912e-08,2.0437312072e-08,2.0906068812e-08,2.3851982118e-08,3.3929525238e-08,5.5054163827e-08,8.5880670004e-08,1.2081564392e-07,1.5416188859e-07,1.8252384229e-07,2.1667175306e-07,2.5782363726e-07,3.0744802736e-07,3.6731589778e-07,4.3956417662e-07,5.2677245719e-07,6.3205610339e-07,7.5917947674e-07,9.1269421321e-07,1.0981089502e-06,1.3220988650e-06,1.5927662253e-06,1.9199662553e-06,2.3157173411e-06,2.7947189562e-06,3.3750018338e-06,4.0785063461e-06,4.9225057908e-06,5.6387119002e-06,1.0256426884e-07,3.7136510852e-04,4.3798217982e-04,4.2114882216e-04,3.9138235656e-04,3.6438740048e-04,3.4217412592e-04,3.2424459893e-04,3.0984507786e-04,2.9831133913e-04,2.8909492585e-04,2.8174783498e-04,2.7590525075e-04,2.7127073737e-04,2.6760393182e-04,2.6471036450e-04,2.6243305425e-04,2.6064557955e-04,2.5924637550e-04,2.5815404828e-04,2.5730353272e-04,2.5664293442e-04,2.5606303174e-04,2.5557825999e-04,2.5519593378e-04,2.5491464958e-04,2.5472421385e-04,2.5460750113e-04,2.5454400117e-04,2.5451402238e-04,2.5450205375e-04,2.5449812392e-04,2.5449709229e-04,2.5449688145e-04,2.5449684868e-04,2.5449684488e-04,2.5449684455e-04,2.5449684453e-04,2.5449684453e-04,2.5449684453e-04,2.5449684453e-04,2.5449684453e-04,2.5449684453e-04,2.5449684453e-04,2.5449684453e-04,2.5449684453e-04,2.5449684453e-04,2.5449684453e-04,2.5449684453e-04,2.5449684453e-04,2.5449684453e-04,2.5449684453e-04,2.5449684453e-04,2.5449684453e-04,2.5449684453e-04,2.5449684453e-04,2.5449684453e-04,2.5449684453e-04,2.5449684453e-04,2.5449684453e-04,2.5449684453e-04,2.5449684453e-04,2.5449684453e-04,2.5449684453e-04,2.5449684453e-04,2.5449684453e-04,2.5449684453e-04,2.5449684453e-04,2.5449684453e-04,2.5449684453e-04,2.5449684453e-04,2.5449684453e-04,2.5449684453e-04,2.5449684453e-04,2.5449684453e-04,2.5449684453e-04,2.5449684453e-04,2.5449684453e-04,2.5449684453e-04,2.5449684453e-04,2.5449684453e-04,2.5449684453e-04,2.5449684453e-04,2.5449684453e-04,2.5449684453e-04,2.5449684453e-04,2.5449684453e-04,2.5449684453e-04,2.5449684453e-04,2.5449684453e-04,2.5449684453e-04,2.5449684453e-04,2.5449684453e-04,2.5449684453e-04,2.5449684453e-04,2.5449684453e-04,2.5449684453e-04,2.5449684453e-04,2.5449684453e-04,2.5449684453e-04,2.5449684453e-04,2.5449684453e-04,2.5449684453e-04,2.5449684453e-04,2.5449684453e-04,2.5449684453e-04,2.5449684453e-04,2.5449684453e-04,2.5449684453e-04,2.5449684453e-04,2.5449684453e-04,2.5449684453e-04,2.5449684453e-04,2.5449684453e-04,2.5449684453e-04,2.5449684453e-04,2.5449684453e-04,2.5449684453e-04,2.5449684453e-04,2.5449684453e-04,2.5449684453e-04,2.5449684453e-04,2.5449684453e-04,2.5449684453e-04,2.5449684453e-04,2.5449684453e-04,2.5449684453e-04,2.5449684453e-04,2.5449684453e-04,2.5449684453e-04,2.5449684453e-04,2.5449684453e-04,2.5449684453e-04,2.5449684453e-04,2.5449684453e-04,2.5449684453e-04,2.5449684453e-04,2.5449684453e-04,2.5449684453e-04,2.5449684453e-04,2.5449684453e-04,2.5449684453e-04,2.5449684453e-04,2.5449684453e-04,2.5449684453e-04,2.5449684453e-04,2.5449684453e-04,2.5449684453e-04,2.5449684453e-04,2.5449684453e-04,2.5449684453e-04,2.5449684453e-04,2.5449684453e-04,2.5449684453e-04,2.5449684453e-04,2.5449684453e-04,2.5449684453e-04,2.5449684453e-04,2.5449684453e-04,2.5449684461e-04,2.5449684818e-04,2.5449696193e-04,2.5449954207e-04,2.5454122228e-04,2.5502222857e-04,2.5901360923e-04,2.8309934217e-04,3.9065587799e-04,7.5481673083e-04,1.7185969457e-03,3.7826787521e-03,7.4896541146e-03,1.3263938883e-02,2.1301017160e-02,3.1549275787e-02,4.3762517879e-02,5.7577011545e-02,7.2579491400e-02,8.8354227504e-02,1.0451119040e-01,1.2070157379e-01,1.3662588540e-01,1.5464180905e-01,1.7507774017e-01,1.9832815030e-01,2.2486902306e-01,2.5527629902e-01,2.9024830519e-01,3.3063298349e-01,3.7746090480e-01,4.3198527050e-01,4.9573037133e-01,5.7055029520e-01,6.5869987149e-01,7.6291798618e-01,8.8650276469e-01,1.0331943931e+00,1.2056080545e+00,1.3953123627e+00,1.5359189181e+00,1.3440572851e+00,9.2859977433e-02,3.1451323182e+00,5.2796295168e+00,6.6558350394e+00,7.4238800895e+00,7.7194107267e+00,7.6614742893e+00,7.3516256519e+00,6.8740089487e+00,6.2962007204e+00,5.6706168430e+00,5.0362957839e+00,4.4208833789e+00,3.8426642925e+00,3.3125131881e+00,2.8356718377e+00,2.4132929759e+00,2.0437236978e+00,1.7235276783e+00,1.4482648980e+00,1.2130597127e+00,1.0129950452e+00,7.6614819455e-01,4.9696634189e-01,2.5489315978e-01,9.2226978132e-02,2.0626579995e-02,2.8680801194e-03,6.8834291965e-04,5.6656731180e-04,5.6360453712e-04,5.6357380109e-04,5.6357366648e-04,5.6357366624e-04,5.6357366624e-04,5.6357366624e-04,5.6357366624e-04,5.6357366624e-04,5.6357366624e-04,5.6357366624e-04,5.6357366624e-04,5.6357366624e-04,5.6357366624e-04,5.6357366624e-04,5.6357366624e-04,5.6357366624e-04,5.6357366624e-04,5.6357366624e-04,5.6357366624e-04,5.6357366624e-04,5.6357366624e-04,5.6357366624e-04,5.6357366624e-04,5.6357366624e-04,5.6357366624e-04,5.6357366624e-04,5.6357366624e-04,5.6357366624e-04,5.6357366624e-04,5.6357366624e-04,5.6357366624e-04,5.6357366624e-04,5.6357366624e-04,5.6357366624e-04,5.6357366624e-04,5.6357366624e-04,5.6357366624e-04,5.6357366624e-04,5.6357366624e-04,5.6357366624e-04,5.6357366624e-04,5.6357366938e-04,5.6357396643e-04,5.6358606634e-04,5.6379990274e-04,5.6551531107e-04,5.7232024493e-04,5.8754979937e-04,6.0990759414e-04,6.3443139570e-04,6.5661098908e-04,6.7436179711e-04,6.9497814444e-04,7.1873657373e-04,7.4583954530e-04,7.7635744173e-04,8.1015239992e-04,8.4678313657e-04,8.8539259041e-04,9.2458389851e-04,9.6229497792e-04,9.9568736765e-04,1.0210702594e-03,1.0338846227e-03,1.0287735593e-03,9.9976203252e-04,9.4056068385e-04,8.4499411715e-04,7.0753449598e-04,5.2389851094e-04,2.9164324306e-04,1.0678352214e-05
4.6612348567e-09,1.4765293627e-06,3.3672135814e-06,2.9163811330e-06,2.4173547514e-06,2.0015823736e-06,1.6588387735e-06,1.3760806656e-06,1.1425678436e-06,9.4955346217e-07,7.8990001654e-07,6.5776793848e-07,5.4836693413e-07,4.5775787659e-07,3.8269473950e-07,3.2049808095e-07,2.6895317719e-07,2.2622754912e-07,1.9080380932e-07,1.6142467016e-07,1.3704776774e-07,1.1680838199e-07,9.9988941840e-08,8.0199493880e-08,5.9445081131e-08,4.1102541335e-08,2.8504056054e-08,2.2474783666e-08,2.0705050814e-08,2.0422096188e-08,2.0399478980e-08,2.0398619578e-08,2.0398604669e-08,2.0398604572e-08,2.0398604572e-08,2.0398604572e-08,2.0398604572e-08,2.0398604572e-08,2.0398604572e-08,2.0398604572e-08,2.0398604572e-08,2.0398604572e-08,2.0398604572e-08,2.0398604572e-08,2.0398604572e-08,2.0398604572e-08,2.0398604572e-08,2.0398604572e-08,2.0398604572e-08,2.0398604572e-08,2.0398604572e-08,2.0398604572e-08,2.0398604572e-08,2.0398604572e-08,2.0398604572e-08,2.0398604572e-08,2.0398604572e-08,2.0398604572e-08,2.0398604572e-08,2.0398604572e-08,2.0398604572e-08,2.0398604572e-08,2.0398604572e-08,2.0398604572e-08,2.0398604572e-08,2.0398604572e-08,2.0398604572e-08,2.0398604572e-08,2.0398604572e-08,2.0398604572e-08,2.0398604572e-08,2.0398604830e-08,2.0398631707e-08,2.0400158696e-08,2.0440521887e-08,2.0947497583e-08,2.4129991736e-08,3.5006393770e-08,5.7788694021e-08,9.1016499531e-08,1.2865905388e-07,1.6458089019e-07,1.9512841574e-07,2.3190304763e-07,2.7621470307e-07,3.2964255590e-07,3.9409086054e-07,4.7185725423e-07,5.6571532366e-07,6.7901492171e-07,8.1580432009e-07,9.8097961371e-07,1.1804683627e-06,1.4214565732e-06,1.7126710540e-06,2.0647323715e-06,2.4905983845e-06,3.0061226261e-06,3.6307508817e-06,4.3880779365e-06,5.2951770342e-06,6.0429245753e-06,1.1248616454e-07,3.9074105648e-04,4.6534910904e-04,4.4854805307e-04,4.1613296573e-04,3.8617848271e-04,3.6132154685e-04,3.4114309842e-04,3.2485182833e-04,3.1173241168e-04,3.0118986595e-04,2.9273608768e-04,2.8597200562e-04,2.8057198366e-04,2.7627080017e-04,2.7285285239e-04,2.7014322026e-04,2.6800028087e-04,2.6630961157e-04,2.6497896525e-04,2.6393413520e-04,2.6311554227e-04,2.6238984240e-04,2.6177596863e-04,2.6128485672e-04,2.6091723456e-04,2.6066307329e-04,2.6050329592e-04,2.6041365422e-04,2.6036974395e-04,2.6035142926e-04,2.6034510094e-04,2.6034334013e-04,2.6034295622e-04,2.6034289221e-04,2.6034288421e-04,2.6034288347e-04,2.6034288342e-04,2.6034288342e-04,2.6034288342e-04,2.6034288342e-04,2.6034288342e-04,2.6034288342e-04,2.6034288342e-04,2.6034288342e-04,2.6034288342e-04,2.6034288342e-04,2.6034288342e-04,2.6034288342e-04,2.6034288342e-04,2.6034288342e-04,2.6034288342e-04,2.6034288342e-04,2.6034288342e-04,2.6034288342e-04,2.6034288342e-04,2.6034288342e-04,2.6034288342e-04,2.6034288342e-04,2.6034288342e-04,2.6034288342e-04,2.6034288342e-04,2.6034288342e-04,2.6034288342e-04,2.6034288342e-04,2.6034288342e-04,2.6034288342e-04,2.6034288342e-04,2.6034288342e-04,2.6034288342e-04,2.6034288342e-04,2.6034288342e-04,2.6034288342e-04,2.6034288342e-04,2.6034288342e-04,2.6034288342e-04,2.6034288342e-04,2.6034288342e-04,2.6034288342e-04,2.6034288342e-04,2.6034288342e-04,2.6034288342e-04,2.6034288342e-04,2.6034288342e-04,2.6034288342e-04,2.6034288342e-04,2.6034288342e-04,2.6034288342e-04,2.6034288342e-04,2.6034288342e-04,2.6034288342e-04,2.6034288342e-04,2.6034288342e-04,2.6034288342e-04,2.6034288342e-04,2.6034288342e-04,2.6034288342e-04,2.6034288342e-04,2.6034288342e-04,2.6034288342e-04,2.6034288342e-04,2.6034288342e-04,2.6034288342e-04,2.6034288342e-04,2.6034288342e-04,2.6034288342e-04,2.6034288342e-04,2.6034288342e-04,2.6034288342e-04,2.6034288342e-04,2.6034288342e-04,2.6034288342e-04,2.6034288342e-04,2.6034288342e-04,2.6034288342e-04,2.6034288342e-04,2.6034288342e-04,2.6034288342e-04,2.6034288342e-04,2.6034288342e-04,2.6034288342e-04,2.6034288342e-04,2.6034288342e-04,2.6034288342e-04,2.6034288342e-04,2.6034288342e-04,2.6034288342e-04,2.6034288342e-04,2.6034288342e-04,2.6034288342e-04,2.6034288342e-04,2.6034288342e-04,2.6034288342e-04,2.6034288342e-04,2.6034288342e-04,2.6034288342e-04,2.6034288342e-04,2.6034288342e-04,2.6034288342e-04,2.6034288342e-04,2.6034288342e-04,2.6034288342e-04,2.6034288342e-04,2.6034288342e-04,2.6034288342e-04,2.6034288342e-04,2.6034288342e-04,2.6034288342e-04,2.6034288342e-04,2.6034288342e-04,2.6034288342e-04,2.6034288342e-04,2.6034288342e-04,2.6034288342e-04,2.6034288342e-04,2.6034288342e-04,2.6034288342e-04,2.6034288342e-04,2.6034288342e-04,2.6034288367e-04,2.6034289404e-04,2.6034319614e-04,2.6034945976e-04,2.6044194558e-04,2.6141810618e-04,2.6883856940e-04,3.0998542172e-04,4.7964350310e-04,1.0135680172e-03,2.3377942275e-03,5.0196097820e-03,9.6157761502e-03,1.6506658515e-02,2.5809575109e-02,3.7392347377e-02,5.0946551616e-02,6.6070162987e-02,8.2331224535e-02,9.9307349747e-02,1.1660731552e-01,1.3388247257e-01,1.5083299206e-01,1.6997666006e-01,1.9166360378e-01,2.1631500210e-01,2.4443939622e-01,2.7665210427e-01,3.1369875457e-01,3.5648377648e-01,4.0610486932e-01,4.6389469485e-01,5.3147131963e-01,6.1079925675e-01,7.0426302122e-01,8.1475203388e-01,9.4572636049e-01,1.1010187425e+00,1.2828330144e+00,1.4801334440e+00,1.6177457899e+00,1.3966172099e+00,9.5016426491e-02,3.1569222592e+00,5.3204314674e+00,6.7372499188e+00,7.5509717183e+00,7.8918678699e+00,7.8748593347e+00,7.5986411314e+00,7.1457022764e+00,6.5830322253e+00,5.9633336126e+00,5.3265789427e+00,4.7017633954e+00,4.1087226916e+00,3.5599062712e+00,3.0620213027e+00,2.6174900727e+00,2.2256893572e+00,1.8839630835e+00,1.5884173912e+00,1.3345195078e+00,1.1175302255e+00,8.4834497654e-01,5.5282216068e-01,2.8509984220e-01,1.0384877175e-01,2.3386238876e-02,3.2168822962e-03,7.0930719886e-04,5.6712943325e-04,5.6361193401e-04,5.6357474927e-04,5.6357458293e-04,5.6357458262e-04,5.6357458262e-04,5.6357458262e-04,5.6357458262e-04,5.6357458262e-04,5.6357458262e-04,5.6357458262e-04,5.6357458262e-04,5.6357458262e-04,5.6357458262e-04,5.6357458262e-04,5.6357458262e-04,5.6357458262e-04,5.6357458262e-04,5.6357458262e-04,5.6357458262e-04,5.6357458262e-04,5.6357458262e-04,5.6357458262e-04,5.6357458262e-04,5.6357458262e-04,5.6357458262e-04,5.6357458262e-04,5.6357458262e-04,5.6357458262e-04,5.6357458262e-04,5.6357458262e-04,5.6357458262e-04,5.6357458262e-04,5.6357458262e-04,5.6357458262e-04,5.6357458262e-04,5.6357458262e-04,5.6357458262e-04,5.6357458262e-04,5.6357458262e-04,5.6357458262e-04,5.6357458262e-04,5.6357458637e-04,5.6357493365e-04,5.6358879695e-04,5.6382951992e-04,5.6573175190e-04,5.7318476456e-04,5.8969540075e-04,6.1369856499e-04,6.3975077495e-04,6.6307319719e-04,6.8158043180e-04,7.0291236082e-04,7.2727862917e-04,7.5479242339e-04,7.8541133057e-04,8.1886308102e-04,8.5455682453e-04,8.9148326995e-04,9.2811036094e-04,9.6228513846e-04,9.9115654053e-04,1.0111374487e-03,1.0179262768e-03,1.0066077934e-03,9.7184860995e-04,9.0819425439e-04,8.1046195058e-04,6.7420701311e-04,4.9622302432e-04,2.7501942786e-04,1.1208041409e-05
5.2037757273e-09,1.5637570071e-06,3.5189419063e-06,3.0645666498e-06,2.5409998458e-06,2.1035332629e-06,1.7429611877e-06,1.4455978635e-06,1.2001055963e-06,9.9724652623e-07,8.2948455493e-07,6.9065840643e-07,5.7571885235e-07,4.8051834258e-07,4.0164266571e-07,3.3627608823e-07,2.8209287527e-07,2.3716965120e-07,1.9991423543e-07,1.6900753999e-07,1.4335596283e-07,1.2205218734e-07,1.0434316514e-07,8.3499378000e-08,6.1627169758e-08,4.2280953159e-08,2.8977346904e-08,2.2600132493e-08,2.0724300294e-08,2.0423636364e-08,2.0399538853e-08,2.0398620642e-08,2.0398604699e-08,2.0398604572e-08,2.0398604572e-08,2.0398604572e-08,2.0398604572e-08,2.0398604572e-08,2.0398604572e-08,2.0398604572e-08,2.0398604572e-08,2.0398604572e-08,2.0398604572e-08,2.0398604572e-08,2.0398604572e-08,2.0398604572e-08,2.0398604572e-08,2.0398604572e-08,2.0398604572e-08,2.0398604572e-08,2.0398604572e-08,2.0398604572e-08,2.0398604572e-08,2.0398604572e-08,2.0398604572e-08,2.0398604572e-08,2.0398604572e-08,2.0398604572e-08,2.0398604572e-08,2.0398604572e-08,2.0398604572e-08,2.0398604572e-08,2.0398604572e-08,2.0398604572e-08,2.0398604572e-08,2.0398604572e-08,2.0398604572e-08,2.0398604572e-08,2.0398604572e-08,2.0398604572e-08,2.0398604572e-08,2.0398604849e-08,2.0398635282e-08,2.0400360697e-08,2.0445873368e-08,2.1016376320e-08,2.4591043935e-08,3.6788581619e-08,6.2307225377e-08,9.9493606818e-08,1.4159550931e-07,1.8175666024e-07,2.1590005052e-07,2.5699498896e-07,3.0650206776e-07,3.6618185840e-07,4.3815716520e-07,5.2498922862e-07,6.2977001475e-07,7.5623450490e-07,9.0889773551e-07,1.0932227367e-06,1.3158273534e-06,1.5847401575e-06,1.9097188053e-06,2.3026474538e-06,2.7780347011e-06,3.3536377018e-06,4.0512325625e-06,4.8970973838e-06,5.9073054244e-06,6.7006107574e-06,1.2935157832e-07,4.2108423715e-04,5.0907938064e-04,4.9288664751e-04,4.5634065492e-04,4.2152014006e-04,3.9224123844e-04,3.6827429201e-04,3.4878214063e-04,3.3296890778e-04,3.2016391273e-04,3.0981340121e-04,3.0146212427e-04,2.9473650132e-04,2.8933043883e-04,2.8499352710e-04,2.8152123805e-04,2.7874679479e-04,2.7653443500e-04,2.7477383581e-04,2.7337550455e-04,2.7226695343e-04,2.7127096846e-04,2.7041478276e-04,2.6971635929e-04,2.6918107960e-04,2.6880025244e-04,2.6855236493e-04,2.6840728801e-04,2.6833250496e-04,2.6829935329e-04,2.6828704677e-04,2.6828332776e-04,2.6828243807e-04,2.6828227387e-04,2.6828225099e-04,2.6828224863e-04,2.6828224845e-04,2.6828224844e-04,2.6828224844e-04,2.6828224844e-04,2.6828224844e-04,2.6828224844e-04,2.6828224844e-04,2.6828224844e-04,2.6828224844e-04,2.6828224844e-04,2.6828224844e-04,2.6828224844e-04,2.6828224844e-04,2.6828224844e-04,2.6828224844e-04,2.6828224844e-04,2.6828224844e-04,2.6828224844e-04,2.6828224844e-04,2.6828224844e-04,2.6828224844e-04,2.6828224844e-04,2.6828224844e-04,2.6828224844e-04,2.6828224844e-04,2.6828224844e-04,2.6828224844e-04,2.6828224844e-04,2.6828224844e-04,2.6828224844e-04,2.6828224844e-04,2.6828224844e-04,2.6828224844e-04,2.6828224844e-04,2.6828224844e-04,2.6828224844e-04,2.6828224844e-04,2.6828224844e-04,2.6828224844e-04,2.6828224844e-04,2.6828224844e-04,2.6828224844e-04,2.6828224844e-04,2.6828224844e-04,2.6828224844e-04,2.6828224844e-04,2.6828224844e-04,2.6828224844e-04,2.6828224844e-04,2.6828224844e-04,2.6828224844e-04,2.6828224844e-04,2.6828224844e-04,2.6828224844e-04,2.6828224844e-04,2.6828224844e-04,2.6828224844e-04,2.6828224844e-04,2.6828224844e-04,2.6828224844e-04,2.6828224844e-04,2.6828224844e-04,2.6828224844e-04,2.6828224844e-04,2.6828224844e-04,2.6828224844e-04,2.6828224844e-04,2.6828224844e-04,2.6828224844e-04,2.6828224844e-04,2.6828224844e-04,2.6828224844e-04,2.6828224844e-04,2.6828224844e-04,2.6828224844e-04,2.6828224844e-04,2.6828224844e-04,2.6828224844e-04,2.6828224844e-04,2.6828224844e-04,2.6828224844e-04,2.6828224844e-04,2.6828224844e-04,2.6828224844e-04,2.6828224844e-04,2.6828224844e-04,2.6828224844e-04,2.6828224844e-04,2.6828224844e-04,2.6828224844e-04,2.6828224844e-04,2.6828224844e-04,2.6828224844e-04,2.6828224844e-04,2.6828224844e-04,2.6828224844e-04,2.6828224844e-04,2.6828224844e-04,2.6828224844e-04,2.6828224844e-04,2.6828224844e-04,2.6828224844e-04,2.6828224844e-04,2.6828224844e-04,2.6828224844e-04,2.6828224844e-04,2.6828224844e-04,2.6828224844e-04,2.6828224844e-04,2.6828224844e-04,2.6828224844e-04,2.6828224844e-04,2.6828224844e-04,2.6828224844e-04,2.6828224844e-04,2.6828224844e-04,2.6828224844e-04,2.6828224844e-04,2.6828224844e-04,2.6828224844e-04,2.6828224844e-04,2.6828224847e-04,2.6828224982e-04,2.6828229835e-04,2.6828353496e-04,2.6830593716e-04,2.6859499128e-04,2.7126450462e-04,2.8907493198e-04,3.7622192326e-04,6.9588783062e-04,1.6006102190e-03,3.6447240253e-03,7.4683626366e-03,1.3604041314e-02,2.2326639449e-02,3.3618645715e-02,4.7231402965e-02,6.2780466358e-02,7.9826921642e-02,9.7928317071e-02,1.1666437720e-01,1.3564879403e-01,1.5453565082e-01,1.7302431607e-01,1.9387370505e-01,2.1747101626e-01,2.4428246119e-01,2.7487091994e-01,3.0991685803e-01,3.5024358291e-01,3.9684772366e-01,4.5093601244e-01,5.1396968856e-01,5.8771814468e-01,6.7432373723e-01,7.7637936798e-01,8.9701434807e-01,1.0399355576e+00,1.2090581029e+00,1.4056814618e+00,1.6140306810e+00,1.7446213063e+00,1.4759652095e+00,9.8557463686e-02,3.1685204967e+00,5.3701798582e+00,6.8438614654e+00,7.7236502276e+00,8.1319374757e+00,8.1774767539e+00,7.9545211718e+00,7.5427697551e+00,7.0079130819e+00,6.4026128713e+00,5.7677786529e+00,5.1340237266e+00,4.5231981709e+00,3.9499122973e+00,3.4229810738e+00,2.9467384130e+00,2.5221886618e+00,2.1479797234e+00,1.8211967693e+00,1.5379866974e+00,1.2940326217e+00,9.8860337835e-01,6.4934542478e-01,3.3795945219e-01,1.2441194934e-01,2.8322213783e-02,3.8480313674e-03,7.4770394045e-04,5.6817078198e-04,5.6362461172e-04,5.6357530796e-04,5.6357508110e-04,5.6357508066e-04,5.6357508066e-04,5.6357508066e-04,5.6357508066e-04,5.6357508066e-04,5.6357508066e-04,5.6357508066e-04,5.6357508066e-04,5.6357508066e-04,5.6357508066e-04,5.6357508066e-04,5.6357508066e-04,5.6357508066e-04,5.6357508066e-04,5.6357508066e-04,5.6357508066e-04,5.6357508066e-04,5.6357508066e-04,5.6357508066e-04,5.6357508066e-04,5.6357508066e-04,5.6357508066e-04,5.6357508066e-04,5.6357508066e-04,5.6357508066e-04,5.6357508066e-04,5.6357508066e-04,5.6357508066e-04,5.6357508066e-04,5.6357508066e-04,5.6357508066e-04,5.6357508066e-04,5.6357508066e-04,5.6357508066e-04,5.6357508066e-04,5.6357508066e-04,5.6357508066e-04,5.6357508066e-04,5.6357508551e-04,5.6357552128e-04,5.6359245108e-04,5.6387934873e-04,5.6609824377e-04,5.7463285244e-04,5.9323055083e-04,6.1979716436e-04,6.4807314615e-04,6.7292364057e-04,6.9235021547e-04,7.1444809426e-04,7.3930952906e-04,7.6690082524e-04,7.9700525866e-04,8.2915599699e-04,8.6256135697e-04,8.9602709760e-04,9.2788303206e-04,9.5592395202e-04,9.7737720662e-04,9.8891073010e-04,9.8669522630e-04,9.6653190932e-04,9.2405231580e-04,8.5498899124e-04,7.5550577764e-04,6.2256483526e-04,4.5429592548e-04,2.5032374054e-04,1.2003246478e-05
5.8094209183e-09,1.6497150541e-06,3.6573482718e-06,3.2047371237e-06,2.6584435855e-06,2.2003213203e-06,1.8227542324e-06,1.5114854207e-06,1.2546065739e-06,1.0424073090e-06,8.6696648894e-07,7.2181142473e-07,6.0164222460e-07,5.0210998725e-07,4.1963866219e-07,3.5128204559e-07,2.9460875262e-07,2.4760938285e-07,2.0862132287e-07,1.7626750712e-07,1.4940639389e-07,1.2709087047e-07,1.0853475843e-07,8.6684660511e-08,6.3741854324e-08,4.3429440666e-08,2.9442191874e-08,2.2724452636e-08,2.0743606006e-08,2.0425199042e-08,2.0399600317e-08,2.0398621759e-08,2.0398604716e-08,2.0398604572e-08,2.0398604572e-08,2.0398604572e-08,2.0398604572e-08,2.0398604572e-08,2.0398604572e-08,2.0398604572e-08,2.0398604572e-08,2.0398604572e-08,2.0398604572e-08,2.0398604572e-08,2.0398604572e-08,2.0398604572e-08,2.0398604572e-08,2.0398604572e-08,2.0398604572e-08,2.0398604572e-08,2.0398604572e-08,2.0398604572e-08,2.0398604572e-08,2.0398604572e-08,2.0398604572e-08,2.0398604572e-08,2.0398604572e-08,2.0398604572e-08,2.0398604572e-08,2.0398604572e-08,2.0398604572e-08,2.0398604572e-08,2.0398604572e-08,2.0398604572e-08,2.0398604572e-08,2.0398604572e-08,2.0398604572e-08,2.0398604572e-08,2.0398604572e-08,2.0398604572e-08,2.0398604572e-08,2.0398604850e-08,2.0398639411e-08,2.0400591245e-08,2.0451958122e-08,2.1094399586e-08,2.5111536095e-08,3.8794891496e-08,6.7383242257e-08,1.0900236102e-07,1.5609145685e-07,2.0098971198e-07,2.3914897124e-07,2.8506680759e-07,3.4037134843e-07,4.0702489004e-07,4.8739335168e-07,5.8433138362e-07,7.0128563193e-07,8.4242060054e-07,1.0127725567e-06,1.2184384958e-06,1.4668091374e-06,1.7668573911e-06,2.1294969506e-06,2.5680291260e-06,3.0987009074e-06,3.7414014260e-06,4.5205107418e-06,5.4652360038e-06,6.5894907337e-06,7.4246928460e-06,1.4894525087e-07,4.5297274806e-04,5.5614313246e-04,5.4139327119e-04,5.0060791181e-04,4.6040794775e-04,4.2612317502e-04,3.9782711977e-04,3.7465870864e-04,3.5573854808e-04,3.4031289456e-04,3.2775514269e-04,3.1754754090e-04,3.0926310203e-04,3.0255014926e-04,2.9711939575e-04,2.9273318184e-04,2.8919651994e-04,2.8634965052e-04,2.8406185963e-04,2.8222634785e-04,2.8075595039e-04,2.7941914508e-04,2.7825348594e-04,2.7728608486e-04,2.7652898624e-04,2.7597645433e-04,2.7560546020e-04,2.7537996166e-04,2.7525825743e-04,2.7520123424e-04,2.7517862639e-04,2.7517124957e-04,2.7516932387e-04,2.7516893237e-04,2.7516887180e-04,2.7516886481e-04,2.7516886422e-04,2.7516886418e-04,2.7516886418e-04,2.7516886418e-04,2.7516886418e-04,2.7516886418e-04,2.7516886418e-04,2.7516886418e-04,2.7516886418e-04,2.7516886418e-04,2.7516886418e-04,2.7516886418e-04,2.7516886418e-04,2.7516886418e-04,2.7516886418e-04,2.7516886418e-04,2.7516886418e-04,2.7516886418e-04,2.7516886418e-04,2.7516886418e-04,2.7516886418e-04,2.7516886418e-04,2.7516886418e-04,2.7516886418e-04,2.7516886418e-04,2.7516886418e-04,2.7516886418e-04,2.7516886418e-04,2.7516886418e-04,2.7516886418e-04,2.7516886418e-04,2.7516886418e-04,2.7516886418e-04,2.7516886418e-04,2.7516886418e-04,2.7516886418e-04,2.7516886418e-04,2.7516886418e-04,2.7516886418e-04,2.7516886418e-04,2.7516886418e-04,2.7516886418e-04,2.7516886418e-04,2.7516886418e-04,2.7516886418e-04,2.7516886418e-04,2.7516886418e-04,2.7516886418e-04,2.7516886418e-04,2.7516886418e-04,2.7516886418e-04,2.7516886418e-04,2.7516886418e-04,2.7516886418e-04,2.7516886418e-04,2.7516886418e-04,2.7516886418e-04,2.7516886418e-04,2.7516886418e-04,2.7516886418e-04,2.7516886418e-04,2.7516886418e-04,2.7516886418e-04,2.7516886418e-04,2.7516886418e-04,2.7516886418e-04,2.7516886418e-04,2.7516886418e-04,2.7516886418e-04,2.7516886418e-04,2.7516886418e-04,2.7516886418e-04,2.7516886418e-04,2.7516886418e-04,2.7516886418e-04,2.7516886418e-04,2.7516886418e-04,2.7516886418e-04,2.7516886418e-04,2.7516886418e-04,2.7516886418e-04,2.7516886418e-04,2.7516886418e-04,2.7516886418e-04,2.7516886418e-04,2.7516886418e-04,2.7516886418e-04,2.7516886418e-04,2.7516886418e-04,2.7516886418e-04,2.7516886418e-04,2.7516886418e-04,2.7516886418e-04,2.7516886418e-04,2.7516886418e-04,2.7516886418e-04,2.7516886418e-04,2.7516886418e-04,2.7516886418e-04,2.7516886418e-04,2.7516886418e-04,2.7516886418e-04,2.7516886418e-04,2.7516886418e-04,2.7516886418e-04,2.7516886418e-04,2.7516886418e-04,2.7516886418e-04,2.7516886418e-04,2.7516886418e-04,2.7516886418e-04,2.7516886418e-04,2.7516886418e-04,2.7516886418e-04,2.7516886418e-04,2.7516886418e-04,2.7516886418e-04,2.7516886418e-04,2.7516886418e-04,2.7516886418e-04,2.7516886418e-04,2.7516886433e-04,2.7516887112e-04,2.7516908378e-04,2.7517381967e-04,2.7524876344e-04,2.7609386757e-04,2.8292760836e-04,3.2300222765e-04,4.9646253560e-04,1.0645490209e-03,2.5171160431e-03,5.5224360204e-03,1.0742851468e-02,1.8627482998e-02,2.9308153284e-02,4.2627081245e-02,5.8237864242e-02,7.5708668276e-02,9.4590900328e-02,1.1445177947e-01,1.3488515608e-01,1.5551479202e-01,1.7599785416e-01,1.9603039501e-01,2.1861381192e-01,2.4417779178e-01,2.7323956051e-01,3.0642293887e-01,3.4448083801e-01,3.8832234396e-01,4.3904532730e-01,4.9797572430e-01,5.6671489656e-01,6.4719678742e-01,7.4175681917e-01,8.5321338772e-01,9.8495148466e-01,1.1409202944e+00,1.3250125080e+00,1.5371839385e+00,1.7558184245e+00,1.8759520428e+00,1.5555411987e+00,1.0249460834e-01,3.1725541489e+00,5.4056083533e+00,6.9308963596e+00,7.8733226669e+00,8.3476204007e+00,8.4564375072e+00,8.2894661433e+00,7.9233260241e+00,7.4219863568e+00,6.8375664936e+00,6.2113928268e+00,5.5752138154e+00,4.9524918804e+00,4.3597043559e+00,3.8075982165e+00,3.3023559182e+00,2.8466423808e+00,2.4405153573e+00,2.0821924574e+00,1.7686773027e+00,1.4962559889e+00,1.1516309273e+00,7.6357580694e-01,4.0170393283e-01,1.4961990214e-01,3.4464360165e-02,4.6455303244e-03,7.9698871717e-04,5.6952818173e-04,5.6364087612e-04,5.6357551641e-04,5.6357520802e-04,5.6357520741e-04,5.6357520741e-04,5.6357520741e-04,5.6357520741e-04,5.6357520741e-04,5.6357520741e-04,5.6357520741e-04,5.6357520741e-04,5.6357520741e-04,5.6357520741e-04,5.6357520741e-04,5.6357520741e-04,5.6357520741e-04,5.6357520741e-04,5.6357520741e-04,5.6357520741e-04,5.6357520741e-04,5.6357520741e-04,5.6357520741e-04,5.6357520741e-04,5.6357520741e-04,5.6357520741e-04,5.6357520741e-04,5.6357520741e-04,5.6357520741e-04,5.6357520741e-04,5.6357520741e-04,5.6357520741e-04,5.6357520741e-04,5.6357520741e-04,5.6357520741e-04,5.6357520741e-04,5.6357520741e-04,5.6357520741e-04,5.6357520741e-04,5.6357520741e-04,5.6357520741e-04,5.6357520741e-04,5.6357521363e-04,5.6357575856e-04,5.6359641322e-04,5.6393849594e-04,5.6652902464e-04,5.7630354640e-04,5.9719901821e-04,6.2638273168e-04,6.5667959323e-04,6.8271280742e-04,7.0270537019e-04,7.2509826270e-04,7.4985386290e-04,7.7678716304e-04,8.0551489037e-04,8.3539971910e-04,8.6549281317e-04,8.9447979033e-04,9.2063691017e-04,9.4180583900e-04,9.5539629959e-04,9.5842595301e-04,9.4760557710e-04,9.1947469387e-04,8.7058817851e-04,7.9774813422e-04,6.9826792565e-04,5.7024751419e-04,4.1283217658e-04,2.2642155268e-04,1.2794000937e-05
6.4855102550e-09,1.7336302053e-06,3.7797049667e-06,3.3347433555e-06,2.7680370221e-06,2.2905978730e-06,1.8970999745e-06,1.5728123593e-06,1.3052927310e-06,1.0843839048e-06,9.0179895315e-07,7.5076840644e-07,6.2575319576e-07,5.2221248484e-07,4.3641645170e-07,3.6529556795e-07,3.0631922070e-07,2.5739777790e-07,2.1680336754e-07,1.8310552115e-07,1.5511873579e-07,1.3185951790e-07,1.1251145293e-07,8.9717638582e-08,6.5766115599e-08,4.4537084207e-08,2.9895050036e-08,2.2847096056e-08,2.0762920577e-08,2.0426784838e-08,2.0399663489e-08,2.0398622962e-08,2.0398604717e-08,2.0398604572e-08,2.0398604572e-08,2.0398604572e-08,2.0398604572e-08,2.0398604572e-08,2.0398604572e-08,2.0398604572e-08,2.0398604572e-08,2.0398604572e-08,2.0398604572e-08,2.0398604572e-08,2.0398604572e-08,2.0398604572e-08,2.0398604572e-08,2.0398604572e-08,2.0398604572e-08,2.0398604572e-08,2.0398604572e-08,2.0398604572e-08,2.0398604572e-08,2.0398604572e-08,2.0398604572e-08,2.0398604572e-08,2.0398604572e-08,2.0398604572e-08,2.0398604572e-08,2.0398604572e-08,2.0398604572e-08,2.0398604572e-08,2.0398604572e-08,2.0398604572e-08,2.0398604572e-08,2.0398604572e-08,2.0398604572e-08,2.0398604572e-08,2.0398604572e-08,2.0398604572e-08,2.0398604572e-08,2.0398604898e-08,2.0398644120e-08,2.0400855243e-08,2.0458894577e-08,2.1182961724e-08,2.5700022357e-08,4.1055932509e-08,7.3089697765e-08,1.1967350928e-07,1.7234011328e-07,2.2253104578e-07,2.6517434808e-07,3.1647483045e-07,3.7824684744e-07,4.5267699160e-07,5.4240166207e-07,6.5060221660e-07,7.8112065995e-07,9.3860088622e-07,1.1286617138e-06,1.3581096064e-06,1.6352011745e-06,1.9699681244e-06,2.3746207086e-06,2.8640493641e-06,3.4564492051e-06,4.1740961107e-06,5.0442772589e-06,6.0993691173e-06,7.3494964684e-06,8.2207685747e-06,1.7171926804e-07,4.8641641303e-04,6.0666015638e-04,5.9438455524e-04,5.4936970255e-04,5.0329225433e-04,4.6338189446e-04,4.3016754819e-04,4.0280088859e-04,3.8031948251e-04,3.6187919344e-04,3.4677269318e-04,3.3441269596e-04,3.2431272574e-04,3.1607028599e-04,3.0935270215e-04,3.0388529197e-04,2.9944149469e-04,2.9583464273e-04,2.9291110609e-04,2.9054458465e-04,2.8863132488e-04,2.8687371045e-04,2.8532178564e-04,2.8401412646e-04,2.8297169452e-04,2.8219362565e-04,2.8165663371e-04,2.8131907069e-04,2.8112924308e-04,2.8103575331e-04,2.8099640113e-04,2.8098262122e-04,2.8097871889e-04,2.8097784955e-04,2.8097770093e-04,2.8097768184e-04,2.8097768002e-04,2.8097767990e-04,2.8097767989e-04,2.8097767989e-04,2.8097767989e-04,2.8097767989e-04,2.8097767989e-04,2.8097767989e-04,2.8097767989e-04,2.8097767989e-04,2.8097767989e-04,2.8097767989e-04,2.8097767989e-04,2.8097767989e-04,2.8097767989e-04,2.8097767989e-04,2.8097767989e-04,2.8097767989e-04,2.8097767989e-04,2.8097767989e-04,2.8097767989e-04,2.8097767989e-04,2.8097767989e-04,2.8097767989e-04,2.8097767989e-04,2.8097767989e-04,2.8097767989e-04,2.8097767989e-04,2.8097767989e-04,2.8097767989e-04,2.8097767989e-04,2.8097767989e-04,2.8097767989e-04,2.8097767989e-04,2.8097767989e-04,2.8097767989e-04,2.8097767989e-04,2.8097767989e-04,2.8097767989e-04,2.8097767989e-04,2.8097767989e-04,2.8097767989e-04,2.8097767989e-04,2.8097767989e-04,2.8097767989e-04,2.8097767989e-04,2.8097767989e-04,2.8097767989e-04,2.8097767989e-04,2.8097767989e-04,2.8097767989e-04,2.8097767989e-04,2.8097767989e-04,2.8097767989e-04,2.8097767989e-04,2.8097767989e-04,2.8097767989e-04,2.8097767989e-04,2.8097767989e-04,2.8097767989e-04,2.8097767989e-04,2.8097767989e-04,2.8097767989e-04,2.8097767989e-04,2.8097767989e-04,2.8097767989e-04,2.8097767989e-04,2.8097767989e-04,2.8097767989e-04,2.8097767989e-04,2.8097767989e-04,2.8097767989e-04,2.8097767989e-04,2.8097767989e-04,2.8097767989e-04,2.8097767989e-04,2.8097767989e-04,2.8097767989e-04,2.8097767989e-04,2.8097767989e-04,2.8097767989e-04,2.8097767989e-04,2.8097767989e-04,2.8097767989e-04,2.8097767989e-04,2.8097767989e-04,2.8097767989e-04,2.8097767989e-04,2.8097767989e-04,2.8097767989e-04,2.8097767989e-04,2.8097767989e-04,2.8097767989e-04,2.8097767989e-04,2.8097767989e-04,2.8097767989e-04,2.8097767989e-04,2.8097767989e-04,2.8097767989e-04,2.8097767989e-04,2.8097767989e-04,2.8097767989e-04,2.8097767989e-04,2.8097767989e-04,2.8097767989e-04,2.8097767989e-04,2.8097767989e-04,2.8097767989e-04,2.8097767989e-04,2.8097767989e-04,2.8097767989e-04,2.8097767989e-04,2.8097767989e-04,2.8097767989e-04,2.8097767989e-04,2.8097767989e-04,2.8097767989e-04,2.8097767989e-04,2.8097767989e-04,2.8097767989e-04,2.8097767991e-04,2.8097768073e-04,2.8097771256e-04,2.8097858512e-04,2.8099555915e-04,2.8123016335e-04,2.8354284680e-04,2.9993221877e-04,3.8456455534e-04,7.0956944810e-04,1.6637432462e-03,3.8788003278e-03,8.0980496203e-03,1.4940926404e-02,2.4718899460e-02,3.7400997516e-02,5.2702718374e-02,7.0211418313e-02,8.9481773749e-02,1.1008252916e-01,1.3160772306e-01,1.5367346717e-01,1.7591509010e-01,1.9799019545e-01,2.1958674445e-01,2.4395118368e-01,2.7156107310e-01,3.0299058825e-01,3.3893105077e-01,3.8021510145e-01,4.2784574320e-01,4.8303125066e-01,5.4722717024e-01,6.2218691325e-01,7.1002275300e-01,8.1327906691e-01,9.3501709460e-01,1.0788904201e+00,1.2490699363e+00,1.4492662136e+00,1.6775341693e+00,1.9052332055e+00,2.0110579047e+00,1.6349025498e+00,1.0686103967e-01,3.1687572173e+00,5.4261205921e+00,6.9973451165e+00,7.9984538954e+00,8.5367397127e+00,8.7088353861e+00,8.5998114526e+00,8.2829973303e+00,7.8203024610e+00,7.2628771391e+00,6.6519971644e+00,6.0200859043e+00,5.3918066757e+00,4.7851717560e+00,4.2126247647e+00,3.6820623586e+00,3.1977699397e+00,2.7612545102e+00,2.3719656878e+00,2.0279028886e+00,1.7261143110e+00,1.3399635842e+00,8.9836406668e-01,4.7871528764e-01,1.8072255455e-01,4.2180681545e-02,5.6649510548e-03,8.6109011629e-04,5.7132401879e-04,5.6366261912e-04,5.6357565651e-04,5.6357523654e-04,5.6357523569e-04,5.6357523569e-04,5.6357523569e-04,5.6357523569e-04,5.6357523569e-04,5.6357523569e-04,5.6357523569e-04,5.6357523569e-04,5.6357523569e-04,5.6357523569e-04,5.6357523569e-04,5.6357523569e-04,5.6357523569e-04,5.6357523569e-04,5.6357523569e-04,5.6357523569e-04,5.6357523569e-04,5.6357523569e-04,5.6357523569e-04,5.6357523569e-04,5.6357523569e-04,5.6357523569e-04,5.6357523569e-04,5.6357523569e-04,5.6357523569e-04,5.6357523569e-04,5.6357523569e-04,5.6357523569e-04,5.6357523569e-04,5.6357523569e-04,5.6357523569e-04,5.6357523569e-04,5.6357523569e-04,5.6357523569e-04,5.6357523569e-04,5.6357523569e-04,5.6357523569e-04,5.6357523569e-04,5.6357524368e-04,5.6357592627e-04,5.6360120034e-04,5.6401045789e-04,5.6704354794e-04,5.7824920683e-04,6.0164690625e-04,6.3338636857e-04,6.6532986511e-04,6.9205094930e-04,7.1215166173e-04,7.3426741369e-04,7.5822963981e-04,7.8371148452e-04,8.1018623334e-04,8.3688520538e-04,8.6275856508e-04,8.8644374108e-04,9.0624709334e-04,9.2014508560e-04,9.2581124423e-04,9.2067440387e-04,9.0201199593e-04,8.6707928437e-04,8.1327161915e-04,7.3831211062e-04,6.4045211313e-04,5.1866707196e-04,3.7282641586e-04,2.0381395168e-04,1.3575360663e-05
7.5108393613e-09,1.8411812785e-06,3.9138505851e-06,3.4889669679e-06,2.8994833398e-06,2.3988393749e-06,1.9861025187e-06,1.6461135515e-06,1.3657915025e-06,1.1344349440e-06,9.4330835523e-07,7.8527645114e-07,6.5450441929e-07,5.4621396495e-07,4.5648546295e-07,3.8209795998e-07,3.2039994348e-07,2.6920493894e-07,2.2670710258e-07,1.9141278039e-07,1.6208490125e-07,1.3769758210e-07,1.1739935122e-07,9.3467681397e-08,6.8290593202e-08,4.5935207752e-08,3.0475864955e-08,2.3007466017e-08,2.0788713222e-08,2.0428946787e-08,2.0399751322e-08,2.0398624631e-08,2.0398604717e-08,2.0398604572e-08,2.0398604572e-08,2.0398604572e-08,2.0398604572e-08,2.0398604572e-08,2.0398604572e-08,2.0398604572e-08,2.0398604572e-08,2.0398604572e-08,2.0398604572e-08,2.0398604572e-08,2.0398604572e-08,2.0398604572e-08,2.0398604572e-08,2.0398604572e-08,2.0398604572e-08,2.0398604572e-08,2.0398604572e-08,2.0398604572e-08,2.0398604572e-08,2.0398604572e-08,2.0398604572e-08,2.0398604572e-08,2.0398604572e-08,2.0398604572e-08,2.0398604572e-08,2.0398604572e-08,2.0398604572e-08,2.0398604572e-08,2.0398604572e-08,2.0398604572e-08,2.0398604572e-08,2.0398604572e-08,2.0398604572e-08,2.0398604572e-08,2.0398604572e-08,2.0398604572e-08,2.0398604572e-08,2.0398604964e-08,2.0398651568e-08,2.0401269814e-08,2.0469719435e-08,2.1320353614e-08,2.6608040867e-08,4.4528920995e-08,8.1824879995e-08,1.3596874775e-07,1.9711136086e-07,2.5533488242e-07,3.0477790777e-07,3.6423590444e-07,4.3580418456e-07,5.2200798225e-07,6.2589246937e-07,7.5113339930e-07,9.0217195422e-07,1.0843797354e-06,1.3042612377e-06,1.5697030474e-06,1.8902813725e-06,2.2776423792e-06,2.7459733710e-06,3.3125867964e-06,3.9986443290e-06,4.8300517005e-06,5.8384988405e-06,7.0609210901e-06,8.4987604598e-06,9.4043256172e-06,2.0795394339e-07,5.3344110663e-04,6.7956507480e-04,6.7255133828e-04,6.2217466617e-04,5.6755583372e-04,5.1913466841e-04,4.7836225549e-04,4.4450041669e-04,4.1648732229e-04,3.9334827628e-04,3.7425509559e-04,3.5851552164e-04,3.4555308173e-04,3.3488832779e-04,3.2612283357e-04,3.1892575584e-04,3.1302258207e-04,3.0818571788e-04,3.0422661749e-04,3.0098920673e-04,2.9834434211e-04,2.9588568947e-04,2.9368354126e-04,2.9179562673e-04,2.9025862444e-04,2.8908153192e-04,2.8824313455e-04,2.8769529163e-04,2.8737220448e-04,2.8720354748e-04,2.8712736125e-04,2.8709833328e-04,2.8708925885e-04,2.8708699584e-04,2.8708655736e-04,2.8708649285e-04,2.8708648579e-04,2.8708648522e-04,2.8708648518e-04,2.8708648518e-04,2.8708648518e-04,2.8708648518e-04,2.8708648518e-04,2.8708648518e-04,2.8708648518e-04,2.8708648518e-04,2.8708648518e-04,2.8708648518e-04,2.8708648518e-04,2.8708648518e-04,2.8708648518e-04,2.8708648518e-04,2.8708648518e-04,2.8708648518e-04,2.8708648518e-04,2.8708648518e-04,2.8708648518e-04,2.8708648518e-04,2.8708648518e-04,2.8708648518e-04,2.8708648518e-04,2.8708648518e-04,2.8708648518e-04,2.8708648518e-04,2.8708648518e-04,2.8708648518e-04,2.8708648518e-04,2.8708648518e-04,2.8708648518e-04,2.8708648518e-04,2.8708648518e-04,2.8708648518e-04,2.8708648518e-04,2.8708648518e-04,2.8708648518e-04,2.8708648518e-04,2.8708648518e-04,2.8708648518e-04,2.8708648518e-04,2.8708648518e-04,2.8708648518e-04,2.8708648518e-04,2.8708648518e-04,2.8708648518e-04,2.8708648518e-04,2.8708648518e-04,2.8708648518e-04,2.8708648518e-04,2.8708648518e-04,2.8708648518e-04,2.8708648518e-04,2.8708648518e-04,2.8708648518e-04,2.8708648518e-04,2.8708648518e-04,2.8708648518e-04,2.8708648518e-04,2.8708648518e-04,2.8708648518e-04,2.8708648518e-04,2.8708648518e-04,2.8708648518e-04,2.8708648518e-04,2.8708648518e-04,2.8708648518e-04,2.8708648518e-04,2.8708648518e-04,2.8708648518e-04,2.8708648518e-04,2.8708648518e-04,2.8708648518e-04,2.8708648518e-04,2.8708648518e-04,2.8708648518e-04,2.8708648518e-04,2.8708648518e-04,2.8708648518e-04,2.8708648518e-04,2.8708648518e-04,2.8708648518e-04,2.8708648518e-04,2.8708648518e-04,2.8708648518e-04,2.8708648518e-04,2.8708648518e-04,2.8708648518e-04,2.8708648518e-04,2.8708648518e-04,2.8708648518e-04,2.8708648518e-04,2.8708648518e-04,2.8708648518e-04,2.8708648518e-04,2.8708648518e-04,2.8708648518e-04,2.8708648518e-04,2.8708648518e-04,2.8708648518e-04,2.8708648518e-04,2.8708648518e-04,2.8708648518e-04,2.8708648518e-04,2.8708648518e-04,2.8708648518e-04,2.8708648518e-04,2.8708648518e-04,2.8708648518e-04,2.8708648518e-04,2.8708648518e-04,2.8708648518e-04,2.8708648518e-04,2.8708648518e-04,2.8708648518e-04,2.8708648518e-04,2.8708648518e-04,2.8708648518e-04,2.8708648534e-04,2.8708649234e-04,2.8708671837e-04,2.8709189370e-04,2.8717592274e-04,2.8814553278e-04,2.9614135149e-04,3.4375908860e-04,5.5203591022e-04,1.2375506369e-03,2.9893909994e-03,6.5937595942e-03,1.2795528365e-02,2.2051146021e-02,3.4432122405e-02,4.9697959243e-02,6.7445461393e-02,8.7236429313e-02,1.0866147512e-01,1.3134873196e-01,1.5494659562e-01,1.7910577515e-01,2.0347304740e-01,2.2769781125e-01,2.5144656931e-01,2.7830045463e-01,3.0880908538e-01,3.4363167184e-01,3.8355966209e-01,4.2954334197e-01,4.8272373272e-01,5.4447087672e-01,6.1642985239e-01,7.0057615566e-01,7.9928232485e-01,9.1539705246e-01,1.0523314369e+00,1.2141067594e+00,1.4051133934e+00,1.6284457294e+00,1.8785445376e+00,2.1155295162e+00,2.1956803149e+00,1.7395989444e+00,1.1341014374e-01,3.1511200458e+00,5.4293557363e+00,7.0523498901e+00,8.1247011940e+00,8.7441067326e+00,8.9993512420e+00,8.9693257811e+00,8.7227569646e+00,8.3184116747e+00,7.8056113885e+00,7.2249413512e+00,6.6090749473e+00,5.9836567506e+00,5.3682027425e+00,4.7769862102e+00,4.2198850714e+00,3.7031721950e+00,3.2302354222e+00,2.8022187335e+00,2.4185803677e+00,2.0775696669e+00,1.6340093901e+00,1.1149174004e+00,6.0675026973e-01,2.3413450184e-01,5.5791334071e-02,7.5066020957e-03,9.7958713247e-04,5.7471860028e-04,5.6370456905e-04,5.6357588309e-04,5.6357524302e-04,5.6357524168e-04,5.6357524168e-04,5.6357524168e-04,5.6357524168e-04,5.6357524168e-04,5.6357524168e-04,5.6357524168e-04,5.6357524168e-04,5.6357524168e-04,5.6357524168e-04,5.6357524168e-04,5.6357524168e-04,5.6357524168e-04,5.6357524168e-04,5.6357524168e-04,5.6357524168e-04,5.6357524168e-04,5.6357524168e-04,5.6357524168e-04,5.6357524168e-04,5.6357524168e-04,5.6357524168e-04,5.6357524168e-04,5.6357524168e-04,5.6357524168e-04,5.6357524168e-04,5.6357524168e-04,5.6357524168e-04,5.6357524168e-04,5.6357524168e-04,5.6357524168e-04,5.6357524168e-04,5.6357524168e-04,5.6357524168e-04,5.6357524168e-04,5.6357524168e-04,5.6357524168e-04,5.6357524169e-04,5.6357525291e-04,5.6357618367e-04,5.6360959656e-04,5.6413417621e-04,5.6790276405e-04,5.8136763075e-04,6.0833804088e-04,6.4308430639e-04,6.7629731403e-04,7.0291852276e-04,7.2230571226e-04,7.4304758753e-04,7.6482053533e-04,7.8714573162e-04,8.0936226658e-04,8.3060375461e-04,8.4978135400e-04,8.6557667439e-04,8.7644824215e-04,8.8065505783e-04,8.7630016051e-04,8.6139599084e-04,8.3395166065e-04,7.9208002051e-04,7.3411983305e-04,6.5876558146e-04,5.6519478712e-04,4.5318051627e-04,3.2317540795e-04,1.7635339817e-04,1.4596571330e-05
9.0232544377e-09,1.9670509676e-06,4.0295048022e-06,3.6461248189e-06,3.0367709538e-06,2.5119397178e-06,2.0788584779e-06,1.7222856623e-06,1.4284889085e-06,1.1861869861e-06,9.8616096923e-07,8.2087786273e-07,6.8417910792e-07,5.7102541820e-07,4.7728851943e-07,3.9958168863e-07,3.3512220636e-07,2.8161984038e-07,2.3718653747e-07,2.0026319666e-07,1.6956028626e-07,1.4400950539e-07,1.2272477763e-07,9.7600664610e-08,7.1119868089e-08,4.7538909537e-08,3.1162214062e-08,2.3203641019e-08,2.0821413759e-08,2.0431781341e-08,2.0399869953e-08,2.0398626896e-08,2.0398604764e-08,2.0398604572e-08,2.0398604572e-08,2.0398604572e-08,2.0398604572e-08,2.0398604572e-08,2.0398604572e-08,2.0398604572e-08,2.0398604572e-08,2.0398604572e-08,2.0398604572e-08,2.0398604572e-08,2.0398604572e-08,2.0398604572e-08,2.0398604572e-08,2.0398604572e-08,2.0398604572e-08,2.0398604572e-08,2.0398604572e-08,2.0398604572e-08,2.0398604572e-08,2.0398604572e-08,2.0398604572e-08,2.0398604572e-08,2.0398604572e-08,2.0398604572e-08,2.0398604572e-08,2.0398604572e-08,2.0398604572e-08,2.0398604572e-08,2.0398604572e-08,2.0398604572e-08,2.0398604572e-08,2.0398604572e-08,2.0398604572e-08,2.0398604572e-08,2.0398604572e-08,2.0398604572e-08,2.0398604572e-08,2.0398605063e-08,2.0398663216e-08,2.0401915017e-08,2.0486408904e-08,2.1530225805e-08,2.7983270672e-08,4.9751243309e-08,9.4888212911e-08,1.6024374059e-07,2.3391679059e-07,3.0399199283e-07,3.6345592680e-07,4.3492610705e-07,5.2090966142e-07,6.2442890323e-07,7.4913011094e-07,8.9941751249e-07,1.0806170178e-06,1.2991769007e-06,1.5629143609e-06,1.8813190027e-06,2.2659269901e-06,2.7307828169e-06,3.2930095714e-06,3.9735130341e-06,4.7978506743e-06,5.7972974614e-06,7.0100048597e-06,8.4789478478e-06,1.0185922483e-05,1.1100421354e-05,2.6483349638e-07,5.9615206781e-04,7.7987944736e-04,7.8329745808e-04,7.2729427598e-04,6.6112069152e-04,6.0040506788e-04,5.4842409939e-04,5.0482454577e-04,4.6847440697e-04,4.3822780939e-04,4.1308364269e-04,3.9219617458e-04,3.7485663255e-04,3.6047226378e-04,3.4854774597e-04,3.3866940655e-04,3.3049194356e-04,3.2372727545e-04,3.1813518260e-04,3.1351545596e-04,3.0970124217e-04,3.0611297939e-04,3.0285247333e-04,3.0000805290e-04,2.9764264405e-04,2.9578345141e-04,2.9441625043e-04,2.9348696534e-04,2.9291157555e-04,2.9259259658e-04,2.9243746129e-04,2.9237280348e-04,2.9235030517e-04,2.9234394776e-04,2.9234252833e-04,2.9234228417e-04,2.9234225249e-04,2.9234224944e-04,2.9234224923e-04,2.9234224922e-04,2.9234224922e-04,2.9234224922e-04,2.9234224922e-04,2.9234224922e-04,2.9234224922e-04,2.9234224922e-04,2.9234224922e-04,2.9234224922e-04,2.9234224922e-04,2.9234224922e-04,2.9234224922e-04,2.9234224922e-04,2.9234224922e-04,2.9234224922e-04,2.9234224922e-04,2.9234224922e-04,2.9234224922e-04,2.9234224922e-04,2.9234224922e-04,2.9234224922e-04,2.9234224922e-04,2.9234224922e-04,2.9234224922e-04,2.9234224922e-04,2.9234224922e-04,2.9234224922e-04,2.9234224922e-04,2.9234224922e-04,2.9234224922e-04,2.9234224922e-04,2.9234224922e-04,2.9234224922e-04,2.9234224922e-04,2.9234224922e-04,2.9234224922e-04,2.9234224922e-04,2.9234224922e-04,2.9234224922e-04,2.9234224922e-04,2.9234224922e-04,2.9234224922e-04,2.9234224922e-04,2.9234224922e-04,2.9234224922e-04,2.9234224922e-04,2.9234224922e-04,2.9234224922e-04,2.9234224922e-04,2.9234224922e-04,2.9234224922e-04,2.9234224922e-04,2.9234224922e-04,2.9234224922e-04,2.9234224922e-04,2.9234224922e-04,2.9234224922e-04,2.9234224922e-04,2.9234224922e-04,2.9234224922e-04,2.9234224922e-04,2.9234224922e-04,2.9234224922e-04,2.9234224922e-04,2.9234224922e-04,2.9234224922e-04,2.9234224922e-04,2.9234224922e-04,2.9234224922e-04,2.9234224922e-04,2.9234224922e-04,2.9234224922e-04,2.9234224922e-04,2.9234224922e-04,2.9234224922e-04,2.9234224922e-04,2.9234224922e-04,2.9234224922e-04,2.9234224922e-04,2.9234224922e-04,2.9234224922e-04,2.9234224922e-04,2.9234224922e-04,2.9234224922e-04,2.9234224922e-04,2.9234224922e-04,2.9234224922e-04,2.9234224922e-04,2.9234224922e-04,2.9234224922e-04,2.9234224922e-04,2.9234224922e-04,2.9234224922e-04,2.9234224922e-04,2.9234224922e-04,2.9234224922e-04,2.9234224922e-04,2.9234224922e-04,2.9234224922e-04,2.9234224922e-04,2.9234224922e-04,2.9234224922e-04,2.9234224922e-04,2.9234224922e-04,2.9234224922e-04,2.9234224922e-04,2.9234224922e-04,2.9234224922e-04,2.9234224922e-04,2.9234224922e-04,2.9234224922e-04,2.9234224922e-04,2.9234224922e-04,2.9234224922e-04,2.9234224922e-04,2.9234224922e-04,2.9234224926e-04,2.9234225164e-04,2.9234233801e-04,2.9234456594e-04,2.9238525854e-04,2.9291208918e-04,2.9776607241e-04,3.2985941012e-04,4.8432561743e-04,1.0373491458e-03,2.5538006847e-03,5.8531303033e-03,1.1771597916e-02,2.0864664972e-02,3.3258490461e-02,4.8714573030e-02,6.6811717440e-02,8.7114638877e-02,1.0925901985e-01,1.3295431658e-01,1.5794237622e-01,1.8395142200e-01,2.1066892574e-01,2.3773925928e-01,2.6478056768e-01,2.9141109239e-01,3.2165389014e-01,3.5616157159e-01,3.9571407253e-01,4.4124424000e-01,4.9386783252e-01,5.5491944429e-01,6.2599558054e-01,7.0900638793e-01,8.0623781168e-01,9.2042580005e-01,1.0548412090e+00,1.2133661523e+00,1.4004557861e+00,1.6205184090e+00,1.8749739944e+00,2.1516434086e+00,2.3938497544e+00,2.4305378782e+00,1.8671251202e+00,1.2288351984e-01,3.1082837232e+00,5.3932039170e+00,7.0645387057e+00,8.2131994676e+00,8.9253749902e+00,9.2803473511e+00,9.3493597973e+00,9.1952074728e+00,8.8723036521e+00,8.4270457728e+00,7.8983612400e+00,7.3183530963e+00,6.7129930037e+00,6.1028268676e+00,5.5036698066e+00,4.9272743595e+00,4.3819605020e+00,3.8731993148e+00,3.4041446951e+00,2.9761096722e+00,2.5889881959e+00,2.0743935494e+00,1.4528413201e+00,8.1743376369e-01,3.2699943036e-01,8.0569218507e-02,1.0989315629e-02,1.2115064845e-03,5.8158051047e-04,5.6379200380e-04,5.6357635726e-04,5.6357524465e-04,5.6357524222e-04,5.6357524222e-04,5.6357524222e-04,5.6357524222e-04,5.6357524222e-04,5.6357524222e-04,5.6357524222e-04,5.6357524222e-04,5.6357524222e-04,5.6357524222e-04,5.6357524222e-04,5.6357524222e-04,5.6357524222e-04,5.6357524222e-04,5.6357524222e-04,5.6357524222e-04,5.6357524222e-04,5.6357524222e-04,5.6357524222e-04,5.6357524222e-04,5.6357524222e-04,5.6357524222e-04,5.6357524222e-04,5.6357524222e-04,5.6357524222e-04,5.6357524222e-04,5.6357524222e-04,5.6357524222e-04,5.6357524222e-04,5.6357524222e-04,5.6357524222e-04,5.6357524222e-04,5.6357524222e-04,5.6357524222e-04,5.6357524222e-04,5.6357524222e-04,5.6357524222e-04,5.6357524226e-04,5.6357525986e-04,5.6357666709e-04,5.6362517115e-04,5.6435496772e-04,5.6936053391e-04,5.8626661804e-04,6.1768715457e-04,6.5475960569e-04,6.8742980781e-04,7.1195656570e-04,7.2894942521e-04,7.4634539598e-04,7.6369204234e-04,7.8040928158e-04,7.9577963969e-04,8.0894387949e-04,8.1890370210e-04,8.2453326761e-04,8.2460105360e-04,8.1780307719e-04,8.0280780616e-04,7.7831216011e-04,7.4310684944e-04,6.9614808111e-04,6.3663136562e-04,5.6406199427e-04,4.7831587249e-04,3.7968384788e-04,2.6889271827e-04,1.4709675716e-04,1.5834883950e-05
1.1245167947e-08,2.1044209651e-06,4.0888476885e-06,3.7778844192e-06,3.1594141646e-06,2.6134099857e-06,2.1617149861e-06,1.7899515791e-06,1.4838706527e-06,1.2316612725e-06,1.0236529761e-06,8.5193577126e-07,7.1004012290e-07,5.9267334945e-07,4.9550320048e-07,4.1498065165e-07,3.4819516382e-07,2.9275667740e-07,2.4669962464e-07,2.0840487418e-07,1.7653635388e-07,1.4998949463e-07,1.2784971152e-07,1.0167289871e-07,7.4004885482e-08,4.9252250655e-08,3.1938450929e-08,2.3439540179e-08,2.0863101348e-08,2.0435583092e-08,2.0400035901e-08,2.0398630257e-08,2.0398604766e-08,2.0398604572e-08,2.0398604572e-08,2.0398604572e-08,2.0398604572e-08,2.0398604572e-08,2.0398604572e-08,2.0398604572e-08,2.0398604572e-08,2.0398604572e-08,2.0398604572e-08,2.0398604572e-08,2.0398604572e-08,2.0398604572e-08,2.0398604572e-08,2.0398604572e-08,2.0398604572e-08,2.0398604572e-08,2.0398604572e-08,2.0398604572e-08,2.0398604572e-08,2.0398604572e-08,2.0398604572e-08,2.0398604572e-08,2.0398604572e-08,2.0398604572e-08,2.0398604572e-08,2.0398604572e-08,2.0398604572e-08,2.0398604572e-08,2.0398604572e-08,2.0398604572e-08,2.0398604572e-08,2.0398604572e-08,2.0398604572e-08,2.0398604572e-08,2.0398604572e-08,2.0398604572e-08,2.0398604572e-08,2.0398605228e-08,2.0398682153e-08,2.0402944751e-08,2.0512662152e-08,2.1855590094e-08,3.0086419777e-08,5.7645756188e-08,1.1446146104e-07,1.9639064040e-07,2.8849952918e-07,3.7596498302e-07,4.5011114528e-07,5.3916456417e-07,6.4623384000e-07,7.7506908924e-07,9.3019901453e-07,1.1171000407e-06,1.3424033747e-06,1.6141489698e-06,1.9420974825e-06,2.3381137618e-06,2.8166386345e-06,3.3952693922e-06,4.0954740433e-06,4.9434696408e-06,5.9713012301e-06,7.2181479356e-06,8.7315180206e-06,1.0561333515e-05,1.2645011975e-05,1.3492092427e-05,3.5504740817e-07,6.7718167271e-04,9.1402616756e-04,9.3682831690e-04,8.7703326216e-04,7.9648212023e-04,7.1871444418e-04,6.5047561175e-04,5.9247625496e-04,5.4369366198e-04,5.0280220986e-04,4.6856742538e-04,4.3992352378e-04,4.1596877508e-04,3.9594437163e-04,3.7921275821e-04,3.6523857359e-04,3.5357243686e-04,3.4383726063e-04,3.3571671621e-04,3.2894551817e-04,3.2330113869e-04,3.1793335536e-04,3.1299191031e-04,3.0861255672e-04,3.0490016134e-04,3.0191292958e-04,2.9965179030e-04,2.9805894416e-04,2.9702788186e-04,2.9642377120e-04,2.9610902853e-04,2.9596619902e-04,2.9591105931e-04,2.9589341389e-04,2.9588885814e-04,2.9588793399e-04,2.9588779020e-04,2.9588777338e-04,2.9588777192e-04,2.9588777183e-04,2.9588777182e-04,2.9588777182e-04,2.9588777182e-04,2.9588777182e-04,2.9588777182e-04,2.9588777182e-04,2.9588777182e-04,2.9588777182e-04,2.9588777182e-04,2.9588777182e-04,2.9588777182e-04,2.9588777182e-04,2.9588777182e-04,2.9588777182e-04,2.9588777182e-04,2.9588777182e-04,2.9588777182e-04,2.9588777182e-04,2.9588777182e-04,2.9588777182e-04,2.9588777182e-04,2.9588777182e-04,2.9588777182e-04,2.9588777182e-04,2.9588777182e-04,2.9588777182e-04,2.9588777182e-04,2.9588777182e-04,2.9588777182e-04,2.9588777182e-04,2.9588777182e-04,2.9588777182e-04,2.9588777182e-04,2.9588777182e-04,2.9588777182e-04,2.9588777182e-04,2.9588777182e-04,2.9588777182e-04,2.9588777182e-04,2.9588777182e-04,2.9588777182e-04,2.9588777182e-04,2.9588777182e-04,2.9588777182e-04,2.9588777182e-04,2.9588777182e-04,2.9588777182e-04,2.9588777182e-04,2.9588777182e-04,2.9588777182e-04,2.9588777182e-04,2.9588777182e-04,2.9588777182e-04,2.9588777182e-04,2.9588777182e-04,2.9588777182e-04,2.9588777182e-04,2.9588777182e-04,2.9588777182e-04,2.9588777182e-04,2.9588777182e-04,2.9588777182e-04,2.9588777182e-04,2.9588777182e-04,2.9588777182e-04,2.9588777182e-04,2.9588777182e-04,2.9588777182e-04,2.9588777182e-04,2.9588777182e-04,2.9588777182e-04,2.9588777182e-04,2.9588777182e-04,2.9588777182e-04,2.9588777182e-04,2.9588777182e-04,2.9588777182e-04,2.9588777182e-04,2.9588777182e-04,2.9588777182e-04,2.9588777182e-04,2.9588777182e-04,2.9588777182e-04,2.9588777182e-04,2.9588777182e-04,2.9588777182e-04,2.9588777182e-04,2.9588777182e-04,2.9588777182e-04,2.9588777182e-04,2.9588777182e-04,2.9588777182e-04,2.9588777182e-04,2.9588777182e-04,2.9588777182e-04,2.9588777182e-04,2.9588777182e-04,2.9588777182e-04,2.9588777182e-04,2.9588777182e-04,2.9588777182e-04,2.9588777182e-04,2.9588777182e-04,2.9588777182e-04,2.9588777182e-04,2.9588777182e-04,2.9588777182e-04,2.9588777182e-04,2.9588777182e-04,2.9588777182e-04,2.9588777182e-04,2.9588777182e-04,2.9588777182e-04,2.9588777182e-04,2.9588777185e-04,2.9588777312e-04,2.9588782321e-04,2.9588921637e-04,2.9591661569e-04,2.9629775440e-04,3.0005878520e-04,3.2656972472e-04,4.6175222005e-04,9.7040253630e-04,2.4224474037e-03,5.6780982258e-03,1.1637027548e-02,2.0895678979e-02,3.3564889327e-02,4.9345129233e-02,6.7755378050e-02,8.8352440463e-02,1.1084224429e-01,1.3507474990e-01,1.6096847493e-01,1.8842081994e-01,2.1724352566e-01,2.4713847313e-01,2.7771010716e-01,3.0850118138e-01,3.3903703715e-01,3.7392906239e-01,4.1397211878e-01,4.6011217322e-01,5.1347592935e-01,5.7540553198e-01,6.4750008594e-01,7.3166540006e-01,8.3017361733e-01,9.4573431742e-01,1.0815766668e+00,1.2415310366e+00,1.4300496428e+00,1.6519204710e+00,1.9108218695e+00,2.2042069478e+00,2.5085131322e+00,2.7442132296e+00,2.7118025705e+00,2.0123517405e+00,1.3636114316e-01,3.0258091667e+00,5.2890802861e+00,6.9926608204e+00,8.2118087273e+00,9.0195523372e+00,9.4842376688e+00,9.6681604941e+00,9.6269552872e+00,9.4094856925e+00,9.0580501097e+00,8.6087729499e+00,8.0920953451e+00,7.5333099784e+00,6.9531057157e+00,6.3681014113e+00,5.7913568347e+00,5.2328538364e+00,4.6999439108e+00,4.1977600804e+00,3.7295921011e+00,3.2972273347e+00,2.7070352201e+00,1.9652699884e+00,1.1618792483e+00,4.9278132888e-01,1.2844233778e-01,1.8154245415e-02,1.7142239077e-03,5.9716417866e-04,5.6399930687e-04,5.6357752668e-04,5.6357524746e-04,5.6357524224e-04,5.6357524224e-04,5.6357524224e-04,5.6357524224e-04,5.6357524224e-04,5.6357524224e-04,5.6357524224e-04,5.6357524224e-04,5.6357524224e-04,5.6357524224e-04,5.6357524224e-04,5.6357524224e-04,5.6357524224e-04,5.6357524224e-04,5.6357524224e-04,5.6357524224e-04,5.6357524224e-04,5.6357524224e-04,5.6357524224e-04,5.6357524224e-04,5.6357524224e-04,5.6357524224e-04,5.6357524224e-04,5.6357524224e-04,5.6357524224e-04,5.6357524224e-04,5.6357524224e-04,5.6357524224e-04,5.6357524224e-04,5.6357524224e-04,5.6357524224e-04,5.6357524224e-04,5.6357524224e-04,5.6357524224e-04,5.6357524224e-04,5.6357524224e-04,5.6357524224e-04,5.6357524237e-04,5.6357527422e-04,5.6357770262e-04,5.6365688294e-04,5.6477668513e-04,5.7190186078e-04,5.9365616780e-04,6.2905671407e-04,6.6529113026e-04,6.9346884505e-04,7.1254336433e-04,7.2469445060e-04,7.3617143433e-04,7.4648832798e-04,7.5508115431e-04,7.6131126548e-04,7.6447306442e-04,7.6380658658e-04,7.5851527618e-04,7.4778900243e-04,7.3083197994e-04,7.0689483579e-04,6.7530958075e-04,6.3552576650e-04,5.8714567312e-04,5.2995597645e-04,4.6395313009e-04,3.8935959961e-04,3.0662821281e-04,2.1643225166e-04,1.1963945995e-04,1.7268915651e-05
1.5080888288e-08,2.2672270570e-06,4.0468740541e-06,3.8604179895e-06,3.2572167422e-06,2.6965243479e-06,2.2291263324e-06,1.8443207413e-06,1.5277448717e-06,1.2671637607e-06,1.0525174323e-06,8.7556161142e-07,7.2954409034e-07,6.0893625474e-07,5.0921179483e-07,4.2666460085e-07,3.5825909766e-07,3.0150744968e-07,2.5436898091e-07,2.1516789999e-07,1.8252611927e-07,1.5530841825e-07,1.3257814921e-07,1.0564274162e-07,7.7048891032e-08,5.1257538049e-08,3.2960124060e-08,2.3786937274e-08,2.0930542539e-08,2.0442200718e-08,2.0400341388e-08,2.0398636693e-08,2.0398604832e-08,2.0398604572e-08,2.0398604572e-08,2.0398604572e-08,2.0398604572e-08,2.0398604572e-08,2.0398604572e-08,2.0398604572e-08,2.0398604572e-08,2.0398604572e-08,2.0398604572e-08,2.0398604572e-08,2.0398604572e-08,2.0398604572e-08,2.0398604572e-08,2.0398604572e-08,2.0398604572e-08,2.0398604572e-08,2.0398604572e-08,2.0398604572e-08,2.0398604572e-08,2.0398604572e-08,2.0398604572e-08,2.0398604572e-08,2.0398604572e-08,2.0398604572e-08,2.0398604572e-08,2.0398604572e-08,2.0398604572e-08,2.0398604572e-08,2.0398604572e-08,2.0398604572e-08,2.0398604572e-08,2.0398604572e-08,2.0398604572e-08,2.0398604572e-08,2.0398604572e-08,2.0398604572e-08,2.0398604572e-08,2.0398605562e-08,2.0398720748e-08,2.0404998566e-08,2.0563703491e-08,2.2471855060e-08,3.3971456212e-08,7.1916957282e-08,1.4926835438e-07,2.5996568379e-07,3.8384996236e-07,5.0118681990e-07,6.0051380120e-07,7.1969934484e-07,8.6288832766e-07,1.0350891670e-06,1.2423610253e-06,1.4920449675e-06,1.7930469357e-06,2.1561844664e-06,2.5946117606e-06,3.1243408194e-06,3.7648804539e-06,4.5400195948e-06,5.4787872797e-06,6.6166283640e-06,7.9968383817e-06,9.6722304629e-06,1.1705749622e-05,1.4152052462e-05,1.6827788100e-05,1.7369509304e-05,5.2688639096e-07,7.9494382001e-04,1.1163584452e-03,1.1788045028e-03,1.1222865173e-03,1.0242559873e-03,9.2090057729e-04,8.2610666285e-04,7.4362114324e-04,6.7330126488e-04,6.1381312738e-04,5.6362945214e-04,5.2133968360e-04,4.8571910243e-04,4.5572489089e-04,4.3047450786e-04,4.0922246246e-04,3.9133943020e-04,3.7629429857e-04,3.6363891632e-04,3.5299518164e-04,3.4404395260e-04,3.3544636559e-04,3.2743677540e-04,3.2023560748e-04,3.1402397827e-04,3.0891849711e-04,3.0495200001e-04,3.0206642948e-04,3.0012228811e-04,2.9892471328e-04,2.9826030810e-04,2.9793405521e-04,2.9779506315e-04,2.9774483179e-04,2.9772980529e-04,2.9772617841e-04,2.9772548961e-04,2.9772538902e-04,2.9772537794e-04,2.9772537703e-04,2.9772537698e-04,2.9772537698e-04,2.9772537698e-04,2.9772537698e-04,2.9772537698e-04,2.9772537698e-04,2.9772537698e-04,2.9772537698e-04,2.9772537698e-04,2.9772537698e-04,2.9772537698e-04,2.9772537698e-04,2.9772537698e-04,2.9772537698e-04,2.9772537698e-04,2.9772537698e-04,2.9772537698e-04,2.9772537698e-04,2.9772537698e-04,2.9772537698e-04,2.9772537698e-04,2.9772537698e-04,2.9772537698e-04,2.9772537698e-04,2.9772537698e-04,2.9772537698e-04,2.9772537698e-04,2.9772537698e-04,2.9772537698e-04,2.9772537698e-04,2.9772537698e-04,2.9772537698e-04,2.9772537698e-04,2.9772537698e-04,2.9772537698e-04,2.9772537698e-04,2.9772537698e-04,2.9772537698e-04,2.9772537698e-04,2.9772537698e-04,2.9772537698e-04,2.9772537698e-04,2.9772537698e-04,2.9772537698e-04,2.9772537698e-04,2.9772537698e-04,2.9772537698e-04,2.9772537698e-04,2.9772537698e-04,2.9772537698e-04,2.9772537698e-04,2.9772537698e-04,2.9772537698e-04,2.9772537698e-04,2.9772537698e-04,2.9772537698e-04,2.9772537698e-04,2.9772537698e-04,2.9772537698e-04,2.9772537698e-04,2.9772537698e-04,2.9772537698e-04,2.9772537698e-04,2.9772537698e-04,2.9772537698e-04,2.9772537698e-04,2.9772537698e-04,2.9772537698e-04,2.9772537698e-04,2.9772537698e-04,2.9772537698e-04,2.9772537698e-04,2.9772537698e-04,2.9772537698e-04,2.9772537698e-04,2.9772537698e-04,2.9772537698e-04,2.9772537698e-04,2.9772537698e-04,2.9772537698e-04,2.9772537698e-04,2.9772537698e-04,2.9772537698e-04,2.9772537698e-04,2.9772537698e-04,2.9772537698e-04,2.9772537698e-04,2.9772537698e-04,2.9772537698e-04,2.9772537698e-04,2.9772537698e-04,2.9772537698e-04,2.9772537698e-04,2.9772537698e-04,2.9772537698e-04,2.9772537698e-04,2.9772537698e-04,2.9772537698e-04,2.9772537698e-04,2.9772537698e-04,2.9772537698e-04,2.9772537698e-04,2.9772537698e-04,2.9772537698e-04,2.9772537698e-04,2.9772537698e-04,2.9772537698e-04,2.9772537698e-04,2.9772537698e-04,2.9772537698e-04,2.9772537698e-04,2.9772537698e-04,2.9772537698e-04,2.9772537701e-04,2.9772537887e-04,2.9772545083e-04,2.9772742557e-04,2.9776566902e-04,2.9828842321e-04,3.0334544274e-04,3.3820174601e-04,5.1155253230e-04,1.1462266606e-03,2.9059517683e-03,6.7339521030e-03,1.3529714524e-02,2.3773637015e-02,3.7382615038e-02,5.3864161007e-02,7.2621075270e-02,9.3218740246e-02,1.1550865036e-01,1.3960012253e-01,1.6573383131e-01,1.9412829292e-01,2.2485633089e-01,2.5778060783e-01,2.9255042895e-01,3.2864453960e-01,3.6543816462e-01,4.0227436625e-01,4.4469812286e-01,4.9372599084e-01,5.5056218950e-01,6.1663460754e-01,6.9363693096e-01,7.8357896343e-01,8.8884665617e-01,1.0122729754e+00,1.1572179488e+00,1.3276443597e+00,1.5281330079e+00,1.7636471982e+00,2.0384850326e+00,2.3529867460e+00,2.6949380681e+00,3.0206112873e+00,3.2203308340e+00,3.0700937081e+00,2.1862982648e+00,1.5838776243e-01,2.8635700457e+00,5.0462953100e+00,6.7464699876e+00,8.0197268668e+00,8.9225679649e+00,9.5095443250e+00,9.8315376475e+00,9.9348427203e+00,9.8607998376e+00,9.6457843064e+00,9.3214131901e+00,8.9148727817e+00,8.4493031986e+00,7.9442001596e+00,7.4158102600e+00,6.8775067599e+00,6.3401396354e+00,5.8123576515e+00,5.3009024518e+00,4.8108757722e+00,4.3459841837e+00,3.6892646540e+00,2.8195476245e+00,1.7995547280e+00,8.4561490946e-01,2.4616679084e-01,3.8015275173e-02,3.2455689186e-03,6.4849980465e-04,5.6473090026e-04,5.6358192147e-04,5.6357525858e-04,5.6357524224e-04,5.6357524224e-04,5.6357524224e-04,5.6357524224e-04,5.6357524224e-04,5.6357524224e-04,5.6357524224e-04,5.6357524224e-04,5.6357524224e-04,5.6357524224e-04,5.6357524224e-04,5.6357524224e-04,5.6357524224e-04,5.6357524224e-04,5.6357524224e-04,5.6357524224e-04,5.6357524224e-04,5.6357524224e-04,5.6357524224e-04,5.6357524224e-04,5.6357524224e-04,5.6357524224e-04,5.6357524224e-04,5.6357524224e-04,5.6357524224e-04,5.6357524224e-04,5.6357524224e-04,5.6357524224e-04,5.6357524224e-04,5.6357524224e-04,5.6357524224e-04,5.6357524224e-04,5.6357524224e-04,5.6357524224e-04,5.6357524224e-04,5.6357524224e-04,5.6357524224e-04,5.6357524266e-04,5.6357532124e-04,5.6358084501e-04,5.6374461832e-04,5.6580583596e-04,5.7702538300e-04,6.0466353150e-04,6.3927624796e-04,6.6646783494e-04,6.8280668209e-04,6.9123401842e-04,6.9518804653e-04,6.9755932354e-04,6.9797427268e-04,6.9603744771e-04,6.9133894007e-04,6.8346351966e-04,6.7200133470e-04,6.5655993082e-04,6.3677721668e-04,6.1233488619e-04,5.8297168752e-04,5.4849583694e-04,5.0879577577e-04,4.6384845916e-04,4.1372431711e-04,3.5858811189e-04,2.9869495422e-04,2.3438091964e-04,1.6604782379e-04,9.4141954977e-05,1.9126736343e-05
2.0224589944e-08,2.4156931388e-06,3.9091803403e-06,3.8560986931e-06,3.2991853044e-06,2.7383560713e-06,2.2631867767e-06,1.8711049025e-06,1.5486179625e-06,1.2833683328e-06,1.0650945430e-06,8.8536677239e-07,7.3726957420e-07,6.1513254067e-07,5.1430779616e-07,4.3098661650e-07,3.6204839604e-07,3.0493629917e-07,2.5755499583e-07,2.1818658414e-07,1.8542158229e-07,1.5810229014e-07,1.3527678467e-07,1.0819370273e-07,7.9340433481e-08,5.3082742745e-08,3.4090189140e-08,2.4240331402e-08,2.1029899059e-08,2.0452807349e-08,2.0400861321e-08,2.0398648095e-08,2.0398604950e-08,2.0398604572e-08,2.0398604572e-08,2.0398604572e-08,2.0398604572e-08,2.0398604572e-08,2.0398604572e-08,2.0398604572e-08,2.0398604572e-08,2.0398604572e-08,2.0398604572e-08,2.0398604572e-08,2.0398604572e-08,2.0398604572e-08,2.0398604572e-08,2.0398604572e-08,2.0398604572e-08,2.0398604572e-08,2.0398604572e-08,2.0398604572e-08,2.0398604572e-08,2.0398604572e-08,2.0398604572e-08,2.0398604572e-08,2.0398604572e-08,2.0398604572e-08,2.0398604572e-08,2.0398604572e-08,2.0398604572e-08,2.0398604572e-08,2.0398604572e-08,2.0398604572e-08,2.0398604572e-08,2.0398604572e-08,2.0398604572e-08,2.0398604572e-08,2.0398604572e-08,2.0398604572e-08,2.0398604573e-08,2.0398606168e-08,2.0398788455e-08,2.0408468429e-08,2.0646472648e-08,2.3428375747e-08,3.9744564677e-08,9.2333467326e-08,1.9770833411e-07,3.4696368678e-07,5.1311703554e-07,6.7009060665e-07,8.0281152083e-07,9.6196105910e-07,1.1530825215e-06,1.3828872865e-06,1.6595103962e-06,1.9928257013e-06,2.3948311092e-06,2.8801196510e-06,3.4664556167e-06,4.1754790771e-06,5.0335673809e-06,6.0728882987e-06,7.3326871669e-06,8.8608577927e-06,1.0715833211e-05,1.2968504873e-05,1.5699923417e-05,1.8952089955e-05,2.2297199029e-05,2.2140650945e-05,7.8415829231e-07,9.2346951484e-04,1.3447997322e-03,1.4644719409e-03,1.4249844979e-03,1.3159112191e-03,1.1866291141e-03,1.0606769381e-03,9.4725747816e-04,8.4864853392e-04,7.6424787590e-04,6.9249265320e-04,6.3165743066e-04,5.8013850271e-04,5.3653014259e-04,4.9962653930e-04,4.6840151905e-04,4.4198423082e-04,4.1963635812e-04,4.0073216356e-04,3.8474138781e-04,3.7121443975e-04,3.5813675482e-04,3.4585837409e-04,3.3471622801e-04,3.2499733897e-04,3.1690083778e-04,3.1050682457e-04,3.0576125358e-04,3.0248413931e-04,3.0040272598e-04,2.9920292316e-04,2.9858470798e-04,2.9830483532e-04,2.9819564265e-04,2.9815969788e-04,2.9814993796e-04,2.9814780250e-04,2.9814743451e-04,2.9814738560e-04,2.9814738069e-04,2.9814738031e-04,2.9814738029e-04,2.9814738029e-04,2.9814738029e-04,2.9814738029e-04,2.9814738029e-04,2.9814738029e-04,2.9814738029e-04,2.9814738029e-04,2.9814738029e-04,2.9814738029e-04,2.9814738029e-04,2.9814738029e-04,2.9814738029e-04,2.9814738029e-04,2.9814738029e-04,2.9814738029e-04,2.9814738029e-04,2.9814738029e-04,2.9814738029e-04,2.9814738029e-04,2.9814738029e-04,2.9814738029e-04,2.9814738029e-04,2.9814738029e-04,2.9814738029e-04,2.9814738029e-04,2.9814738029e-04,2.9814738029e-04,2.9814738029e-04,2.9814738029e-04,2.9814738029e-04,2.9814738029e-04,2.9814738029e-04,2.9814738029e-04,2.9814738029e-04,2.9814738029e-04,2.9814738029e-04,2.9814738029e-04,2.9814738029e-04,2.9814738029e-04,2.9814738029e-04,2.9814738029e-04,2.9814738029e-04,2.9814738029e-04,2.9814738029e-04,2.9814738029e-04,2.9814738029e-04,2.9814738029e-04,2.9814738029e-04,2.9814738029e-04,2.9814738029e-04,2.9814738029e-04,2.9814738029e-04,2.9814738029e-04,2.9814738029e-04,2.9814738029e-04,2.9814738029e-04,2.9814738029e-04,2.9814738029e-04,2.9814738029e-04,2.9814738029e-04,2.9814738029e-04,2.9814738029e-04,2.9814738029e-04,2.9814738029e-04,2.9814738029e-04,2.9814738029e-04,2.9814738029e-04,2.9814738029e-04,2.9814738029e-04,2.9814738029e-04,2.9814738029e-04,2.9814738029e-04,2.9814738029e-04,2.9814738029e-04,2.9814738029e-04,2.9814738029e-04,2.9814738029e-04,2.9814738029e-04,2.9814738029e-04,2.9814738029e-04,2.9814738029e-04,2.9814738029e-04,2.9814738029e-04,2.9814738029e-04,2.9814738029e-04,2.9814738029e-04,2.9814738029e-04,2.9814738029e-04,2.9814738029e-04,2.9814738029e-04,2.9814738029e-04,2.9814738029e-04,2.9814738029e-04,2.9814738029e-04,2.9814738029e-04,2.9814738029e-04,2.9814738029e-04,2.9814738029e-04,2.9814738029e-04,2.9814738029e-04,2.9814738029e-04,2.9814738029e-04,2.9814738029e-04,2.9814738029e-04,2.9814738029e-04,2.9814738029e-04,2.9814738029e-04,2.9814738029e-04,2.9814738029e-04,2.9814738030e-04,2.9814738034e-04,2.9814738286e-04,2.9814747934e-04,2.9815009449e-04,2.9820003286e-04,2.9887180938e-04,3.0525345531e-04,3.4834794230e-04,5.5783489883e-04,1.3059472854e-03,3.3260537343e-03,7.6022991789e-03,1.4988551652e-02,2.5823021446e-02,3.9829460481e-02,5.6334416941e-02,7.4624010383e-02,9.4249752791e-02,1.1517855324e-01,1.3777037752e-01,1.6262652474e-01,1.9038001965e-01,2.2149977862e-01,2.5615880967e-01,2.9418595380e-01,3.3509326515e-01,3.7815472923e-01,4.2250772361e-01,4.6725303323e-01,5.1909663766e-01,5.7931462941e-01,6.4941331121e-01,7.3117265358e-01,8.2669693561e-01,9.3847459648e-01,1.0694474783e+00,1.2230855050e+00,1.4034491482e+00,1.6151820860e+00,1.8632721911e+00,2.1521781069e+00,2.4834406138e+00,2.8501336082e+00,3.2256899337e+00,3.5446159972e+00,3.6748597608e+00,3.3868258804e+00,2.3288281386e+00,1.8563962552e-01,2.6455854868e+00,4.6894932753e+00,6.3317890747e+00,7.6100771350e+00,8.5655424845e+00,9.2398645287e+00,9.6731866135e+00,9.9028975100e+00,9.9629990236e+00,9.8838732485e+00,9.6923065526e+00,9.4116668232e+00,9.0621626392e+00,8.6611374826e+00,8.2233697681e+00,7.7613616931e+00,7.2856080276e+00,6.8048411209e+00,6.3262515024e+00,5.8556851820e+00,5.3978224673e+00,4.7300443254e+00,3.8014073402e+00,2.6265373024e+00,1.3902032999e+00,4.7019865592e-01,8.3852967549e-02,7.3684651777e-03,8.0463718357e-04,5.6719296481e-04,5.6359807469e-04,5.6357530280e-04,5.6357524229e-04,5.6357524224e-04,5.6357524224e-04,5.6357524224e-04,5.6357524224e-04,5.6357524224e-04,5.6357524224e-04,5.6357524224e-04,5.6357524224e-04,5.6357524224e-04,5.6357524224e-04,5.6357524224e-04,5.6357524224e-04,5.6357524224e-04,5.6357524224e-04,5.6357524224e-04,5.6357524224e-04,5.6357524224e-04,5.6357524224e-04,5.6357524224e-04,5.6357524224e-04,5.6357524224e-04,5.6357524224e-04,5.6357524224e-04,5.6357524224e-04,5.6357524224e-04,5.6357524224e-04,5.6357524224e-04,5.6357524224e-04,5.6357524224e-04,5.6357524224e-04,5.6357524224e-04,5.6357524224e-04,5.6357524224e-04,5.6357524224e-04,5.6357524224e-04,5.6357524224e-04,5.6357524365e-04,5.6357546428e-04,5.6358933738e-04,5.6394765681e-04,5.6770994613e-04,5.8368626609e-04,6.1199658155e-04,6.3581358165e-04,6.4685813912e-04,6.4851893313e-04,6.4592397525e-04,6.4224982669e-04,6.3680134076e-04,6.2936671405e-04,6.1973774091e-04,6.0771441275e-04,5.9310974253e-04,5.7575468920e-04,5.5550300726e-04,5.3223581073e-04,5.0586563554e-04,4.7633975964e-04,4.4364253500e-04,4.0779649235e-04,3.6886196985e-04,3.2693506572e-04,2.8214369116e-04,2.3464157999e-04,1.8460008844e-04,1.3219769202e-04,7.7607075503e-05,2.0979741263e-05
2.6145434854e-08,2.5409272150e-06,3.7539477714e-06,3.8018113432e-06,3.3074078213e-06,2.7581450131e-06,2.2807303604e-06,1.8847215420e-06,1.5587964560e-06,1.2907932987e-06,1.0703775076e-06,8.8902571883e-07,7.3973591566e-07,6.1675994743e-07,5.1538070602e-07,4.3172839579e-07,3.6262922159e-07,3.0548075368e-07,2.5814930204e-07,2.1888541632e-07,1.8625432905e-07,1.5907872559e-07,1.3639206030e-07,1.0948738467e-07,8.0801892962e-08,5.4557447437e-08,3.5234513414e-08,2.4794844712e-08,2.1169003625e-08,2.0469059880e-08,2.0401708716e-08,2.0398667581e-08,2.0398605141e-08,2.0398604572e-08,2.0398604572e-08,2.0398604572e-08,2.0398604572e-08,2.0398604572e-08,2.0398604572e-08,2.0398604572e-08,2.0398604572e-08,2.0398604572e-08,2.0398604572e-08,2.0398604572e-08,2.0398604572e-08,2.0398604572e-08,2.0398604572e-08,2.0398604572e-08,2.0398604572e-08,2.0398604572e-08,2.0398604572e-08,2.0398604572e-08,2.0398604572e-08,2.0398604572e-08,2.0398604572e-08,2.0398604572e-08,2.0398604572e-08,2.0398604572e-08,2.0398604572e-08,2.0398604572e-08,2.0398604572e-08,2.0398604572e-08,2.0398604572e-08,2.0398604572e-08,2.0398604572e-08,2.0398604572e-08,2.0398604572e-08,2.0398604572e-08,2.0398604572e-08,2.0398604572e-08,2.0398604573e-08,2.0398607206e-08,2.0398899127e-08,2.0413880853e-08,2.0768685460e-08,2.4756068391e-08,4.7263755335e-08,1.1751885893e-07,2.5536613646e-07,4.4857674596e-07,6.6272743629e-07,8.6471926116e-07,1.0354112498e-06,1.2400605459e-06,1.4858402340e-06,1.7814484596e-06,2.1374430776e-06,2.5666536575e-06,3.0846843154e-06,3.7105275663e-06,4.4673137402e-06,5.3832258494e-06,6.4926163756e-06,7.8373703073e-06,9.4685678336e-06,1.1448502907e-05,1.3853022084e-05,1.6773059251e-05,2.0304380000e-05,2.4441705474e-05,2.8378569730e-05,2.7131782528e-05,1.1117547141e-06,1.0441818292e-03,1.5647340121e-03,1.7494205239e-03,1.7389751945e-03,1.6297806101e-03,1.4814138526e-03,1.3267913263e-03,1.1817620214e-03,1.0524472758e-03,9.4003781992e-04,8.4354725091e-04,7.6121966788e-04,6.9117115941e-04,6.3164415315e-04,5.8108600067e-04,5.3815608912e-04,5.0170787391e-04,4.7076456180e-04,4.4449522442e-04,4.2219340213e-04,4.0325820029e-04,3.8487704562e-04,3.6753604594e-04,3.5170983462e-04,3.3781145921e-04,3.2613936312e-04,3.1683212309e-04,3.0984359138e-04,3.0494915711e-04,3.0178674770e-04,2.9992504749e-04,2.9894049922e-04,2.9848011700e-04,2.9829307202e-04,2.9822829025e-04,2.9820954678e-04,2.9820511024e-04,2.9820426897e-04,2.9820414372e-04,2.9820412936e-04,2.9820412810e-04,2.9820412802e-04,2.9820412802e-04,2.9820412802e-04,2.9820412802e-04,2.9820412802e-04,2.9820412802e-04,2.9820412802e-04,2.9820412802e-04,2.9820412802e-04,2.9820412802e-04,2.9820412802e-04,2.9820412802e-04,2.9820412802e-04,2.9820412802e-04,2.9820412802e-04,2.9820412802e-04,2.9820412802e-04,2.9820412802e-04,2.9820412802e-04,2.9820412802e-04,2.9820412802e-04,2.9820412802e-04,2.9820412802e-04,2.9820412802e-04,2.9820412802e-04,2.9820412802e-04,2.9820412802e-04,2.9820412802e-04,2.9820412802e-04,2.9820412802e-04,2.9820412802e-04,2.9820412802e-04,2.9820412802e-04,2.9820412802e-04,2.9820412802e-04,2.9820412802e-04,2.9820412802e-04,2.9820412802e-04,2.9820412802e-04,2.9820412802e-04,2.9820412802e-04,2.9820412802e-04,2.9820412802e-04,2.9820412802e-04,2.9820412802e-04,2.9820412802e-04,2.9820412802e-04,2.9820412802e-04,2.9820412802e-04,2.9820412802e-04,2.9820412802e-04,2.9820412802e-04,2.9820412802e-04,2.9820412802e-04,2.9820412802e-04,2.9820412802e-04,2.9820412802e-04,2.9820412802e-04,2.9820412802e-04,2.9820412802e-04,2.9820412802e-04,2.9820412802e-04,2.9820412802e-04,2.9820412802e-04,2.9820412802e-04,2.9820412802e-04,2.9820412802e-04,2.9820412802e-04,2.9820412802e-04,2.9820412802e-04,2.9820412802e-04,2.9820412802e-04,2.9820412802e-04,2.9820412802e-04,2.9820412802e-04,2.9820412802e-04,2.9820412802e-04,2.9820412802e-04,2.9820412802e-04,2.9820412802e-04,2.9820412802e-04,2.9820412802e-04,2.9820412802e-04,2.9820412802e-04,2.9820412802e-04,2.9820412802e-04,2.9820412802e-04,2.9820412802e-04,2.9820412802e-04,2.9820412802e-04,2.9820412802e-04,2.9820412802e-04,2.9820412802e-04,2.9820412802e-04,2.9820412802e-04,2.9820412802e-04,2.9820412802e-04,2.9820412802e-04,2.9820412802e-04,2.9820412802e-04,2.9820412802e-04,2.9820412802e-04,2.9820412802e-04,2.9820412802e-04,2.9820412802e-04,2.9820412802e-04,2.9820412802e-04,2.9820412802e-04,2.9820412802e-04,2.9820412802e-04,2.9820412806e-04,2.9820412998e-04,2.9820420663e-04,2.9820635588e-04,2.9824877078e-04,2.9883748222e-04,3.0459523659e-04,3.4450792422e-04,5.4291829699e-04,1.2641406094e-03,3.2360209041e-03,7.4395482542e-03,1.4713837898e-02,2.5353928557e-02,3.9007404953e-02,5.4898683212e-02,7.2201083031e-02,9.0372474313e-02,1.0935357384e-01,1.2959874524e-01,1.5195493080e-01,1.7743832152e-01,2.0697944892e-01,2.4120675821e-01,2.8031631758e-01,3.2404242021e-01,3.7171462605e-01,4.2237006108e-01,4.7488664593e-01,5.2810929820e-01,5.8998409636e-01,6.6204551903e-01,7.4609997721e-01,8.4427604549e-01,9.5908181479e-01,1.0934694166e+00,1.2509007224e+00,1.4353944237e+00,1.6515006028e+00,1.9040726872e+00,2.1975545762e+00,2.5342376739e+00,2.9105724067e+00,3.3102664564e+00,3.6929028295e+00,3.9776619984e+00,4.0236482945e+00,3.6102689359e+00,2.4198537169e+00,2.1417919348e-01,2.4164183223e+00,4.2947532438e+00,5.8429594360e+00,7.0845424504e+00,8.0484769713e+00,8.7660488344e+00,9.2686459267e+00,9.5863267546e+00,9.7469803319e+00,9.7759089180e+00,9.6956962228e+00,9.5262566263e+00,9.2849902231e+00,8.9869921115e+00,8.6452822243e+00,8.2710348727e+00,7.8737960928e+00,7.4616827984e+00,7.0415615158e+00,6.6192067455e+00,6.1994430304e+00,5.5709650697e+00,4.6617978541e+00,3.4394171525e+00,2.0226471432e+00,7.9592156780e-01,1.6805363832e-01,1.6609207385e-02,1.2148261853e-03,5.7454731435e-04,5.6365182284e-04,5.6357546440e-04,5.6357524249e-04,5.6357524224e-04,5.6357524224e-04,5.6357524224e-04,5.6357524224e-04,5.6357524224e-04,5.6357524224e-04,5.6357524224e-04,5.6357524224e-04,5.6357524224e-04,5.6357524224e-04,5.6357524224e-04,5.6357524224e-04,5.6357524224e-04,5.6357524224e-04,5.6357524224e-04,5.6357524224e-04,5.6357524224e-04,5.6357524224e-04,5.6357524224e-04,5.6357524224e-04,5.6357524224e-04,5.6357524224e-04,5.6357524224e-04,5.6357524224e-04,5.6357524224e-04,5.6357524224e-04,5.6357524224e-04,5.6357524224e-04,5.6357524224e-04,5.6357524224e-04,5.6357524224e-04,5.6357524224e-04,5.6357524224e-04,5.6357524224e-04,5.6357524224e-04,5.6357524224e-04,5.6357524661e-04,5.6357584209e-04,5.6360848761e-04,5.6431683836e-04,5.7022121082e-04,5.8854725870e-04,6.0957701551e-04,6.1749341179e-04,6.1301414506e-04,6.0322172158e-04,5.9305439573e-04,5.8456359843e-04,5.7450990757e-04,5.6278843951e-04,5.4930247803e-04,5.3396555738e-04,5.1670338278e-04,4.9745558717e-04,4.7617723003e-04,4.5283996461e-04,4.2743277555e-04,3.9996220853e-04,3.7045199390e-04,3.3894198315e-04,3.0548630505e-04,2.7015065465e-04,2.3300863465e-04,1.9413704988e-04,1.5361006916e-04,1.1149214322e-04,6.7829562429e-05,2.2640496774e-05
3.3799354809e-08,2.6634426717e-06,3.5979142898e-06,3.7148882059e-06,3.2972866025e-06,2.7716088657e-06,2.2960493987e-06,1.8972527777e-06,1.5682867834e-06,1.2977195850e-06,1.0752499631e-06,8.9229227091e-07,7.4177799077e-07,6.1789866524e-07,5.1588330977e-07,4.3181406436e-07,3.6247438484e-07,3.0522404714e-07,2.5789624997e-07,2.1871287889e-07,1.8621472680e-07,1.5920401186e-07,1.3669741839e-07,1.1006384874e-07,8.1730767120e-08,5.5800666918e-08,3.6471642788e-08,2.5543043075e-08,2.1391886117e-08,2.0498400167e-08,2.0403368451e-08,2.0398707995e-08,2.0398605575e-08,2.0398604573e-08,2.0398604572e-08,2.0398604572e-08,2.0398604572e-08,2.0398604572e-08,2.0398604572e-08,2.0398604572e-08,2.0398604572e-08,2.0398604572e-08,2.0398604572e-08,2.0398604572e-08,2.0398604572e-08,2.0398604572e-08,2.0398604572e-08,2.0398604572e-08,2.0398604572e-08,2.0398604572e-08,2.0398604572e-08,2.0398604572e-08,2.0398604572e-08,2.0398604572e-08,2.0398604572e-08,2.0398604572e-08,2.0398604572e-08,2.0398604572e-08,2.0398604572e-08,2.0398604572e-08,2.0398604572e-08,2.0398604572e-08,2.0398604572e-08,2.0398604572e-08,2.0398604572e-08,2.0398604572e-08,2.0398604572e-08,2.0398604572e-08,2.0398604572e-08,2.0398604572e-08,2.0398604574e-08,2.0398609407e-08,2.0399123339e-08,2.0424199488e-08,2.0985087035e-08,2.6910941368e-08,5.8414265546e-08,1.5228044685e-07,3.3177880894e-07,5.8083360562e-07,8.5603849644e-07,1.1154663641e-06,1.3347257442e-06,1.5976941194e-06,1.9136824254e-06,2.2939941177e-06,2.7523621926e-06,3.3054864050e-06,3.9736881030e-06,4.7817085861e-06,5.7596825461e-06,6.9443249967e-06,8.3803784924e-06,1.0122377216e-05,1.2236792632e-05,1.4804595964e-05,1.7923885163e-05,2.1708996428e-05,2.6260348855e-05,3.1455480024e-05,3.5891052937e-05,3.2949691897e-05,1.5763491944e-06,1.1717954476e-03,1.8014883523e-03,2.0647139023e-03,2.0979599795e-03,2.0009375266e-03,1.8410339514e-03,1.6600463259e-03,1.4814275212e-03,1.3166740041e-03,1.1701905517e-03,1.0425789247e-03,9.3264190410e-04,8.3849210353e-04,7.5810772838e-04,6.8957962880e-04,6.3120127043e-04,5.8148598021e-04,5.3915424884e-04,5.0311101051e-04,4.7242137560e-04,4.4628752816e-04,4.2083583217e-04,3.9673284044e-04,3.7463679864e-04,3.5513005050e-04,3.3864606438e-04,3.2540515965e-04,3.1537616342e-04,3.0827932083e-04,3.0363689981e-04,3.0086313710e-04,2.9936983290e-04,2.9865629525e-04,2.9835867044e-04,2.9825222091e-04,2.9822018245e-04,2.9821222303e-04,2.9821062182e-04,2.9821036577e-04,2.9821033380e-04,2.9821033073e-04,2.9821033051e-04,2.9821033050e-04,2.9821033050e-04,2.9821033050e-04,2.9821033050e-04,2.9821033050e-04,2.9821033050e-04,2.9821033050e-04,2.9821033050e-04,2.9821033050e-04,2.9821033050e-04,2.9821033050e-04,2.9821033050e-04,2.9821033050e-04,2.9821033050e-04,2.9821033050e-04,2.9821033050e-04,2.9821033050e-04,2.9821033050e-04,2.9821033050e-04,2.9821033050e-04,2.9821033050e-04,2.9821033050e-04,2.9821033050e-04,2.9821033050e-04,2.9821033050e-04,2.9821033050e-04,2.9821033050e-04,2.9821033050e-04,2.9821033050e-04,2.9821033050e-04,2.9821033050e-04,2.9821033050e-04,2.9821033050e-04,2.9821033050e-04,2.9821033050e-04,2.9821033050e-04,2.9821033050e-04,2.9821033050e-04,2.9821033050e-04,2.9821033050e-04,2.9821033050e-04,2.9821033050e-04,2.9821033050e-04,2.9821033050e-04,2.9821033050e-04,2.9821033050e-04,2.9821033050e-04,2.9821033050e-04,2.9821033050e-04,2.9821033050e-04,2.9821033050e-04,2.9821033050e-04,2.9821033050e-04,2.9821033050e-04,2.9821033050e-04,2.9821033050e-04,2.9821033050e-04,2.9821033050e-04,2.9821033050e-04,2.9821033050e-04,2.9821033050e-04,2.9821033050e-04,2.9821033050e-04,2.9821033050e-04,2.9821033050e-04,2.9821033050e-04,2.9821033050e-04,2.9821033050e-04,2.9821033050e-04,2.9821033050e-04,2.9821033050e-04,2.9821033050e-04,2.9821033050e-04,2.9821033050e-04,2.9821033050e-04,2.9821033050e-04,2.9821033050e-04,2.9821033050e-04,2.9821033050e-04,2.9821033050e-04,2.9821033050e-04,2.9821033050e-04,2.9821033050e-04,2.9821033050e-04,2.9821033050e-04,2.9821033050e-04,2.9821033050e-04,2.9821033050e-04,2.9821033050e-04,2.9821033050e-04,2.9821033050e-04,2.9821033050e-04,2.9821033050e-04,2.9821033050e-04,2.9821033050e-04,2.9821033050e-04,2.9821033050e-04,2.9821033050e-04,2.9821033050e-04,2.9821033050e-04,2.9821033050e-04,2.9821033050e-04,2.9821033050e-04,2.9821033050e-04,2.9821033050e-04,2.9821033050e-04,2.9821033050e-04,2.9821033050e-04,2.9821033053e-04,2.9821033194e-04,2.9821039008e-04,2.9821207920e-04,2.9824658066e-04,2.9874153912e-04,3.0373532835e-04,3.3935165453e-04,5.2087545225e-04,1.1943807210e-03,3.0642392840e-03,7.0898042762e-03,1.4088509242e-02,2.4324515159e-02,3.7399476683e-02,5.2473314652e-02,6.8631056346e-02,8.5221780111e-02,1.0208730727e-01,1.1965458995e-01,1.3888445254e-01,1.6108834692e-01,1.8765666419e-01,2.1976948883e-01,2.5816348290e-01,3.0300444775e-01,3.5387798718e-01,4.0987797492e-01,4.6975455053e-01,5.3208109524e-01,5.9540806616e-01,6.6915687695e-01,7.5514663100e-01,8.5551154219e-01,9.7275514844e-01,1.1098069598e+00,1.2700740940e+00,1.4574655256e+00,1.6763377982e+00,1.9312560504e+00,2.2263699265e+00,2.5640636389e+00,2.9423707656e+00,3.3505150095e+00,3.7619800841e+00,4.1248791672e+00,4.3501063061e+00,4.2984067928e+00,3.7669694121e+00,2.4724533738e+00,2.4729722941e-01,2.1619506447e+00,3.8402234295e+00,5.2577732493e+00,6.4260310928e+00,7.3631828092e+00,8.0911324707e+00,8.6332452113e+00,9.0127862114e+00,9.2519232123e+00,9.3711535790e+00,9.3890324902e+00,9.3221026497e+00,9.1849503220e+00,8.9903338457e+00,8.7493478636e+00,8.4715993669e+00,8.1653808985e+00,7.8378326348e+00,7.4950893066e+00,7.1424106146e+00,6.7842979966e+00,6.2341990520e+00,5.4081265861e+00,4.2335309250e+00,2.7470673573e+00,1.2623059448e+00,3.2458590464e-01,3.8477127961e-02,2.4023786053e-03,5.9968136929e-04,5.6386290657e-04,5.6357617983e-04,5.6357524349e-04,5.6357524224e-04,5.6357524224e-04,5.6357524224e-04,5.6357524224e-04,5.6357524224e-04,5.6357524224e-04,5.6357524224e-04,5.6357524224e-04,5.6357524224e-04,5.6357524224e-04,5.6357524224e-04,5.6357524224e-04,5.6357524224e-04,5.6357524224e-04,5.6357524224e-04,5.6357524224e-04,5.6357524224e-04,5.6357524224e-04,5.6357524224e-04,5.6357524224e-04,5.6357524224e-04,5.6357524224e-04,5.6357524224e-04,5.6357524224e-04,5.6357524224e-04,5.6357524224e-04,5.6357524224e-04,5.6357524224e-04,5.6357524224e-04,5.6357524224e-04,5.6357524224e-04,5.6357524224e-04,5.6357524224e-04,5.6357524224e-04,5.6357524224e-04,5.6357524227e-04,5.6357525674e-04,5.6357694180e-04,5.6365358432e-04,5.6496632042e-04,5.7296485479e-04,5.8874597405e-04,5.9530729704e-04,5.8575875837e-04,5.6809693116e-04,5.4999780527e-04,5.3492103476e-04,5.2356179905e-04,5.1097598662e-04,4.9712132089e-04,4.8196208701e-04,4.6546984789e-04,4.4762396542e-04,4.2841195629e-04,4.0782966572e-04,3.8588120862e-04,3.6257864951e-04,3.3794138284e-04,3.1199516296e-04,2.8477075293e-04,2.5630212572e-04,2.2662417697e-04,1.9576987730e-04,1.6376679018e-04,1.3063287115e-04,9.6371440542e-05,6.0965193547e-05,2.4369098017e-05
4.2119998165e-08,2.7639661984e-06,3.4776464508e-06,3.6219349946e-06,3.2745502085e-06,2.7796138469e-06,2.3101604226e-06,1.9100012521e-06,1.5784253935e-06,1.3054479688e-06,1.0809780627e-06,8.9640671232e-07,7.4461251364e-07,6.1973683644e-07,5.1696458084e-07,4.3233927684e-07,3.6261048325e-07,3.0510814381e-07,2.5763919211e-07,2.1840244877e-07,1.8591854417e-07,1.5897220093e-07,1.3656506721e-07,1.1012068429e-07,8.2098586487e-08,5.6561918515e-08,3.7483006132e-08,2.6330535458e-08,2.1681272129e-08,2.0542835880e-08,2.0406169011e-08,2.0398781643e-08,2.0398606424e-08,2.0398604577e-08,2.0398604572e-08,2.0398604572e-08,2.0398604572e-08,2.0398604572e-08,2.0398604572e-08,2.0398604572e-08,2.0398604572e-08,2.0398604572e-08,2.0398604572e-08,2.0398604572e-08,2.0398604572e-08,2.0398604572e-08,2.0398604572e-08,2.0398604572e-08,2.0398604572e-08,2.0398604572e-08,2.0398604572e-08,2.0398604572e-08,2.0398604572e-08,2.0398604572e-08,2.0398604572e-08,2.0398604572e-08,2.0398604572e-08,2.0398604572e-08,2.0398604572e-08,2.0398604572e-08,2.0398604572e-08,2.0398604572e-08,2.0398604572e-08,2.0398604572e-08,2.0398604572e-08,2.0398604572e-08,2.0398604572e-08,2.0398604572e-08,2.0398604572e-08,2.0398604572e-08,2.0398604598e-08,2.0398613655e-08,2.0399535277e-08,2.0441816462e-08,2.1321783665e-08,2.9909157100e-08,7.2269025014e-08,1.9209845549e-07,4.1597253090e-07,7.2451677240e-07,1.0651294264e-06,1.3863772079e-06,1.6580740887e-06,1.9841546434e-06,2.3762870683e-06,2.8486451500e-06,3.4184568124e-06,4.1066777998e-06,4.9388121458e-06,5.9459116956e-06,7.1657938982e-06,8.6445256271e-06,1.0438230972e-05,1.2615291440e-05,1.5259002899e-05,1.8470612637e-05,2.2371518428e-05,2.7096013948e-05,3.2725854844e-05,3.8943097411e-05,4.3622454661e-05,3.8637098601e-05,2.1250776539e-06,1.2858908348e-03,2.0160010770e-03,2.3564986323e-03,2.4390781968e-03,2.3639958430e-03,2.2031227670e-03,2.0046361477e-03,1.7984317249e-03,1.6013541199e-03,1.4216253599e-03,1.2622104698e-03,1.1231464854e-03,1.0030223269e-03,8.9984480215e-04,8.1150322317e-04,7.3599342999e-04,6.7150879300e-04,6.1646350247e-04,5.6948464098e-04,5.2939193430e-04,4.9517358662e-04,4.6176628728e-04,4.3003861130e-04,4.0085556397e-04,3.7499170023e-04,3.5303584788e-04,3.3530522297e-04,3.2179126953e-04,3.1215780805e-04,3.0580134554e-04,3.0196461970e-04,2.9987410641e-04,2.9886094611e-04,2.9843120117e-04,2.9827441606e-04,2.9822610486e-04,2.9821376323e-04,2.9821119696e-04,2.9821077021e-04,2.9821071440e-04,2.9821070877e-04,2.9821070834e-04,2.9821070832e-04,2.9821070832e-04,2.9821070832e-04,2.9821070832e-04,2.9821070832e-04,2.9821070832e-04,2.9821070832e-04,2.9821070832e-04,2.9821070832e-04,2.9821070832e-04,2.9821070832e-04,2.9821070832e-04,2.9821070832e-04,2.9821070832e-04,2.9821070832e-04,2.9821070832e-04,2.9821070832e-04,2.9821070832e-04,2.9821070832e-04,2.9821070832e-04,2.9821070832e-04,2.9821070832e-04,2.9821070832e-04,2.9821070832e-04,2.9821070832e-04,2.9821070832e-04,2.9821070832e-04,2.9821070832e-04,2.9821070832e-04,2.9821070832e-04,2.9821070832e-04,2.9821070832e-04,2.9821070832e-04,2.9821070832e-04,2.9821070832e-04,2.9821070832e-04,2.9821070832e-04,2.9821070832e-04,2.9821070832e-04,2.9821070832e-04,2.9821070832e-04,2.9821070832e-04,2.9821070832e-04,2.9821070832e-04,2.9821070832e-04,2.9821070832e-04,2.9821070832e-04,2.9821070832e-04,2.9821070832e-04,2.9821070832e-04,2.9821070832e-04,2.9821070832e-04,2.9821070832e-04,2.9821070832e-04,2.9821070832e-04,2.9821070832e-04,2.9821070832e-04,2.9821070832e-04,2.9821070832e-04,2.9821070832e-04,2.9821070832e-04,2.9821070832e-04,2.9821070832e-04,2.9821070832e-04,2.9821070832e-04,2.9821070832e-04,2.9821070832e-04,2.9821070832e-04,2.9821070832e-04,2.9821070832e-04,2.9821070832e-04,2.9821070832e-04,2.9821070832e-04,2.9821070832e-04,2.9821070832e-04,2.9821070832e-04,2.9821070832e-04,2.9821070832e-04,2.9821070832e-04,2.9821070832e-04,2.9821070832e-04,2.9821070832e-04,2.9821070832e-04,2.9821070832e-04,2.9821070832e-04,2.9821070832e-04,2.9821070832e-04,2.9821070832e-04,2.9821070832e-04,2.9821070832e-04,2.9821070832e-04,2.9821070832e-04,2.9821070832e-04,2.9821070832e-04,2.9821070832e-04,2.9821070832e-04,2.9821070832e-04,2.9821070832e-04,2.9821070832e-04,2.9821070832e-04,2.9821070832e-04,2.9821070832e-04,2.9821070832e-04,2.9821070832e-04,2.9821070832e-04,2.9821070832e-04,2.9821070832e-04,2.9821070833e-04,2.9821070893e-04,2.9821073545e-04,2.9821157161e-04,2.9823009528e-04,2.9851804471e-04,3.0166048815e-04,3.2583028819e-04,4.5805430648e-04,9.8111258236e-04,2.5158733527e-03,5.9723802378e-03,1.2192464474e-02,2.1515348158e-02,3.3611192729e-02,4.7658287628e-02,6.2689939403e-02,7.7928747376e-02,9.3031230293e-02,1.0823228590e-01,1.2438179832e-01,1.4285469017e-01,1.6533242985e-01,1.9349615000e-01,2.2870796924e-01,2.7176204491e-01,3.2275905682e-01,3.8111515935e-01,4.4567961699e-01,5.1491594039e-01,5.8709993382e-01,6.6049859769e-01,7.4599948135e-01,8.4567754526e-01,9.6195329303e-01,1.0976409687e+00,1.2559858334e+00,1.4406703029e+00,1.6557455064e+00,1.9054078837e+00,2.1934841850e+00,2.5224138745e+00,2.8914393514e+00,3.2936656348e+00,3.7116860104e+00,4.1116398004e+00,4.4358621859e+00,4.5945328697e+00,4.4564839361e+00,3.8377674363e+00,2.4823983818e+00,2.7929899794e-01,1.9340002171e+00,3.4206650299e+00,4.7022736790e+00,5.7818547775e+00,6.6697410798e+00,7.3807941236e+00,7.9322246352e+00,8.3420043921e+00,8.6277902974e+00,8.8062544411e+00,8.8927149558e+00,8.9009769895e+00,8.8433120085e+00,8.7305219978e+00,8.5720507451e+00,8.3761166816e+00,8.1498508906e+00,7.8994303964e+00,7.6302013056e+00,7.3467893054e+00,7.0531992431e+00,6.5917755305e+00,5.8764769269e+00,4.8120939095e+00,3.3689582962e+00,1.7570013889e+00,5.4066910022e-01,7.7584785229e-02,5.0595360292e-03,6.6758192012e-04,5.6453188663e-04,5.6357878211e-04,5.6357524756e-04,5.6357524224e-04,5.6357524224e-04,5.6357524224e-04,5.6357524224e-04,5.6357524224e-04,5.6357524224e-04,5.6357524224e-04,5.6357524224e-04,5.6357524224e-04,5.6357524224e-04,5.6357524224e-04,5.6357524224e-04,5.6357524224e-04,5.6357524224e-04,5.6357524224e-04,5.6357524224e-04,5.6357524224e-04,5.6357524224e-04,5.6357524224e-04,5.6357524224e-04,5.6357524224e-04,5.6357524224e-04,5.6357524224e-04,5.6357524224e-04,5.6357524224e-04,5.6357524224e-04,5.6357524224e-04,5.6357524224e-04,5.6357524224e-04,5.6357524224e-04,5.6357524224e-04,5.6357524224e-04,5.6357524224e-04,5.6357524224e-04,5.6357524224e-04,5.6357524239e-04,5.6357528416e-04,5.6357938891e-04,5.6373146340e-04,5.6573981508e-04,5.7425569772e-04,5.8235822956e-04,5.7350509646e-04,5.5074788471e-04,5.2491817895e-04,5.0239855952e-04,4.8504202949e-04,4.7251303960e-04,4.5904218229e-04,4.4461483009e-04,4.2922067397e-04,4.1285393011e-04,3.9551337764e-04,3.7720227267e-04,3.5792813914e-04,3.3770240706e-04,3.1653987769e-04,2.9445798770e-04,2.7147584966e-04,2.4761302866e-04,2.2288801917e-04,1.9731637433e-04,1.7090843314e-04,1.4366657372e-04,1.1558191747e-04,8.6630376168e-05,5.6767925410e-05,2.5924947379e-05
5.2488799028e-08,2.8566894426e-06,3.3758680174e-06,3.5182506873e-06,3.2374775286e-06,2.7825947421e-06,2.3251800044e-06,1.9254851537e-06,1.5914438817e-06,1.3157702455e-06,1.0889579118e-06,9.0245247661e-07,7.4908783710e-07,6.2295172711e-07,5.1918112496e-07,4.3377837953e-07,3.6345769324e-07,3.0551853197e-07,2.5774143143e-07,2.1830227745e-07,1.8570173251e-07,1.5870713368e-07,1.3630501589e-07,1.0994237814e-07,8.2140218450e-08,5.6989331971e-08,3.8318530553e-08,2.7192751338e-08,2.2085718710e-08,2.0617986129e-08,2.0411620549e-08,2.0398940680e-08,2.0398608376e-08,2.0398604579e-08,2.0398604572e-08,2.0398604572e-08,2.0398604572e-08,2.0398604572e-08,2.0398604572e-08,2.0398604572e-08,2.0398604572e-08,2.0398604572e-08,2.0398604572e-08,2.0398604572e-08,2.0398604572e-08,2.0398604572e-08,2.0398604572e-08,2.0398604572e-08,2.0398604572e-08,2.0398604572e-08,2.0398604572e-08,2.0398604572e-08,2.0398604572e-08,2.0398604572e-08,2.0398604572e-08,2.0398604572e-08,2.0398604572e-08,2.0398604572e-08,2.0398604572e-08,2.0398604572e-08,2.0398604572e-08,2.0398604572e-08,2.0398604572e-08,2.0398604572e-08,2.0398604572e-08,2.0398604572e-08,2.0398604572e-08,2.0398604572e-08,2.0398604572e-08,2.0398604572e-08,2.0398604658e-08,2.0398623956e-08,2.0400463929e-08,2.0478062571e-08,2.1938705052e-08,3.4698635546e-08,9.1682863757e-08,2.4346825015e-07,5.2113837868e-07,9.0242489648e-07,1.3236859162e-06,1.7215571138e-06,2.0584485129e-06,2.4631627616e-06,2.9503447653e-06,3.5377897788e-06,4.2471316182e-06,5.1046872156e-06,6.1424845977e-06,7.3995144885e-06,8.9232544055e-06,1.0771524599e-05,1.3014746765e-05,1.5738681289e-05,1.9047659338e-05,2.3067834561e-05,2.7947007797e-05,3.3832404240e-05,4.0743089855e-05,4.8036301029e-05,5.2665278580e-05,4.5009564980e-05,2.8617222368e-06,1.4034892701e-03,2.2392748975e-03,2.6651760083e-03,2.8076196366e-03,2.7658261370e-03,2.6142150384e-03,2.4057983896e-03,2.1761677217e-03,1.9475753258e-03,1.7326739567e-03,1.5376372812e-03,1.3645579783e-03,1.2131578612e-03,1.0819242661e-03,9.6881410722e-04,8.7165848700e-04,7.8837480989e-04,7.1706352393e-04,6.5604047077e-04,6.0383612261e-04,5.5917879481e-04,5.1547427580e-04,4.7385219831e-04,4.3544610301e-04,4.0128223191e-04,3.7215575727e-04,3.4851672906e-04,3.3039455130e-04,3.1738850696e-04,3.0873897501e-04,3.0347022000e-04,3.0056878420e-04,2.9914517429e-04,2.9853264872e-04,2.9830546128e-04,2.9823411253e-04,2.9821548305e-04,2.9821151113e-04,2.9821083149e-04,2.9821073970e-04,2.9821073010e-04,2.9821072935e-04,2.9821072932e-04,2.9821072932e-04,2.9821072932e-04,2.9821072932e-04,2.9821072932e-04,2.9821072932e-04,2.9821072932e-04,2.9821072932e-04,2.9821072932e-04,2.9821072932e-04,2.9821072932e-04,2.9821072932e-04,2.9821072932e-04,2.9821072932e-04,2.9821072932e-04,2.9821072932e-04,2.9821072932e-04,2.9821072932e-04,2.9821072932e-04,2.9821072932e-04,2.9821072932e-04,2.9821072932e-04,2.9821072932e-04,2.9821072932e-04,2.9821072932e-04,2.9821072932e-04,2.9821072932e-04,2.9821072932e-04,2.9821072932e-04,2.9821072932e-04,2.9821072932e-04,2.9821072932e-04,2.9821072932e-04,2.9821072932e-04,2.9821072932e-04,2.9821072932e-04,2.9821072932e-04,2.9821072932e-04,2.9821072932e-04,2.9821072932e-04,2.9821072932e-04,2.9821072932e-04,2.9821072932e-04,2.9821072932e-04,2.9821072932e-04,2.9821072932e-04,2.9821072932e-04,2.9821072932e-04,2.9821072932e-04,2.9821072932e-04,2.9821072932e-04,2.9821072932e-04,2.9821072932e-04,2.9821072932e-04,2.9821072932e-04,2.9821072932e-04,2.9821072932e-04,2.9821072932e-04,2.9821072932e-04,2.9821072932e-04,2.9821072932e-04,2.9821072932e-04,2.9821072932e-04,2.9821072932e-04,2.9821072932e-04,2.9821072932e-04,2.9821072932e-04,2.9821072932e-04,2.9821072932e-04,2.9821072932e-04,2.9821072932e-04,2.9821072932e-04,2.9821072932e-04,2.9821072932e-04,2.9821072932e-04,2.9821072932e-04,2.9821072932e-04,2.9821072932e-04,2.9821072932e-04,2.9821072932e-04,2.9821072932e-04,2.9821072932e-04,2.9821072932e-04,2.9821072932e-04,2.9821072932e-04,2.9821072932e-04,2.9821072932e-04,2.9821072932e-04,2.9821072932e-04,2.9821072932e-04,2.9821072932e-04,2.9821072932e-04,2.9821072932e-04,2.9821072932e-04,2.9821072932e-04,2.9821072932e-04,2.9821072932e-04,2.9821072932e-04,2.9821072932e-04,2.9821072932e-04,2.9821072932e-04,2.9821072932e-04,2.9821072932e-04,2.9821072932e-04,2.9821072932e-04,2.9821072932e-04,2.9821072933e-04,2.9821072956e-04,2.9821074114e-04,2.9821113733e-04,2.9822066774e-04,2.9838142702e-04,3.0028246851e-04,3.1608619478e-04,4.0914617252e-04,8.0295957765e-04,2.0288253872e-03,4.9282387506e-03,1.0348582238e-02,1.8701125606e-02,2.9740111067e-02,4.2692704768e-02,5.6583605493e-02,7.0557217185e-02,8.4114185495e-02,9.7270095993e-02,1.1065220560e-01,1.2551311938e-01,1.4362009832e-01,1.6700578687e-01,1.9762318040e-01,2.3699291817e-01,2.8593576108e-01,3.4444916016e-01,4.1173696714e-01,4.8635971291e-01,5.6645211303e-01,6.4995447164e-01,7.3481798965e-01,8.3358634496e-01,9.4857633147e-01,1.0824559836e+00,1.2382661919e+00,1.4194059989e+00,1.6295469978e+00,1.8724170169e+00,2.1513615678e+00,2.4685550415e+00,2.8237015765e+00,3.2120542660e+00,3.6216114243e+00,4.0294333198e+00,4.3971453447e+00,4.6657726490e+00,4.7498985702e+00,4.5304086713e+00,3.8431762015e+00,2.4568447700e+00,3.1443000583e-01,1.7075950814e+00,2.9923671669e+00,4.1223501366e+00,5.0941778058e+00,5.9118187313e+00,6.5841848597e+00,7.1231347521e+00,7.5419402872e+00,7.8541922661e+00,8.0730754357e+00,8.2109303836e+00,8.2790244152e+00,8.2874660890e+00,8.2452126510e+00,8.1601331189e+00,8.0391009845e+00,7.8880991710e+00,7.7123262548e+00,7.5162974524e+00,7.3039369212e+00,7.0786620502e+00,6.7153669440e+00,6.1328884166e+00,5.2261177168e+00,3.9143951071e+00,2.2919770265e+00,8.4373192394e-01,1.4955151049e-01,1.1303173849e-02,8.6473373176e-04,5.6686577701e-04,5.6358944972e-04,5.6357526683e-04,5.6357524225e-04,5.6357524224e-04,5.6357524224e-04,5.6357524224e-04,5.6357524224e-04,5.6357524224e-04,5.6357524224e-04,5.6357524224e-04,5.6357524224e-04,5.6357524224e-04,5.6357524224e-04,5.6357524224e-04,5.6357524224e-04,5.6357524224e-04,5.6357524224e-04,5.6357524224e-04,5.6357524224e-04,5.6357524224e-04,5.6357524224e-04,5.6357524224e-04,5.6357524224e-04,5.6357524224e-04,5.6357524224e-04,5.6357524224e-04,5.6357524224e-04,5.6357524224e-04,5.6357524224e-04,5.6357524224e-04,5.6357524224e-04,5.6357524224e-04,5.6357524224e-04,5.6357524224e-04,5.6357524224e-04,5.6357524224e-04,5.6357524224e-04,5.6357524280e-04,5.6357536301e-04,5.6358496130e-04,5.6386154851e-04,5.6648518300e-04,5.7278757289e-04,5.6852113356e-04,5.4449885780e-04,5.1161580790e-04,4.8060137673e-04,4.5578487163e-04,4.3752156451e-04,4.2468664688e-04,4.1115231366e-04,3.9691712572e-04,3.8198212640e-04,3.6635085404e-04,3.5002920110e-04,3.3302518901e-04,3.1534866070e-04,2.9701086213e-04,2.7802390504e-04,2.5840009053e-04,2.3815106337e-04,2.1728677893e-04,1.9581423780e-04,1.7373595922e-04,1.5104812922e-04,1.2773837603e-04,1.0378308945e-04,7.9144195964e-05,5.3765278575e-05,2.7566905685e-05
6.5409919034e-08,2.9378757288e-06,3.2938454058e-06,3.4104921978e-06,3.1856817765e-06,2.7776448562e-06,2.3396423462e-06,1.9436526152e-06,1.6078447002e-06,1.3292788946e-06,1.0997313020e-06,9.1090217851e-07,7.5561941471e-07,6.2791695763e-07,5.2287735697e-07,4.3645570686e-07,3.6532618576e-07,3.0675439853e-07,2.5849212865e-07,2.1869073553e-07,1.8582987918e-07,1.5865883794e-07,1.3614857739e-07,1.0972654141e-07,8.1992215058e-08,5.7118280508e-08,3.8894729949e-08,2.8031388032e-08,2.2610249186e-08,2.0741350244e-08,2.0422359683e-08,2.0399300980e-08,2.0398613214e-08,2.0398604614e-08,2.0398604572e-08,2.0398604572e-08,2.0398604572e-08,2.0398604572e-08,2.0398604572e-08,2.0398604572e-08,2.0398604572e-08,2.0398604572e-08,2.0398604572e-08,2.0398604572e-08,2.0398604572e-08,2.0398604572e-08,2.0398604572e-08,2.0398604572e-08,2.0398604572e-08,2.0398604572e-08,2.0398604572e-08,2.0398604572e-08,2.0398604572e-08,2.0398604572e-08,2.0398604572e-08,2.0398604572e-08,2.0398604572e-08,2.0398604572e-08,2.0398604572e-08,2.0398604572e-08,2.0398604572e-08,2.0398604572e-08,2.0398604572e-08,2.0398604572e-08,2.0398604572e-08,2.0398604572e-08,2.0398604572e-08,2.0398604572e-08,2.0398604572e-08,2.0398604572e-08,2.0398604809e-08,2.0398651837e-08,2.0402747017e-08,2.0557174501e-08,2.3100964743e-08,4.2331428791e-08,1.1836050345e-07,3.0860906611e-07,6.5127328775e-07,1.1218251107e-06,1.6430228206e-06,2.1363392476e-06,2.5546691789e-06,3.0577925831e-06,3.6641146414e-06,4.3960019522e-06,5.2806461149e-06,6.3511229075e-06,7.6476809624e-06,9.2193101144e-06,1.1125650308e-05,1.3439314115e-05,1.6248704457e-05,1.9661380729e-05,2.3807771343e-05,2.8843596527e-05,3.4942595272e-05,4.2243865400e-05,5.0627381744e-05,5.8961368022e-05,6.3112862783e-05,5.2109924456e-05,3.8477857660e-06,1.5236522694e-03,2.4691951603e-03,2.9873745536e-03,3.1992960687e-03,3.2020867684e-03,3.0710956427e-03,2.8625551467e-03,2.6165899425e-03,2.3603495518e-03,2.1110188525e-03,1.8785043572e-03,1.6676730731e-03,1.4801038378e-03,1.3153775480e-03,1.1719738564e-03,1.0478586259e-03,9.4084496966e-04,8.4879874845e-04,7.6974346359e-04,7.0190391504e-04,6.4371390760e-04,5.8661043747e-04,5.3206617775e-04,4.8156895721e-04,4.3647939861e-04,3.9787077188e-04,3.6637839082e-04,3.4209523064e-04,3.2455037375e-04,3.1279180961e-04,3.0556517721e-04,3.0154464914e-04,2.9954870036e-04,2.9867836142e-04,2.9835061208e-04,2.9824590156e-04,2.9821802987e-04,2.9821195850e-04,2.9821089461e-04,2.9821074712e-04,2.9821073128e-04,2.9821073002e-04,2.9821072998e-04,2.9821072999e-04,2.9821072999e-04,2.9821072999e-04,2.9821072999e-04,2.9821072999e-04,2.9821072999e-04,2.9821072999e-04,2.9821072999e-04,2.9821072999e-04,2.9821072999e-04,2.9821072999e-04,2.9821072999e-04,2.9821072999e-04,2.9821072999e-04,2.9821072999e-04,2.9821072999e-04,2.9821072999e-04,2.9821072999e-04,2.9821072999e-04,2.9821072999e-04,2.9821072999e-04,2.9821072999e-04,2.9821072999e-04,2.9821072999e-04,2.9821072999e-04,2.9821072999e-04,2.9821072999e-04,2.9821072999e-04,2.9821072999e-04,2.9821072999e-04,2.9821072999e-04,2.9821072999e-04,2.9821072999e-04,2.9821072999e-04,2.9821072999e-04,2.9821072999e-04,2.9821072999e-04,2.9821072999e-04,2.9821072999e-04,2.9821072999e-04,2.9821072999e-04,2.9821072999e-04,2.9821072999e-04,2.9821072999e-04,2.9821072999e-04,2.9821072999e-04,2.9821072999e-04,2.9821072999e-04,2.9821072999e-04,2.9821072999e-04,2.9821072999e-04,2.9821072999e-04,2.9821072999e-04,2.9821072999e-04,2.9821072999e-04,2.9821072999e-04,2.9821072999e-04,2.9821072999e-04,2.9821072999e-04,2.9821072999e-04,2.9821072999e-04,2.9821072999e-04,2.9821072999e-04,2.9821072999e-04,2.9821072999e-04,2.9821072999e-04,2.9821072999e-04,2.9821072999e-04,2.9821072999e-04,2.9821072999e-04,2.9821072999e-04,2.9821072999e-04,2.9821072999e-04,2.9821072999e-04,2.9821072999e-04,2.9821072999e-04,2.9821072999e-04,2.9821072999e-04,2.9821072999e-04,2.9821072999e-04,2.9821072999e-04,2.9821072999e-04,2.9821072999e-04,2.9821072999e-04,2.9821072999e-04,2.9821072999e-04,2.9821072999e-04,2.9821072999e-04,2.9821072999e-04,2.9821072999e-04,2.9821072999e-04,2.9821072999e-04,2.9821072999e-04,2.9821072999e-04,2.9821072999e-04,2.9821072999e-04,2.9821072999e-04,2.9821072999e-04,2.9821072999e-04,2.9821072999e-04,2.9821072999e-04,2.9821072999e-04,2.9821072999e-04,2.9821072999e-04,2.9821073000e-04,2.9821073009e-04,2.9821073493e-04,2.9821091494e-04,2.9821562145e-04,2.9830187415e-04,2.9940881989e-04,3.0937465180e-04,3.7269827050e-04,6.6024489724e-04,1.6131667378e-03,3.9890391622e-03,8.6198488764e-03,1.5979305244e-02,2.5913046640e-02,3.7717608472e-02,5.0441709815e-02,6.3198633561e-02,7.5387369593e-02,8.6836030822e-02,9.7913637122e-02,1.0961676924e-01,1.2358194322e-01,1.4195929813e-01,1.6712713525e-01,2.0130000240e-01,2.4613531135e-01,3.0244511114e-01,3.7007687883e-01,4.4796853320e-01,5.3433612011e-01,6.2693135720e-01,7.2330909091e-01,8.2106161736e-01,9.3455884500e-01,1.0662863141e+00,1.2190302333e+00,1.3958432608e+00,1.5999429162e+00,1.8345019247e+00,2.1022719000e+00,2.4049663954e+00,2.7423198727e+00,3.1107426436e+00,3.5015149015e+00,3.8985063915e+00,4.2754582998e+00,4.5928800378e+00,4.7945124891e+00,4.8029413039e+00,4.5130424237e+00,3.7799868930e+00,2.3943560994e+00,3.5230647316e-01,1.4932418553e+00,2.5748527265e+00,3.5450635826e+00,4.3961696151e+00,5.1273681676e+00,5.7428316164e+00,6.2499778113e+00,6.6580658095e+00,6.9771423144e+00,7.2173063243e+00,7.3882343467e+00,7.4989038124e+00,7.5574583339e+00,7.5711687713e+00,7.5464549938e+00,7.4889429530e+00,7.4035395616e+00,7.2945138660e+00,7.1655773434e+00,7.0199591886e+00,6.8604763996e+00,6.5948438132e+00,6.1520135037e+00,5.4288583062e+00,4.3144384576e+00,2.8000585187e+00,1.2226463307e+00,2.7044214382e-01,2.5073536400e-02,1.4173752449e-03,5.7494907450e-04,5.6363407467e-04,5.6357536241e-04,5.6357524233e-04,5.6357524224e-04,5.6357524224e-04,5.6357524224e-04,5.6357524224e-04,5.6357524224e-04,5.6357524224e-04,5.6357524224e-04,5.6357524224e-04,5.6357524224e-04,5.6357524224e-04,5.6357524224e-04,5.6357524224e-04,5.6357524224e-04,5.6357524224e-04,5.6357524224e-04,5.6357524224e-04,5.6357524224e-04,5.6357524224e-04,5.6357524224e-04,5.6357524224e-04,5.6357524224e-04,5.6357524224e-04,5.6357524224e-04,5.6357524224e-04,5.6357524224e-04,5.6357524224e-04,5.6357524224e-04,5.6357524224e-04,5.6357524224e-04,5.6357524224e-04,5.6357524224e-04,5.6357524224e-04,5.6357524224e-04,5.6357524224e-04,5.6357524418e-04,5.6357557576e-04,5.6359623138e-04,5.6403238913e-04,5.6660726690e-04,5.6671030830e-04,5.4741666148e-04,5.1060701802e-04,4.7099977349e-04,4.3735320350e-04,4.1185131626e-04,3.9364969176e-04,3.8108891386e-04,3.6802012370e-04,3.5444714111e-04,3.4037503389e-04,3.2581005816e-04,3.1075948016e-04,2.9523132827e-04,2.7923408610e-04,2.6277630638e-04,2.4586613177e-04,2.2851071057e-04,2.1071547866e-04,1.9248329594e-04,1.7381339162e-04,1.5470009629e-04,1.3513130804e-04,1.1508663866e-04,9.4535177771e-05,7.3432793223e-05,5.1718859964e-05,2.9312311711e-05
7.8576064736e-08,2.9943074532e-06,3.2391577414e-06,3.3223621513e-06,3.1325211559e-06,2.7654746951e-06,2.3495145485e-06,1.9602711722e-06,1.6242447846e-06,1.3433552796e-06,1.1112450432e-06,9.2013657285e-07,7.6293918022e-07,6.3365622077e-07,5.2732134908e-07,4.3984403284e-07,3.6785949319e-07,3.0860062802e-07,2.5979179438e-07,2.1956129153e-07,1.8636931654e-07,1.5894866295e-07,1.3625627384e-07,1.0966606008e-07,8.1848716193e-08,5.7072830737e-08,3.9167105481e-08,2.8637366136e-08,2.3121248050e-08,2.0895648217e-08,2.0438755895e-08,2.0399945150e-08,2.0398623094e-08,2.0398604667e-08,2.0398604572e-08,2.0398604572e-08,2.0398604572e-08,2.0398604572e-08,2.0398604572e-08,2.0398604572e-08,2.0398604572e-08,2.0398604572e-08,2.0398604572e-08,2.0398604572e-08,2.0398604572e-08,2.0398604572e-08,2.0398604572e-08,2.0398604572e-08,2.0398604572e-08,2.0398604572e-08,2.0398604572e-08,2.0398604572e-08,2.0398604572e-08,2.0398604572e-08,2.0398604572e-08,2.0398604572e-08,2.0398604572e-08,2.0398604572e-08,2.0398604572e-08,2.0398604572e-08,2.0398604572e-08,2.0398604572e-08,2.0398604572e-08,2.0398604572e-08,2.0398604572e-08,2.0398604572e-08,2.0398604572e-08,2.0398604572e-08,2.0398604572e-08,2.0398604572e-08,2.0398605157e-08,2.0398713650e-08,2.0407284979e-08,2.0694886964e-08,2.4827725341e-08,5.1875906796e-08,1.4735080212e-07,3.7500303579e-07,7.8217389128e-07,1.3429129279e-06,1.9659715716e-06,2.5569805523e-06,3.0588442977e-06,3.6630446426e-06,4.3918696580e-06,5.2724038539e-06,6.3375722118e-06,7.6274202084e-06,9.1906707606e-06,1.1086618450e-05,1.3387433685e-05,1.6180960528e-05,1.9574083433e-05,2.3696613764e-05,2.8704959128e-05,3.4781749073e-05,4.2115612734e-05,5.0805786049e-05,6.0530550575e-05,6.9614149087e-05,7.2947148589e-05,5.8622011845e-05,4.9172521380e-06,1.6249946376e-03,2.6641857476e-03,3.2634737842e-03,3.5397050283e-03,3.5877864457e-03,3.4828953678e-03,3.2828258815e-03,3.0304762570e-03,2.7563945819e-03,2.4812580153e-03,2.2181607918e-03,1.9746149918e-03,1.7542108425e-03,1.5579263574e-03,1.3851104391e-03,1.2341852564e-03,1.1031230258e-03,9.8975199366e-04,8.9194000437e-04,8.0769482944e-04,7.3520945275e-04,6.6386993607e-04,5.9552347731e-04,5.3204726376e-04,4.7517155593e-04,4.2628060617e-04,3.8622343397e-04,3.5517822888e-04,3.3261602105e-04,3.1739300297e-04,3.0796509363e-04,3.0267381082e-04,3.0002080630e-04,2.9885091925e-04,2.9840479233e-04,2.9826025131e-04,2.9822117714e-04,2.9821251976e-04,2.9821097445e-04,2.9821075591e-04,2.9821073193e-04,2.9821073002e-04,2.9821072996e-04,2.9821072999e-04,2.9821073000e-04,2.9821073001e-04,2.9821073001e-04,2.9821073001e-04,2.9821073001e-04,2.9821073001e-04,2.9821073001e-04,2.9821073001e-04,2.9821073001e-04,2.9821073001e-04,2.9821073001e-04,2.9821073001e-04,2.9821073001e-04,2.9821073001e-04,2.9821073001e-04,2.9821073001e-04,2.9821073001e-04,2.9821073001e-04,2.9821073001e-04,2.9821073001e-04,2.9821073001e-04,2.9821073001e-04,2.9821073001e-04,2.9821073001e-04,2.9821073001e-04,2.9821073001e-04,2.9821073001e-04,2.9821073001e-04,2.9821073001e-04,2.9821073001e-04,2.9821073001e-04,2.9821073001e-04,2.9821073001e-04,2.9821073001e-04,2.9821073001e-04,2.9821073001e-04,2.9821073001e-04,2.9821073001e-04,2.9821073001e-04,2.9821073001e-04,2.9821073001e-04,2.9821073001e-04,2.9821073001e-04,2.9821073001e-04,2.9821073001e-04,2.9821073001e-04,2.9821073001e-04,2.9821073001e-04,2.9821073001e-04,2.9821073001e-04,2.9821073001e-04,2.9821073001e-04,2.9821073001e-04,2.9821073001e-04,2.9821073001e-04,2.9821073001e-04,2.9821073001e-04,2.9821073001e-04,2.9821073001e-04,2.9821073001e-04,2.9821073001e-04,2.9821073001e-04,2.9821073001e-04,2.9821073001e-04,2.9821073001e-04,2.9821073001e-04,2.9821073001e-04,2.9821073001e-04,2.9821073001e-04,2.9821073001e-04,2.9821073001e-04,2.9821073001e-04,2.9821073001e-04,2.9821073001e-04,2.9821073001e-04,2.9821073001e-04,2.9821073001e-04,2.9821073001e-04,2.9821073001e-04,2.9821073001e-04,2.9821073001e-04,2.9821073001e-04,2.9821073001e-04,2.9821073001e-04,2.9821073001e-04,2.9821073001e-04,2.9821073001e-04,2.9821073001e-04,2.9821073001e-04,2.9821073001e-04,2.9821073001e-04,2.9821073001e-04,2.9821073001e-04,2.9821073001e-04,2.9821073001e-04,2.9821073001e-04,2.9821073001e-04,2.9821073001e-04,2.9821073001e-04,2.9821073001e-04,2.9821073001e-04,2.9821073001e-04,2.9821073001e-04,2.9821073003e-04,2.9821073121e-04,2.9821078134e-04,2.9821227278e-04,2.9824337781e-04,2.9869740913e-04,3.0333796374e-04,3.3668552418e-04,5.0682130660e-04,1.1340102355e-03,2.8502814928e-03,6.4639450999e-03,1.2566445711e-02,2.1186418982e-02,3.1765976981e-02,4.3414467493e-02,5.5223680015e-02,6.6498336779e-02,7.6889709999e-02,8.6491512370e-02,9.5945429593e-02,1.0654062121e-01,1.2023180319e-01,1.3949544584e-01,1.6700420902e-01,2.0518634578e-01,2.5579298835e-01,3.1959241680e-01,3.9625785356e-01,4.8444821548e-01,5.8203102161e-01,6.8637706883e-01,7.9466286681e-01,9.0413544660e-01,1.0307689597e+00,1.1770595074e+00,1.3456969054e+00,1.5394673579e+00,1.7610703743e+00,2.0128150215e+00,2.2961521885e+00,2.6109975781e+00,2.9548056542e+00,3.3213699236e+00,3.6993484916e+00,4.0705376037e+00,4.4079196432e+00,4.6734567906e+00,4.8154183374e+00,4.7645957884e+00,4.4278376783e+00,3.6754051768e+00,2.3144366737e+00,3.8556926575e-01,1.3308127913e+00,2.2488214423e+00,3.0856357039e+00,3.8314130734e+00,4.4825785067e+00,5.0403061876e+00,5.5090531699e+00,5.8953061714e+00,6.2066011010e+00,6.4508109872e+00,6.6356652722e+00,6.7684519813e+00,6.8558551482e+00,6.9038866075e+00,6.9178798436e+00,6.9025218622e+00,6.8619060681e+00,6.7995946518e+00,6.7186830852e+00,6.6218622500e+00,6.5114774637e+00,6.3206225158e+00,5.9890944606e+00,5.4225232071e+00,4.5007094603e+00,3.1509993539e+00,1.5691086682e+00,4.1804202549e-01,4.7045345224e-02,2.5336067194e-03,5.9506213481e-04,5.6376797144e-04,5.6357570245e-04,5.6357524267e-04,5.6357524224e-04,5.6357524224e-04,5.6357524224e-04,5.6357524224e-04,5.6357524224e-04,5.6357524224e-04,5.6357524224e-04,5.6357524224e-04,5.6357524224e-04,5.6357524224e-04,5.6357524224e-04,5.6357524224e-04,5.6357524224e-04,5.6357524224e-04,5.6357524224e-04,5.6357524224e-04,5.6357524224e-04,5.6357524224e-04,5.6357524224e-04,5.6357524224e-04,5.6357524224e-04,5.6357524224e-04,5.6357524224e-04,5.6357524224e-04,5.6357524224e-04,5.6357524224e-04,5.6357524224e-04,5.6357524224e-04,5.6357524224e-04,5.6357524224e-04,5.6357524224e-04,5.6357524224e-04,5.6357524224e-04,5.6357524225e-04,5.6357524747e-04,5.6357597232e-04,5.6361126595e-04,5.6414128317e-04,5.6549045255e-04,5.5714478382e-04,5.2522702776e-04,4.8034770629e-04,4.3750449724e-04,4.0318006113e-04,3.7797901015e-04,3.6031964799e-04,3.4826709437e-04,3.3582970347e-04,3.2301257450e-04,3.0982139668e-04,2.9626238500e-04,2.8234209738e-04,2.6806720692e-04,2.5344422143e-04,2.3847913477e-04,2.2317700779e-04,2.0754145590e-04,1.9157402702e-04,1.7527345054e-04,1.5863472578e-04,1.4164802297e-04,1.2429734989e-04,1.0655894133e-04,8.8399306205e-05,6.9772865402e-05,5.0619082697e-05,3.0858987512e-05
9.4392247644e-08,3.0388630515e-06,3.1942658705e-06,3.2390324660e-06,3.0726295804e-06,2.7450322413e-06,2.3556063060e-06,1.9772431352e-06,1.6429833369e-06,1.3602628600e-06,1.1254431605e-06,9.3172813706e-07,7.7227995239e-07,6.4111763891e-07,5.3323123376e-07,4.4447955719e-07,3.7145248593e-07,3.1134456664e-07,2.6184812213e-07,2.2106471843e-07,1.8743220739e-07,1.5966465100e-07,1.3670324343e-07,1.0983241264e-07,8.1796238445e-08,5.6974746486e-08,3.9282750142e-08,2.9114759204e-08,2.3665005315e-08,2.1107749878e-08,2.0466611969e-08,2.0401247477e-08,2.0398646138e-08,2.0398604843e-08,2.0398604572e-08,2.0398604572e-08,2.0398604572e-08,2.0398604572e-08,2.0398604572e-08,2.0398604572e-08,2.0398604572e-08,2.0398604572e-08,2.0398604572e-08,2.0398604572e-08,2.0398604572e-08,2.0398604572e-08,2.0398604572e-08,2.0398604572e-08,2.0398604572e-08,2.0398604572e-08,2.0398604572e-08,2.0398604572e-08,2.0398604572e-08,2.0398604572e-08,2.0398604572e-08,2.0398604572e-08,2.0398604572e-08,2.0398604572e-08,2.0398604572e-08,2.0398604572e-08,2.0398604572e-08,2.0398604572e-08,2.0398604572e-08,2.0398604572e-08,2.0398604572e-08,2.0398604572e-08,2.0398604572e-08,2.0398604572e-08,2.0398604572e-08,2.0398604573e-08,2.0398606162e-08,2.0398874192e-08,2.0417687445e-08,2.0967522406e-08,2.7718775642e-08,6.5330008094e-08,1.8338175483e-07,4.5380012754e-07,9.3702839839e-07,1.6059245410e-06,2.3520126833e-06,3.0613837458e-06,3.6646058290e-06,4.3915617698e-06,5.2692678822e-06,6.3305517141e-06,7.6153153137e-06,9.1720835674e-06,1.1059886994e-05,1.3350551182e-05,1.6131477170e-05,1.9508997280e-05,2.3612322730e-05,2.8597722208e-05,3.4650966357e-05,4.1980177904e-05,5.0772432581e-05,6.1037018656e-05,7.2151865306e-05,8.1783707320e-05,8.3846395275e-05,6.5718146988e-05,6.2741044074e-06,1.7267460719e-03,2.8607177288e-03,3.5439695919e-03,3.8893708763e-03,3.9894067684e-03,3.9184739980e-03,3.7350814935e-03,3.4840187236e-03,3.1984907112e-03,2.9021777888e-03,2.6111607010e-03,2.3356539058e-03,2.0815054184e-03,1.8514431603e-03,1.6460694068e-03,1.4646224618e-03,1.3055361920e-03,1.1668333990e-03,1.0463892702e-03,9.4209790086e-04,8.5196801096e-04,7.6290228030e-04,6.7723280255e-04,5.9735025879e-04,5.2547833449e-04,4.6342160808e-04,4.1232620370e-04,3.7250466080e-04,3.4337978401e-04,3.2358605592e-04,3.1122610080e-04,3.0422428853e-04,3.0067657255e-04,2.9909363418e-04,2.9848204305e-04,2.9828101180e-04,2.9822580168e-04,2.9821335812e-04,2.9821109578e-04,2.9821076950e-04,2.9821073295e-04,2.9821072998e-04,2.9821072991e-04,2.9821072997e-04,2.9821073000e-04,2.9821073000e-04,2.9821073001e-04,2.9821073001e-04,2.9821073001e-04,2.9821073001e-04,2.9821073001e-04,2.9821073001e-04,2.9821073001e-04,2.9821073001e-04,2.9821073001e-04,2.9821073001e-04,2.9821073001e-04,2.9821073001e-04,2.9821073001e-04,2.9821073001e-04,2.9821073001e-04,2.9821073001e-04,2.9821073001e-04,2.9821073001e-04,2.9821073001e-04,2.9821073001e-04,2.9821073001e-04,2.9821073001e-04,2.9821073001e-04,2.9821073001e-04,2.9821073001e-04,2.9821073001e-04,2.9821073001e-04,2.9821073001e-04,2.9821073001e-04,2.9821073001e-04,2.9821073001e-04,2.9821073001e-04,2.9821073001e-04,2.9821073001e-04,2.9821073001e-04,2.9821073001e-04,2.9821073001e-04,2.9821073001e-04,2.9821073001e-04,2.9821073001e-04,2.9821073001e-04,2.9821073001e-04,2.9821073001e-04,2.9821073001e-04,2.9821073001e-04,2.9821073001e-04,2.9821073001e-04,2.9821073001e-04,2.9821073001e-04,2.9821073001e-04,2.9821073001e-04,2.9821073001e-04,2.9821073001e-04,2.9821073001e-04,2.9821073001e-04,2.9821073001e-04,2.9821073001e-04,2.9821073001e-04,2.9821073001e-04,2.9821073001e-04,2.9821073001e-04,2.9821073001e-04,2.9821073001e-04,2.9821073001e-04,2.9821073001e-04,2.9821073001e-04,2.9821073001e-04,2.9821073001e-04,2.9821073001e-04,2.9821073001e-04,2.9821073001e-04,2.9821073001e-04,2.9821073001e-04,2.9821073001e-04,2.9821073001e-04,2.9821073001e-04,2.9821073001e-04,2.9821073001e-04,2.9821073001e-04,2.9821073001e-04,2.9821073001e-04,2.9821073001e-04,2.9821073001e-04,2.9821073001e-04,2.9821073001e-04,2.9821073001e-04,2.9821073001e-04,2.9821073001e-04,2.9821073001e-04,2.9821073001e-04,2.9821073001e-04,2.9821073001e-04,2.9821073001e-04,2.9821073001e-04,2.9821073001e-04,2.9821073001e-04,2.9821073001e-04,2.9821073001e-04,2.9821073001e-04,2.9821073001e-04,2.9821073001e-04,2.9821073028e-04,2.9821074343e-04,2.9821118846e-04,2.9822175787e-04,2.9839741242e-04,3.0043896584e-04,3.1707320358e-04,4.1277845839e-04,8.0721541071e-04,1.9992104966e-03,4.7288450212e-03,9.6593083588e-03,1.6989503780e-02,2.6325445169e-02,3.6866995949e-02,4.7717338792e-02,5.8130733158e-02,6.7647105202e-02,7.6163042214e-02,8.4012939475e-02,9.2092800581e-02,1.0198375348e-01,1.1597420548e-01,1.3688804830e-01,1.6770554453e-01,2.1106338795e-01,2.6877802958e-01,3.4152358981e-01,4.2873073712e-01,5.2869768265e-01,6.3885387807e-01,7.5610108556e-01,8.7716379563e-01,9.9889692822e-01,1.1388741602e+00,1.2994096416e+00,1.4828453469e+00,1.6913934765e+00,1.9268905563e+00,2.1904414437e+00,2.4819303436e+00,2.7993812608e+00,3.1381601683e+00,3.4900240662e+00,3.8420331908e+00,4.1753415910e+00,4.4638494480e+00,4.6726056875e+00,4.7556349350e+00,4.6524204429e+00,4.2813741342e+00,3.5267245618e+00,2.2109632196e+00,4.1995531738e-01,1.1878803040e+00,1.9526959740e+00,2.6609156426e+00,3.3017203495e+00,3.8697644157e+00,4.3640520716e+00,4.7867471077e+00,5.1420947804e+00,5.4355406574e+00,5.6730657665e+00,5.8607199209e+00,6.0043183900e+00,6.1092634814e+00,6.1804559638e+00,6.2222675001e+00,6.2385519939e+00,6.2326798041e+00,6.2075837109e+00,6.1658092818e+00,6.1095650314e+00,6.0407712598e+00,5.9146788296e+00,5.6827330656e+00,5.2635137869e+00,4.5398255895e+00,3.3991156071e+00,1.9070336847e+00,6.0972465519e-01,8.4277712743e-02,4.9293539590e-03,6.4837755186e-04,5.6419793085e-04,5.6357700545e-04,5.6357524419e-04,5.6357524224e-04,5.6357524224e-04,5.6357524224e-04,5.6357524224e-04,5.6357524224e-04,5.6357524224e-04,5.6357524224e-04,5.6357524224e-04,5.6357524224e-04,5.6357524224e-04,5.6357524224e-04,5.6357524224e-04,5.6357524224e-04,5.6357524224e-04,5.6357524224e-04,5.6357524224e-04,5.6357524224e-04,5.6357524224e-04,5.6357524224e-04,5.6357524224e-04,5.6357524224e-04,5.6357524224e-04,5.6357524224e-04,5.6357524224e-04,5.6357524224e-04,5.6357524224e-04,5.6357524224e-04,5.6357524224e-04,5.6357524224e-04,5.6357524224e-04,5.6357524224e-04,5.6357524224e-04,5.6357524224e-04,5.6357524227e-04,5.6357525549e-04,5.6357669947e-04,5.6362838679e-04,5.6406994576e-04,5.6242865783e-04,5.4322236379e-04,5.0000743855e-04,4.4953193264e-04,4.0522932546e-04,3.7123643243e-04,3.4687022434e-04,3.3003345338e-04,3.1863940496e-04,3.0695580915e-04,2.9498768703e-04,2.8274023799e-04,2.7021877978e-04,2.5742858320e-04,2.4437466392e-04,2.3106153442e-04,2.1749289814e-04,2.0367128040e-04,1.8959758232e-04,1.7527053611e-04,1.6068605039e-04,1.4583641574e-04,1.3070933884e-04,1.1528677692e-04,9.9543520778e-05,8.3445476084e-05,6.6947576747e-05,4.9991249405e-05,3.2501330678e-05
1.1762805838e-07,3.0750093175e-06,3.1488210615e-06,3.1477780712e-06,2.9959531270e-06,2.7098744818e-06,2.3557664191e-06,1.9961567849e-06,1.6677983554e-06,1.3843951506e-06,1.1465065730e-06,9.4930936652e-07,7.8667275858e-07,6.5278615726e-07,5.4262788444e-07,4.5199837468e-07,3.7742534163e-07,3.1604827953e-07,2.6551304891e-07,2.2388249010e-07,1.8956224429e-07,1.6123956143e-07,1.3783327458e-07,1.1047017223e-07,8.1985158512e-08,5.6906114444e-08,3.9292074545e-08,2.9504335587e-08,2.4300982833e-08,2.1444550601e-08,2.0524123839e-08,2.0404606678e-08,2.0398718008e-08,2.0398605439e-08,2.0398604573e-08,2.0398604572e-08,2.0398604572e-08,2.0398604572e-08,2.0398604572e-08,2.0398604572e-08,2.0398604572e-08,2.0398604572e-08,2.0398604572e-08,2.0398604572e-08,2.0398604572e-08,2.0398604572e-08,2.0398604572e-08,2.0398604572e-08,2.0398604572e-08,2.0398604572e-08,2.0398604572e-08,2.0398604572e-08,2.0398604572e-08,2.0398604572e-08,2.0398604572e-08,2.0398604572e-08,2.0398604572e-08,2.0398604572e-08,2.0398604572e-08,2.0398604572e-08,2.0398604572e-08,2.0398604572e-08,2.0398604572e-08,2.0398604572e-08,2.0398604572e-08,2.0398604572e-08,2.0398604572e-08,2.0398604572e-08,2.0398604572e-08,2.0398604586e-08,2.0398610461e-08,2.0399454527e-08,2.0449472611e-08,2.1656717187e-08,3.3659830652e-08,8.7993406715e-08,2.3681231793e-07,5.6678468696e-07,1.1604716067e-06,1.9891749012e-06,2.9181941008e-06,3.8040019827e-06,4.5584864518e-06,5.4687579324e-06,6.5689013027e-06,7.9003273465e-06,9.5133631293e-06,1.1469200493e-05,1.3842263772e-05,1.6723082888e-05,2.0221758191e-05,2.4472045547e-05,2.9635800070e-05,3.5906408342e-05,4.3506162572e-05,5.2661814638e-05,6.3515652098e-05,7.5874069029e-05,8.8612546552e-05,9.8503722789e-05,9.8379817930e-05,7.5077674612e-05,8.3855376433e-06,1.8484533575e-03,3.0964884110e-03,3.8829174776e-03,4.3163052605e-03,4.4861940508e-03,4.4655357097e-03,4.3128462081e-03,4.0741736939e-03,3.7849286423e-03,3.4715921821e-03,3.1532974632e-03,2.8432684732e-03,2.5500991809e-03,2.2788605922e-03,2.0320313697e-03,1.8102565531e-03,1.6129467541e-03,1.4387358930e-03,1.2858187264e-03,1.1521902489e-03,1.0358058011e-03,9.1996318157e-04,8.0775409431e-04,7.0241278894e-04,6.0700349001e-04,5.2406883309e-04,4.5529838506e-04,4.0128535531e-04,3.6143763784e-04,3.3409072018e-04,3.1682497820e-04,3.0692204755e-04,3.0183428873e-04,2.9952893681e-04,2.9862295638e-04,2.9831957104e-04,2.9823455663e-04,2.9821497745e-04,2.9821133520e-04,2.9821079697e-04,2.9821073507e-04,2.9821072989e-04,2.9821072978e-04,2.9821072991e-04,2.9821072998e-04,2.9821073000e-04,2.9821073000e-04,2.9821073001e-04,2.9821073001e-04,2.9821073001e-04,2.9821073001e-04,2.9821073001e-04,2.9821073001e-04,2.9821073001e-04,2.9821073001e-04,2.9821073001e-04,2.9821073001e-04,2.9821073001e-04,2.9821073001e-04,2.9821073001e-04,2.9821073001e-04,2.9821073001e-04,2.9821073001e-04,2.9821073001e-04,2.9821073001e-04,2.9821073001e-04,2.9821073001e-04,2.9821073001e-04,2.9821073001e-04,2.9821073001e-04,2.9821073001e-04,2.9821073001e-04,2.9821073001e-04,2.9821073001e-04,2.9821073001e-04,2.9821073001e-04,2.9821073001e-04,2.9821073001e-04,2.9821073001e-04,2.9821073001e-04,2.9821073001e-04,2.9821073001e-04,2.9821073001e-04,2.9821073001e-04,2.9821073001e-04,2.9821073001e-04,2.9821073001e-04,2.9821073001e-04,2.9821073001e-04,2.9821073001e-04,2.9821073001e-04,2.9821073001e-04,2.9821073001e-04,2.9821073001e-04,2.9821073001e-04,2.9821073001e-04,2.9821073001e-04,2.9821073001e-04,2.9821073001e-04,2.9821073001e-04,2.9821073001e-04,2.9821073001e-04,2.9821073001e-04,2.9821073001e-04,2.9821073001e-04,2.9821073001e-04,2.9821073001e-04,2.9821073001e-04,2.9821073001e-04,2.9821073001e-04,2.9821073001e-04,2.9821073001e-04,2.9821073001e-04,2.9821073001e-04,2.9821073001e-04,2.9821073001e-04,2.9821073001e-04,2.9821073001e-04,2.9821073001e-04,2.9821073001e-04,2.9821073001e-04,2.9821073001e-04,2.9821073001e-04,2.9821073001e-04,2.9821073001e-04,2.9821073001e-04,2.9821073001e-04,2.9821073001e-04,2.9821073001e-04,2.9821073001e-04,2.9821073001e-04,2.9821073001e-04,2.9821073001e-04,2.9821073001e-04,2.9821073001e-04,2.9821073001e-04,2.9821073001e-04,2.9821073001e-04,2.9821073001e-04,2.9821073001e-04,2.9821073001e-04,2.9821073001e-04,2.9821073001e-04,2.9821073001e-04,2.9821073001e-04,2.9821073001e-04,2.9821073011e-04,2.9821073534e-04,2.9821092809e-04,2.9821591376e-04,2.9830613203e-04,2.9944684132e-04,3.0953840137e-04,3.7236125846e-04,6.5094567079e-04,1.5495248831e-03,3.7233205738e-03,7.8234700512e-03,1.4115821140e-02,2.2302706119e-02,3.1662815595e-02,4.1345225241e-02,5.0619348238e-02,5.9005075306e-02,6.6318181416e-02,7.2710704176e-02,7.8772451099e-02,8.5699223570e-02,9.5449780978e-02,1.1076105232e-01,1.3492034559e-01,1.7129828552e-01,2.2276118330e-01,2.9113558889e-01,3.7686815800e-01,4.7894321162e-01,5.9504142948e-01,7.2187621548e-01,8.5562532635e-01,9.9237188579e-01,1.1284799396e+00,1.2832814521e+00,1.4585636484e+00,1.6559054043e+00,1.8764790159e+00,2.1207816823e+00,2.3882914212e+00,2.6770438883e+00,2.9831323723e+00,3.3001391634e+00,3.6185096820e+00,3.9248760192e+00,4.2013151962e+00,4.4244749411e+00,4.5643906251e+00,4.5826027107e+00,4.4287632826e+00,4.0340616598e+00,3.2979324867e+00,2.0601183289e+00,4.6208560767e-01,1.0460116366e+00,1.6461836989e+00,2.2121824122e+00,2.7332105660e+00,3.2029055071e+00,3.6186345506e+00,3.9806227472e+00,4.2910945845e+00,4.5535315740e+00,4.7720859884e+00,4.9511515011e+00,5.0950707300e+00,5.2079519390e+00,5.2935670702e+00,5.3553069280e+00,5.3961742573e+00,5.4188002991e+00,5.4254745544e+00,5.4181807740e+00,5.3986346475e+00,5.3683218409e+00,5.3037071245e+00,5.1696784987e+00,4.9027927939e+00,4.4008121676e+00,3.5332167463e+00,2.2479575941e+00,8.8486442822e-01,1.5771912553e-01,1.1199962097e-02,8.2832964044e-04,5.6603016320e-04,5.6358390560e-04,5.6357525410e-04,5.6357524224e-04,5.6357524224e-04,5.6357524224e-04,5.6357524224e-04,5.6357524224e-04,5.6357524224e-04,5.6357524224e-04,5.6357524224e-04,5.6357524224e-04,5.6357524224e-04,5.6357524224e-04,5.6357524224e-04,5.6357524224e-04,5.6357524224e-04,5.6357524224e-04,5.6357524224e-04,5.6357524224e-04,5.6357524224e-04,5.6357524224e-04,5.6357524224e-04,5.6357524224e-04,5.6357524224e-04,5.6357524224e-04,5.6357524224e-04,5.6357524224e-04,5.6357524224e-04,5.6357524224e-04,5.6357524224e-04,5.6357524224e-04,5.6357524224e-04,5.6357524224e-04,5.6357524224e-04,5.6357524224e-04,5.6357524239e-04,5.6357527757e-04,5.6357795012e-04,5.6362934158e-04,5.6335033694e-04,5.5505331384e-04,5.2123862810e-04,4.6733489109e-04,4.1312078809e-04,3.6886569404e-04,3.3618801302e-04,3.1326532677e-04,2.9762625152e-04,2.8712429241e-04,2.7641771812e-04,2.6551071275e-04,2.5440735986e-04,2.4311159285e-04,2.3162704849e-04,2.1995689185e-04,2.0810359870e-04,1.9606869603e-04,1.8385244579e-04,1.7145346317e-04,1.5886825014e-04,1.4609063521e-04,1.3311108893e-04,1.1991589578e-04,1.0648614563e-04,9.2796512282e-05,7.8813762097e-05,6.4494946093e-05,4.9785195947e-05,3.4615038061e-05
1.4130449428e-07,3.0897604783e-06,3.1140063868e-06,3.0792751915e-06,2.9313374712e-06,2.6732104954e-06,2.3488535989e-06,2.0088990099e-06,1.6892623738e-06,1.4074213454e-06,1.1676779924e-06,9.6750255266e-07,8.0183033133e-07,6.6523267019e-07,5.5277042739e-07,4.6022017198e-07,3.8405783775e-07,3.2137004609e-07,2.6975602661e-07,2.2723925713e-07,1.9219258743e-07,1.6327603333e-07,1.3938581179e-07,1.1147158169e-07,8.2448668903e-08,5.6979870073e-08,3.9266796181e-08,2.9698644910e-08,2.4771875511e-08,2.1787483843e-08,2.0601447146e-08,2.0410330540e-08,2.0398868320e-08,2.0398606936e-08,2.0398604574e-08,2.0398604572e-08,2.0398604572e-08,2.0398604572e-08,2.0398604572e-08,2.0398604572e-08,2.0398604572e-08,2.0398604572e-08,2.0398604572e-08,2.0398604572e-08,2.0398604572e-08,2.0398604572e-08,2.0398604572e-08,2.0398604572e-08,2.0398604572e-08,2.0398604572e-08,2.0398604572e-08,2.0398604572e-08,2.0398604572e-08,2.0398604572e-08,2.0398604572e-08,2.0398604572e-08,2.0398604572e-08,2.0398604572e-08,2.0398604572e-08,2.0398604572e-08,2.0398604572e-08,2.0398604572e-08,2.0398604572e-08,2.0398604572e-08,2.0398604572e-08,2.0398604572e-08,2.0398604572e-08,2.0398604572e-08,2.0398604572e-08,2.0398604638e-08,2.0398622808e-08,2.0400877847e-08,2.0514535275e-08,2.2811536938e-08,4.1701390578e-08,1.1327226691e-07,2.9036455376e-07,6.7840618713e-07,1.3845752422e-06,2.3783140947e-06,3.4971054304e-06,4.5662511685e-06,5.4780223733e-06,6.5789807145e-06,7.9105621565e-06,9.5231018711e-06,1.1477763971e-05,1.3848904025e-05,1.6726934087e-05,2.0221777906e-05,2.4466961391e-05,2.9624177550e-05,3.5887430864e-05,4.3483598011e-05,5.2660028434e-05,6.3634881914e-05,7.6455512393e-05,9.0661622169e-05,1.0460206942e-04,1.1427359317e-04,1.1174631939e-04,8.3658082020e-05,1.0655738521e-05,1.9487768402e-03,3.2911567178e-03,4.1644434630e-03,4.6740420076e-03,4.9071470389e-03,4.9352855388e-03,4.8164870130e-03,4.5971795045e-03,4.3138783572e-03,3.9947090845e-03,3.6607863469e-03,3.3274580225e-03,3.0054160960e-03,2.7016735376e-03,2.4204071515e-03,2.1636691799e-03,1.9319740266e-03,1.7247698847e-03,1.5408077053e-03,1.3784215365e-03,1.2357320198e-03,1.0925002241e-03,9.5258949375e-04,8.2016170131e-04,6.9926971306e-04,5.9337804813e-04,5.0490102213e-04,4.3485982518e-04,3.8274565770e-04,3.4664208061e-04,3.2360685521e-04,3.1023886768e-04,3.0328080947e-04,3.0008234109e-04,2.9880544418e-04,2.9837049310e-04,2.9824635837e-04,2.9821720761e-04,2.9821167245e-04,2.9821083670e-04,2.9821073829e-04,2.9821072980e-04,2.9821072958e-04,2.9821072980e-04,2.9821072993e-04,2.9821072999e-04,2.9821073000e-04,2.9821073001e-04,2.9821073001e-04,2.9821073001e-04,2.9821073001e-04,2.9821073001e-04,2.9821073001e-04,2.9821073001e-04,2.9821073001e-04,2.9821073001e-04,2.9821073001e-04,2.9821073001e-04,2.9821073001e-04,2.9821073001e-04,2.9821073001e-04,2.9821073001e-04,2.9821073001e-04,2.9821073001e-04,2.9821073001e-04,2.9821073001e-04,2.9821073001e-04,2.9821073001e-04,2.9821073001e-04,2.9821073001e-04,2.9821073001e-04,2.9821073001e-04,2.9821073001e-04,2.9821073001e-04,2.9821073001e-04,2.9821073001e-04,2.9821073001e-04,2.9821073001e-04,2.9821073001e-04,2.9821073001e-04,2.9821073001e-04,2.9821073001e-04,2.9821073001e-04,2.9821073001e-04,2.9821073001e-04,2.9821073001e-04,2.9821073001e-04,2.9821073001e-04,2.9821073001e-04,2.9821073001e-04,2.9821073001e-04,2.9821073001e-04,2.9821073001e-04,2.9821073001e-04,2.9821073001e-04,2.9821073001e-04,2.9821073001e-04,2.9821073001e-04,2.9821073001e-04,2.9821073001e-04,2.9821073001e-04,2.9821073001e-04,2.9821073001e-04,2.9821073001e-04,2.9821073001e-04,2.9821073001e-04,2.9821073001e-04,2.9821073001e-04,2.9821073001e-04,2.9821073001e-04,2.9821073001e-04,2.9821073001e-04,2.9821073001e-04,2.9821073001e-04,2.9821073001e-04,2.9821073001e-04,2.9821073001e-04,2.9821073001e-04,2.9821073001e-04,2.9821073001e-04,2.9821073001e-04,2.9821073001e-04,2.9821073001e-04,2.9821073001e-04,2.9821073001e-04,2.9821073001e-04,2.9821073001e-04,2.9821073001e-04,2.9821073001e-04,2.9821073001e-04,2.9821073001e-04,2.9821073001e-04,2.9821073001e-04,2.9821073001e-04,2.9821073001e-04,2.9821073001e-04,2.9821073001e-04,2.9821073001e-04,2.9821073001e-04,2.9821073001e-04,2.9821073001e-04,2.9821073001e-04,2.9821073001e-04,2.9821073001e-04,2.9821073001e-04,2.9821073003e-04,2.9821073126e-04,2.9821078306e-04,2.9821231019e-04,2.9824381861e-04,2.9869789054e-04,3.0326887001e-04,3.3553066962e-04,4.9668013387e-04,1.0763194560e-03,2.6186885800e-03,5.7666648086e-03,1.0905913428e-02,1.7907237491e-02,2.6175623486e-02,3.4912255170e-02,4.3380464568e-02,5.1059112706e-02,5.7688550683e-02,6.3278164480e-02,6.8155921320e-02,7.3111189460e-02,7.9611187789e-02,8.9981832508e-02,1.0739859952e-01,1.3558503540e-01,1.7824667856e-01,2.3839345083e-01,3.1774800995e-01,4.1639099696e-01,5.3270666296e-01,6.6361539858e-01,8.0502388027e-01,9.5238269788e-01,1.1012265241e+00,1.2475959970e+00,1.4120003321e+00,1.5955658326e+00,1.7990380825e+00,2.0225876896e+00,2.2655694470e+00,2.5262383949e+00,2.8014267656e+00,3.0861886616e+00,3.3734201933e+00,3.6534590662e+00,3.9136550257e+00,4.1378742169e+00,4.3058444647e+00,4.3921425214e+00,4.3644234279e+00,4.1800975335e+00,3.7798398466e+00,3.0744821307e+00,1.9173902143e+00,4.9740491379e-01,9.5358259027e-01,1.4354426079e+00,1.8965454509e+00,2.3267923811e+00,2.7196732835e+00,3.0718463165e+00,3.3825006137e+00,3.6526729179e+00,3.8846246493e+00,4.0813305381e+00,4.2460914165e+00,4.3822614862e+00,4.4930703221e+00,4.5815175482e+00,4.6503199332e+00,4.7018942051e+00,4.7383627464e+00,4.7615728269e+00,4.7731228879e+00,4.7743915719e+00,4.7665681030e+00,4.7390327690e+00,4.6664527031e+00,4.5001628131e+00,4.1554292437e+00,3.5061767636e+00,2.4418498266e+00,1.1275790736e+00,2.4867730371e-01,2.1587328728e-02,1.2132457236e-03,5.7096745210e-04,5.6360691749e-04,5.6357529444e-04,5.6357524227e-04,5.6357524224e-04,5.6357524224e-04,5.6357524224e-04,5.6357524224e-04,5.6357524224e-04,5.6357524224e-04,5.6357524224e-04,5.6357524224e-04,5.6357524224e-04,5.6357524224e-04,5.6357524224e-04,5.6357524224e-04,5.6357524224e-04,5.6357524224e-04,5.6357524224e-04,5.6357524224e-04,5.6357524224e-04,5.6357524224e-04,5.6357524224e-04,5.6357524224e-04,5.6357524224e-04,5.6357524224e-04,5.6357524224e-04,5.6357524224e-04,5.6357524224e-04,5.6357524224e-04,5.6357524224e-04,5.6357524224e-04,5.6357524224e-04,5.6357524224e-04,5.6357524224e-04,5.6357524224e-04,5.6357524262e-04,5.6357530776e-04,5.6357824611e-04,5.6356080104e-04,5.6169898652e-04,5.4511126808e-04,4.9939312053e-04,4.3929962578e-04,3.8403090808e-04,3.4089418906e-04,3.0980202852e-04,2.8828850237e-04,2.7372936989e-04,2.6400083984e-04,2.5411954365e-04,2.4408880265e-04,2.3391171729e-04,2.2359112395e-04,2.1312946895e-04,2.0252865080e-04,1.9178983137e-04,1.8091320427e-04,1.6989771806e-04,1.5874073790e-04,1.4743763424e-04,1.3598128628e-04,1.2436147422e-04,1.1256414506e-04,1.0057051510e-04,8.8355982740e-05,7.5888800120e-05,6.3128457345e-05,5.0023715849e-05,3.6510206498e-05
1.7608793012e-07,3.0883595244e-06,3.0711797090e-06,3.0044574774e-06,2.8559123338e-06,2.6232857626e-06,2.3321069531e-06,2.0186067149e-06,1.7139714015e-06,1.4375159150e-06,1.1973386344e-06,9.9406401339e-07,8.2451210743e-07,6.8414632238e-07,5.6835401184e-07,4.7297644526e-07,3.9445447792e-07,3.2981155560e-07,2.7658265266e-07,2.3273419840e-07,1.9659065954e-07,1.6677165908e-07,1.4213986500e-07,1.1336886240e-07,8.3481677577e-08,5.7322782312e-08,3.9287049129e-08,2.9831450507e-08,2.5234114983e-08,2.2249499595e-08,2.0742011115e-08,2.0423897313e-08,2.0399319385e-08,2.0398612466e-08,2.0398604603e-08,2.0398604572e-08,2.0398604572e-08,2.0398604572e-08,2.0398604572e-08,2.0398604572e-08,2.0398604572e-08,2.0398604572e-08,2.0398604572e-08,2.0398604572e-08,2.0398604572e-08,2.0398604572e-08,2.0398604572e-08,2.0398604572e-08,2.0398604572e-08,2.0398604572e-08,2.0398604572e-08,2.0398604572e-08,2.0398604572e-08,2.0398604572e-08,2.0398604572e-08,2.0398604572e-08,2.0398604572e-08,2.0398604572e-08,2.0398604572e-08,2.0398604572e-08,2.0398604572e-08,2.0398604572e-08,2.0398604572e-08,2.0398604572e-08,2.0398604572e-08,2.0398604572e-08,2.0398604572e-08,2.0398604572e-08,2.0398604577e-08,2.0398604857e-08,2.0398677277e-08,2.0406033613e-08,2.0705143401e-08,2.5507126350e-08,5.6608958831e-08,1.5205922032e-07,3.6597719081e-07,8.3696894944e-07,1.7103251323e-06,2.9519196246e-06,4.3565423684e-06,5.7020817306e-06,6.8510490876e-06,8.2396127842e-06,9.9202826764e-06,1.1956834616e-05,1.4426747461e-05,1.7424176756e-05,2.1063528548e-05,2.5483666562e-05,3.0852584240e-05,3.7371740857e-05,4.5277522076e-05,5.4833004531e-05,6.6293846999e-05,7.9814465001e-05,9.5233515542e-05,1.1164912722e-04,1.2669144845e-04,1.3547067562e-04,1.2936000416e-04,9.5017340024e-05,1.4165801946e-05,2.0669179930e-03,3.5204417252e-03,4.4975810595e-03,5.1004669034e-03,5.4137111511e-03,5.5070603319e-03,5.4376086622e-03,5.2516691957e-03,4.9863785712e-03,4.6710910995e-03,4.3286017512e-03,3.9762250363e-03,3.6267476009e-03,3.2892662443e-03,2.9699194656e-03,2.6725189817e-03,2.3990873375e-03,2.1503081815e-03,1.9258965662e-03,1.7248974082e-03,1.5459173139e-03,1.3638826258e-03,1.1836448283e-03,1.0107044068e-03,8.5069525300e-04,7.0870604841e-04,5.8856625989e-04,4.9227113677e-04,4.1970464180e-04,3.6874573243e-04,3.3574728049e-04,3.1628225352e-04,3.0596697234e-04,3.0113106762e-04,2.9915878904e-04,2.9847134964e-04,2.9827029204e-04,2.9822184263e-04,2.9821239161e-04,2.9821092397e-04,2.9821074584e-04,2.9821072977e-04,2.9821072919e-04,2.9821072956e-04,2.9821072982e-04,2.9821072994e-04,2.9821072999e-04,2.9821073000e-04,2.9821073001e-04,2.9821073001e-04,2.9821073001e-04,2.9821073001e-04,2.9821073001e-04,2.9821073001e-04,2.9821073001e-04,2.9821073001e-04,2.9821073001e-04,2.9821073001e-04,2.9821073001e-04,2.9821073001e-04,2.9821073001e-04,2.9821073001e-04,2.9821073001e-04,2.9821073001e-04,2.9821073001e-04,2.9821073001e-04,2.9821073001e-04,2.9821073001e-04,2.9821073001e-04,2.9821073001e-04,2.9821073001e-04,2.9821073001e-04,2.9821073001e-04,2.9821073001e-04,2.9821073001e-04,2.9821073001e-04,2.9821073001e-04,2.9821073001e-04,2.9821073001e-04,2.9821073001e-04,2.9821073001e-04,2.9821073001e-04,2.9821073001e-04,2.9821073001e-04,2.9821073001e-04,2.9821073001e-04,2.9821073001e-04,2.9821073001e-04,2.9821073001e-04,2.9821073001e-04,2.9821073001e-04,2.9821073001e-04,2.9821073001e-04,2.9821073001e-04,2.9821073001e-04,2.9821073001e-04,2.9821073001e-04,2.9821073001e-04,2.9821073001e-04,2.9821073001e-04,2.9821073001e-04,2.9821073001e-04,2.9821073001e-04,2.9821073001e-04,2.9821073001e-04,2.9821073001e-04,2.9821073001e-04,2.9821073001e-04,2.9821073001e-04,2.9821073001e-04,2.9821073001e-04,2.9821073001e-04,2.9821073001e-04,2.9821073001e-04,2.9821073001e-04,2.9821073001e-04,2.9821073001e-04,2.9821073001e-04,2.9821073001e-04,2.9821073001e-04,2.9821073001e-04,2.9821073001e-04,2.9821073001e-04,2.9821073001e-04,2.9821073001e-04,2.9821073001e-04,2.9821073001e-04,2.9821073001e-04,2.9821073001e-04,2.9821073001e-04,2.9821073001e-04,2.9821073001e-04,2.9821073001e-04,2.9821073001e-04,2.9821073001e-04,2.9821073001e-04,2.9821073001e-04,2.9821073001e-04,2.9821073001e-04,2.9821073001e-04,2.9821073001e-04,2.9821073001e-04,2.9821073001e-04,2.9821073001e-04,2.9821073001e-04,2.9821073047e-04,2.9821075115e-04,2.9821141600e-04,2.9822637061e-04,2.9846124287e-04,3.0103511558e-04,3.2076438256e-04,4.2734670944e-04,8.3927023673e-04,2.0063583593e-03,4.5144978339e-03,8.7743175932e-03,1.4742281042e-02,2.1916962729e-02,2.9568163294e-02,3.6998501680e-02,4.3703278008e-02,4.9415700566e-02,5.4093775767e-02,5.7925229839e-02,6.1420884371e-02,6.5628074562e-02,7.2410293079e-02,8.4640661132e-02,1.0612658463e-01,1.4117262782e-01,1.9385315668e-01,2.6719786023e-01,3.6252112544e-01,4.7906882217e-01,6.1406706480e-01,7.6315474825e-01,9.2107282820e-01,1.0824143805e+00,1.2422529491e+00,1.3965463462e+00,1.5666679723e+00,1.7528429803e+00,1.9547985771e+00,2.1716109949e+00,2.4015314551e+00,2.6417980339e+00,2.8884382155e+00,3.1360663396e+00,3.3776768909e+00,3.6044266763e+00,3.8053832059e+00,3.9671876235e+00,4.0735282855e+00,4.1042257069e+00,4.0335488004e+00,3.8270204554e+00,3.4351969615e+00,2.7811251825e+00,1.7337260456e+00,5.3945816942e-01,8.7227752369e-01,1.2360960698e+00,1.5900905191e+00,1.9254417698e+00,2.2360098256e+00,2.5181697486e+00,2.7704064106e+00,2.9928165579e+00,3.1866210468e+00,3.3537444295e+00,3.4964839956e+00,3.6172681055e+00,3.7184921007e+00,3.8024158658e+00,3.8711072028e+00,3.9264173272e+00,3.9699776149e+00,4.0032094877e+00,4.0273416711e+00,4.0434309105e+00,4.0523848241e+00,4.0537772610e+00,4.0316285034e+00,3.9527677778e+00,3.7545868827e+00,3.3304509832e+00,2.5430362708e+00,1.3927623927e+00,3.9456799937e-01,4.4552693470e-02,2.3425324739e-03,5.8971481703e-04,5.6371809147e-04,5.6357553937e-04,5.6357524248e-04,5.6357524224e-04,5.6357524224e-04,5.6357524224e-04,5.6357524224e-04,5.6357524224e-04,5.6357524224e-04,5.6357524224e-04,5.6357524224e-04,5.6357524224e-04,5.6357524224e-04,5.6357524224e-04,5.6357524224e-04,5.6357524224e-04,5.6357524224e-04,5.6357524224e-04,5.6357524224e-04,5.6357524224e-04,5.6357524224e-04,5.6357524224e-04,5.6357524224e-04,5.6357524224e-04,5.6357524224e-04,5.6357524224e-04,5.6357524224e-04,5.6357524224e-04,5.6357524224e-04,5.6357524224e-04,5.6357524224e-04,5.6357524224e-04,5.6357524224e-04,5.6357524224e-04,5.6357524224e-04,5.6357524309e-04,5.6357530570e-04,5.6357172965e-04,5.6323891462e-04,5.5756212015e-04,5.2831578001e-04,4.7033407483e-04,4.0593310947e-04,3.5127434729e-04,3.1032767286e-04,2.8146413517e-04,2.6174492162e-04,2.4850033016e-04,2.3969085831e-04,2.3077401581e-04,2.2175215178e-04,2.1262732734e-04,2.0340128215e-04,1.9407532591e-04,1.8465020089e-04,1.7512592028e-04,1.6550156772e-04,1.5577505806e-04,1.4594284291e-04,1.3599955399e-04,1.2593757276e-04,1.1574649960e-04,1.0541251529e-04,9.4917595207e-05,8.4238562991e-05,7.3345924549e-05,6.2202457519e-05,5.0761484639e-05,3.8964770365e-05
2.1153097097e-07,3.0711492922e-06,3.0314782390e-06,2.9459340218e-06,2.7957586651e-06,2.5790278056e-06,2.3121062071e-06,2.0212274001e-06,1.7320964205e-06,1.4633550742e-06,1.2250399510e-06,1.0202222838e-06,8.4761788630e-07,7.0382748278e-07,5.8479256245e-07,4.8656289877e-07,4.0561770558e-07,3.3894902632e-07,2.8403904577e-07,2.3880006701e-07,2.0150798396e-07,1.7074093244e-07,1.4532682956e-07,1.1564549766e-07,8.4824816942e-08,5.7885261941e-08,3.9404687621e-08,2.9908372941e-08,2.5534646029e-08,2.2649683813e-08,2.0906733082e-08,2.0444753664e-08,2.0400201309e-08,2.0398625882e-08,2.0398604686e-08,2.0398604572e-08,2.0398604572e-08,2.0398604572e-08,2.0398604572e-08,2.0398604572e-08,2.0398604572e-08,2.0398604572e-08,2.0398604572e-08,2.0398604572e-08,2.0398604572e-08,2.0398604572e-08,2.0398604572e-08,2.0398604572e-08,2.0398604572e-08,2.0398604572e-08,2.0398604572e-08,2.0398604572e-08,2.0398604572e-08,2.0398604572e-08,2.0398604572e-08,2.0398604572e-08,2.0398604572e-08,2.0398604572e-08,2.0398604572e-08,2.0398604572e-08,2.0398604572e-08,2.0398604572e-08,2.0398604572e-08,2.0398604572e-08,2.0398604572e-08,2.0398604572e-08,2.0398604572e-08,2.0398604572e-08,2.0398604582e-08,2.0398605653e-08,2.0398834688e-08,2.0418233537e-08,2.1068780935e-08,2.9596001218e-08,7.4635051254e-08,1.9161629438e-07,4.3890688936e-07,9.9369505625e-07,2.0413679755e-06,3.5431444299e-06,5.2482833126e-06,6.8845222199e-06,8.2829775292e-06,9.9740437431e-06,1.2021855245e-05,1.4504288875e-05,1.7515918278e-05,2.1171584727e-05,2.5610590925e-05,3.1001373875e-05,3.7546011418e-05,4.5482646732e-05,5.5081012571e-05,6.6620284895e-05,8.0327769691e-05,9.6240702082e-05,1.1393508720e-04,1.3205696844e-04,1.4761515785e-04,1.5507407829e-04,1.4541917026e-04,1.0549451758e-04,1.7915427042e-05,2.1628471041e-03,3.7063628060e-03,4.7686688094e-03,5.4495786901e-03,5.8317916996e-03,5.9836168178e-03,5.9612240447e-03,5.8105197748e-03,5.5687235743e-03,5.2657069499e-03,4.9251406510e-03,4.5654855581e-03,4.2008531236e-03,3.8417544078e-03,3.4957517274e-03,3.1680234861e-03,2.8618505619e-03,2.5790313538e-03,2.3202319630e-03,2.0852777261e-03,1.8733881159e-03,1.6550739843e-03,1.4359017244e-03,1.2225310138e-03,1.0221637111e-03,8.4170871204e-04,6.8679382627e-04,5.6086442253e-04,4.6463927258e-04,3.9610478215e-04,3.5105951230e-04,3.2405831999e-04,3.0949747341e-04,3.0254079227e-04,2.9964513907e-04,2.9861364469e-04,2.9830493561e-04,2.9822873119e-04,2.9821349003e-04,2.9821106143e-04,2.9821075846e-04,2.9821073003e-04,2.9821072871e-04,2.9821072923e-04,2.9821072963e-04,2.9821072986e-04,2.9821072996e-04,2.9821072999e-04,2.9821073000e-04,2.9821073001e-04,2.9821073001e-04,2.9821073001e-04,2.9821073001e-04,2.9821073001e-04,2.9821073001e-04,2.9821073001e-04,2.9821073001e-04,2.9821073001e-04,2.9821073001e-04,2.9821073001e-04,2.9821073001e-04,2.9821073001e-04,2.9821073001e-04,2.9821073001e-04,2.9821073001e-04,2.9821073001e-04,2.9821073001e-04,2.9821073001e-04,2.9821073001e-04,2.9821073001e-04,2.9821073001e-04,2.9821073001e-04,2.9821073001e-04,2.9821073001e-04,2.9821073001e-04,2.9821073001e-04,2.9821073001e-04,2.9821073001e-04,2.9821073001e-04,2.9821073001e-04,2.9821073001e-04,2.9821073001e-04,2.9821073001e-04,2.9821073001e-04,2.9821073001e-04,2.9821073001e-04,2.9821073001e-04,2.9821073001e-04,2.9821073001e-04,2.9821073001e-04,2.9821073001e-04,2.9821073001e-04,2.9821073001e-04,2.9821073001e-04,2.9821073001e-04,2.9821073001e-04,2.9821073001e-04,2.9821073001e-04,2.9821073001e-04,2.9821073001e-04,2.9821073001e-04,2.9821073001e-04,2.9821073001e-04,2.9821073001e-04,2.9821073001e-04,2.9821073001e-04,2.9821073001e-04,2.9821073001e-04,2.9821073001e-04,2.9821073001e-04,2.9821073001e-04,2.9821073001e-04,2.9821073001e-04,2.9821073001e-04,2.9821073001e-04,2.9821073001e-04,2.9821073001e-04,2.9821073001e-04,2.9821073001e-04,2.9821073001e-04,2.9821073001e-04,2.9821073001e-04,2.9821073001e-04,2.9821073001e-04,2.9821073001e-04,2.9821073001e-04,2.9821073001e-04,2.9821073001e-04,2.9821073001e-04,2.9821073001e-04,2.9821073001e-04,2.9821073001e-04,2.9821073001e-04,2.9821073001e-04,2.9821073001e-04,2.9821073001e-04,2.9821073001e-04,2.9821073001e-04,2.9821073001e-04,2.9821073001e-04,2.9821073001e-04,2.9821073001e-04,2.9821073001e-04,2.9821073001e-04,2.9821073010e-04,2.9821073512e-04,2.9821091897e-04,2.9821563771e-04,2.9830022474e-04,2.9935751329e-04,3.0858126018e-04,3.6503830417e-04,6.1036107169e-04,1.3828844215e-03,3.2005432060e-03,6.5231471348e-03,1.1448612553e-02,1.7619319195e-02,2.4389827085e-02,3.1084431645e-02,3.7181716078e-02,4.2381099513e-02,4.6589775050e-02,4.9896376818e-02,5.2602318930e-02,5.5373196574e-02,5.9524421997e-02,6.7351153843e-02,8.2305937222e-02,1.0881956243e-01,1.5169358243e-01,2.1518847399e-01,3.0206566855e-01,4.1286450229e-01,5.4563419325e-01,6.9621244881e-01,8.5895840606e-01,1.0276910934e+00,1.1965528532e+00,1.3606109289e+00,1.5161465422e+00,1.6846531894e+00,1.8656768463e+00,2.0582573379e+00,2.2608222231e+00,2.4710730859e+00,2.6858703218e+00,2.9011188074e+00,3.1116546502e+00,3.3111285636e+00,3.4918727531e+00,3.6447229583e+00,3.7587408033e+00,3.8207348834e+00,3.8143936091e+00,3.7186786553e+00,3.5047927709e+00,3.1303042782e+00,2.5272907500e+00,1.5769615388e+00,5.7386770368e-01,8.2651750206e-01,1.1111633315e+00,1.3917865458e+00,1.6607684789e+00,1.9125328624e+00,2.1435299915e+00,2.3519809466e+00,2.5375080899e+00,2.7007466529e+00,2.8429951039e+00,2.9659309114e+00,3.0713971561e+00,3.1612535190e+00,3.2372800081e+00,3.3011208184e+00,3.3542569417e+00,3.3979982290e+00,3.4334878207e+00,3.4617138160e+00,3.4835246461e+00,3.4996469580e+00,3.5144781642e+00,3.5177466020e+00,3.4865335857e+00,3.3748894645e+00,3.0973168612e+00,2.5206215927e+00,1.5602984901e+00,5.3941758477e-01,7.6470936691e-02,4.4299266850e-03,6.3438139104e-04,5.6405252291e-04,5.6357645624e-04,5.6357524343e-04,5.6357524224e-04,5.6357524224e-04,5.6357524224e-04,5.6357524224e-04,5.6357524224e-04,5.6357524224e-04,5.6357524224e-04,5.6357524224e-04,5.6357524224e-04,5.6357524224e-04,5.6357524224e-04,5.6357524224e-04,5.6357524224e-04,5.6357524224e-04,5.6357524224e-04,5.6357524224e-04,5.6357524224e-04,5.6357524224e-04,5.6357524224e-04,5.6357524224e-04,5.6357524224e-04,5.6357524224e-04,5.6357524224e-04,5.6357524224e-04,5.6357524224e-04,5.6357524224e-04,5.6357524224e-04,5.6357524224e-04,5.6357524224e-04,5.6357524224e-04,5.6357524224e-04,5.6357524224e-04,5.6357524263e-04,5.6357503984e-04,5.6354621787e-04,5.6253616229e-04,5.5155228114e-04,5.1056286097e-04,4.4482209343e-04,3.7908333060e-04,3.2606390538e-04,2.8737807902e-04,2.6049808729e-04,2.4228482446e-04,2.3011153200e-04,2.2203885431e-04,2.1388621915e-04,2.0565529527e-04,1.9734744409e-04,1.8896369541e-04,1.8050465008e-04,1.7197035696e-04,1.6336016898e-04,1.5467256829e-04,1.4590494914e-04,1.3705335720e-04,1.2811217236e-04,1.1907372138e-04,1.0992780666e-04,1.0066113176e-04,9.1256600636e-05,8.1692467679e-05,7.1941292643e-05,6.1968677031e-05,5.1731713082e-05,4.1177094515e-05
2.6360091692e-07,3.0315523679e-06,2.9759126156e-06,2.8767951546e-06,2.7262772324e-06,2.5247233880e-06,2.2827061462e-06,2.0178553299e-06,1.7493806505e-06,1.4933783698e-06,1.2605097716e-06,1.0559460259e-06,8.8061928816e-07,7.3281146581e-07,6.0949867510e-07,5.0725886552e-07,4.2278171566e-07,3.5310092763e-07,2.9566436082e-07,2.4832338275e-07,2.0928922727e-07,1.7708068236e-07,1.5047428811e-07,1.1940057174e-07,8.7140639576e-08,5.8970222987e-08,3.9724955671e-08,3.0016739114e-08,2.5820003713e-08,2.3115723321e-08,2.1165204442e-08,2.0488460157e-08,2.0402608120e-08,2.0398672583e-08,2.0398605021e-08,2.0398604572e-08,2.0398604572e-08,2.0398604572e-08,2.0398604572e-08,2.0398604572e-08,2.0398604572e-08,2.0398604572e-08,2.0398604572e-08,2.0398604572e-08,2.0398604572e-08,2.0398604572e-08,2.0398604572e-08,2.0398604572e-08,2.0398604572e-08,2.0398604572e-08,2.0398604572e-08,2.0398604572e-08,2.0398604572e-08,2.0398604572e-08,2.0398604572e-08,2.0398604572e-08,2.0398604572e-08,2.0398604572e-08,2.0398604572e-08,2.0398604572e-08,2.0398604572e-08,2.0398604572e-08,2.0398604572e-08,2.0398604572e-08,2.0398604572e-08,2.0398604572e-08,2.0398604572e-08,2.0398604572e-08,2.0398604599e-08,2.0398609862e-08,2.0399501643e-08,2.0459373669e-08,2.2032834871e-08,3.8052751759e-08,1.0424346498e-07,2.4754142266e-07,5.3931773763e-07,1.2188279949e-06,2.5318430692e-06,4.4311595395e-06,6.5957165660e-06,8.6763441318e-06,1.0456133244e-05,1.2609489036e-05,1.5218246887e-05,1.8381709784e-05,2.2220308083e-05,2.6879874339e-05,3.2536303192e-05,3.9399907140e-05,4.7717680412e-05,5.7769441064e-05,6.9849679994e-05,8.4220155553e-05,1.0100879438e-04,1.2002030532e-04,1.4041878284e-04,1.6025232203e-04,1.7582496706e-04,1.8098452919e-04,1.6646775818e-04,1.1948396991e-04,2.3674382350e-05,2.2742535709e-03,3.9215617752e-03,5.0831773216e-03,5.8565795203e-03,6.3224773531e-03,6.5475922429e-03,6.5869477298e-03,6.4857600746e-03,6.2810067515e-03,6.0027352151e-03,5.6751619756e-03,5.3176016957e-03,4.9452575082e-03,4.5698968620e-03,4.2004317344e-03,3.8434177956e-03,3.5034838958e-03,3.1837008751e-03,2.8858969895e-03,2.6109260641e-03,2.3588886921e-03,2.0947703393e-03,1.8246137524e-03,1.5562170784e-03,1.2986672658e-03,1.0614288574e-03,8.5305476891e-04,6.7977589028e-04,5.4438176188e-04,4.4579694886e-04,3.7953399127e-04,3.3887614872e-04,3.1639953613e-04,3.0537183955e-04,3.0064967562e-04,2.9891626000e-04,2.9838086589e-04,2.9824430321e-04,2.9821605314e-04,2.9821139345e-04,2.9821079077e-04,2.9821073142e-04,2.9821072793e-04,2.9821072860e-04,2.9821072925e-04,2.9821072966e-04,2.9821072988e-04,2.9821072997e-04,2.9821073000e-04,2.9821073000e-04,2.9821073001e-04,2.9821073001e-04,2.9821073001e-04,2.9821073001e-04,2.9821073001e-04,2.9821073001e-04,2.9821073001e-04,2.9821073001e-04,2.9821073001e-04,2.9821073001e-04,2.9821073001e-04,2.9821073001e-04,2.9821073001e-04,2.9821073001e-04,2.9821073001e-04,2.9821073001e-04,2.9821073001e-04,2.9821073001e-04,2.9821073001e-04,2.9821073001e-04,2.9821073001e-04,2.9821073001e-04,2.9821073001e-04,2.9821073001e-04,2.9821073001e-04,2.9821073001e-04,2.9821073001e-04,2.9821073001e-04,2.9821073001e-04,2.9821073001e-04,2.9821073001e-04,2.9821073001e-04,2.9821073001e-04,2.9821073001e-04,2.9821073001e-04,2.9821073001e-04,2.9821073001e-04,2.9821073001e-04,2.9821073001e-04,2.9821073001e-04,2.9821073001e-04,2.9821073001e-04,2.9821073001e-04,2.9821073001e-04,2.9821073001e-04,2.9821073001e-04,2.9821073001e-04,2.9821073001e-04,2.9821073001e-04,2.9821073001e-04,2.9821073001e-04,2.9821073001e-04,2.9821073001e-04,2.9821073001e-04,2.9821073001e-04,2.9821073001e-04,2.9821073001e-04,2.9821073001e-04,2.9821073001e-04,2.9821073001e-04,2.9821073001e-04,2.9821073001e-04,2.9821073001e-04,2.9821073001e-04,2.9821073001e-04,2.9821073001e-04,2.9821073001e-04,2.9821073001e-04,2.9821073001e-04,2.9821073001e-04,2.9821073001e-04,2.9821073001e-04,2.9821073001e-04,2.9821073001e-04,2.9821073001e-04,2.9821073001e-04,2.9821073001e-04,2.9821073001e-04,2.9821073001e-04,2.9821073001e-04,2.9821073001e-04,2.9821073001e-04,2.9821073001e-04,2.9821073001e-04,2.9821073001e-04,2.9821073001e-04,2.9821073001e-04,2.9821073001e-04,2.9821073001e-04,2.9821073001e-04,2.9821073001e-04,2.9821073001e-04,2.9821073001e-04,2.9821073004e-04,2.9821073189e-04,2.9821080591e-04,2.9821287845e-04,2.9825341328e-04,2.9880593483e-04,3.0405487138e-04,3.3893981165e-04,5.0272302550e-04,1.0558237222e-03,2.4374941412e-03,5.0874703103e-03,9.1593749616e-03,1.4388078113e-02,2.0211643390e-02,2.6009508854e-02,3.1289152742e-02,3.5760338513e-02,3.9323861491e-02,4.2031347014e-02,4.4076795366e-02,4.5886027091e-02,4.8360718916e-02,5.3262813677e-02,6.3587213733e-02,8.3659491371e-02,1.1873608254e-01,1.7408895915e-01,2.5379897264e-01,3.5963471046e-01,4.9041182590e-01,6.4208579360e-01,8.0854161636e-01,9.8276056805e-01,1.1579532780e+00,1.3283694083e+00,1.4896946268e+00,1.6390982065e+00,1.7973758460e+00,1.9635049398e+00,2.1360304069e+00,2.3130092092e+00,2.4919540545e+00,2.6697800610e+00,2.8427537100e+00,3.0064406394e+00,3.1556440835e+00,3.2843178375e+00,3.3854243934e+00,3.4506863149e+00,3.4701389709e+00,3.4313185622e+00,3.3177737725e+00,3.1062856284e+00,2.7615028325e+00,2.2250717741e+00,1.3920689505e+00,6.1408875428e-01,7.9345479214e-01,1.0035734959e+00,1.2138381970e+00,1.4180323685e+00,1.6113717396e+00,1.7906024343e+00,1.9538766300e+00,2.1005049876e+00,2.2306680047e+00,2.3451410047e+00,2.4450616492e+00,2.5317498073e+00,2.6065779757e+00,2.6708847164e+00,2.7259217587e+00,2.7728257949e+00,2.8126073787e+00,2.8461509906e+00,2.8742218906e+00,2.8974766815e+00,2.9164765889e+00,2.9381958153e+00,2.9569807918e+00,2.9588678211e+00,2.9139624734e+00,2.7616045678e+00,2.3907272642e+00,1.6726412839e+00,7.2076799923e-01,1.3456528597e-01,9.6215229164e-03,7.8120396749e-04,5.6547578349e-04,5.6358143951e-04,5.6357524995e-04,5.6357524224e-04,5.6357524224e-04,5.6357524224e-04,5.6357524224e-04,5.6357524224e-04,5.6357524224e-04,5.6357524224e-04,5.6357524224e-04,5.6357524224e-04,5.6357524224e-04,5.6357524224e-04,5.6357524224e-04,5.6357524224e-04,5.6357524224e-04,5.6357524224e-04,5.6357524224e-04,5.6357524224e-04,5.6357524224e-04,5.6357524224e-04,5.6357524224e-04,5.6357524224e-04,5.6357524224e-04,5.6357524224e-04,5.6357524224e-04,5.6357524224e-04,5.6357524224e-04,5.6357524224e-04,5.6357524224e-04,5.6357524224e-04,5.6357524224e-04,5.6357524224e-04,5.6357524222e-04,5.6357523209e-04,5.6357322224e-04,5.6344452976e-04,5.6068048784e-04,5.4044945098e-04,4.8567367536e-04,4.1384846323e-04,3.4864227973e-04,2.9848849203e-04,2.6278571260e-04,2.3831218891e-04,2.2185793031e-04,2.1091108712e-04,2.0367225658e-04,1.9637732426e-04,1.8902731593e-04,1.8162295494e-04,1.7416464062e-04,1.6665236340e-04,1.5908560344e-04,1.5146319763e-04,1.4378319218e-04,1.3604265024e-04,1.2823742567e-04,1.2036188468e-04,1.1240856612e-04,1.0436776824e-04,9.6227046667e-05,8.7970595775e-05,7.9578504780e-05,7.1025839003e-05,6.2281527065e-05,5.3306999424e-05,4.4054524247e-05
3.2848807496e-07,2.9721135850e-06,2.9093745641e-06,2.8051439948e-06,2.6577384342e-06,2.4697329737e-06,2.2491246632e-06,2.0082262382e-06,1.7610544497e-06,1.5205293143e-06,1.2965234866e-06,1.0951321975e-06,9.1895917231e-07,7.6795916741e-07,6.4040665298e-07,5.3372316067e-07,4.4506279067e-07,3.7166509694e-07,3.1103213739e-07,2.6099260619e-07,2.1970300686e-07,1.8561901022e-07,1.5745663510e-07,1.2456045985e-07,9.0408074586e-08,6.0600215590e-08,4.0292583966e-08,3.0188632514e-08,2.6061876782e-08,2.3545755849e-08,2.1484747787e-08,2.0562557920e-08,2.0408074791e-08,2.0398811451e-08,2.0398606325e-08,2.0398604573e-08,2.0398604572e-08,2.0398604572e-08,2.0398604572e-08,2.0398604572e-08,2.0398604572e-08,2.0398604572e-08,2.0398604572e-08,2.0398604572e-08,2.0398604572e-08,2.0398604572e-08,2.0398604572e-08,2.0398604572e-08,2.0398604572e-08,2.0398604572e-08,2.0398604572e-08,2.0398604572e-08,2.0398604572e-08,2.0398604572e-08,2.0398604572e-08,2.0398604572e-08,2.0398604572e-08,2.0398604572e-08,2.0398604572e-08,2.0398604572e-08,2.0398604572e-08,2.0398604572e-08,2.0398604572e-08,2.0398604572e-08,2.0398604572e-08,2.0398604572e-08,2.0398604572e-08,2.0398604572e-08,2.0398604663e-08,2.0398629664e-08,2.0401958904e-08,2.0577052931e-08,2.4145836152e-08,5.2187390585e-08,1.4326923821e-07,3.1214061561e-07,6.5583848144e-07,1.4966574685e-06,3.1579565175e-06,5.5799061862e-06,8.3483265848e-06,1.1012834741e-05,1.3293470863e-05,1.6053764340e-05,1.9398560420e-05,2.3454795471e-05,2.8375757295e-05,3.4345617012e-05,4.1583431918e-05,5.0344894180e-05,6.0918341188e-05,7.3608618251e-05,8.8698036905e-05,1.0636812694e-04,1.2656040581e-04,1.4875184063e-04,1.7162547011e-04,1.9263335955e-04,2.0747914619e-04,2.0958497997e-04,1.8963709278e-04,1.3530411963e-04,3.1176838191e-05,2.3810823671e-03,4.1266211664e-03,5.3832187332e-03,6.2464421015e-03,6.7953295745e-03,7.0952079295e-03,7.2000083173e-03,7.1541721187e-03,6.9942223719e-03,6.7500630394e-03,6.4460570614e-03,6.1019246177e-03,5.7334950631e-03,5.3533394094e-03,4.9713048221e-03,4.5949682093e-03,4.2300224620e-03,3.8806061108e-03,3.5495849827e-03,3.2387927538e-03,2.9492302460e-03,2.6404743701e-03,2.3184069324e-03,1.9913334975e-03,1.6697588189e-03,1.3656098980e-03,1.0908412582e-03,8.5557611303e-04,6.6622555629e-04,5.2422596387e-04,4.2593836728e-04,3.6381548215e-04,3.2840577458e-04,3.1046726980e-04,3.0252259676e-04,2.9950137342e-04,2.9853325510e-04,2.9827676519e-04,2.9822160652e-04,2.9821214258e-04,2.9821086795e-04,2.9821073618e-04,2.9821072701e-04,2.9821072765e-04,2.9821072860e-04,2.9821072928e-04,2.9821072969e-04,2.9821072989e-04,2.9821072997e-04,2.9821073000e-04,2.9821073001e-04,2.9821073001e-04,2.9821073001e-04,2.9821073001e-04,2.9821073001e-04,2.9821073001e-04,2.9821073001e-04,2.9821073001e-04,2.9821073001e-04,2.9821073001e-04,2.9821073001e-04,2.9821073001e-04,2.9821073001e-04,2.9821073001e-04,2.9821073001e-04,2.9821073001e-04,2.9821073001e-04,2.9821073001e-04,2.9821073001e-04,2.9821073001e-04,2.9821073001e-04,2.9821073001e-04,2.9821073001e-04,2.9821073001e-04,2.9821073001e-04,2.9821073001e-04,2.9821073001e-04,2.9821073001e-04,2.9821073001e-04,2.9821073001e-04,2.9821073001e-04,2.9821073001e-04,2.9821073001e-04,2.9821073001e-04,2.9821073001e-04,2.9821073001e-04,2.9821073001e-04,2.9821073001e-04,2.9821073001e-04,2.9821073001e-04,2.9821073001e-04,2.9821073001e-04,2.9821073001e-04,2.9821073001e-04,2.9821073001e-04,2.9821073001e-04,2.9821073001e-04,2.9821073001e-04,2.9821073001e-04,2.9821073001e-04,2.9821073001e-04,2.9821073001e-04,2.9821073001e-04,2.9821073001e-04,2.9821073001e-04,2.9821073001e-04,2.9821073001e-04,2.9821073001e-04,2.9821073001e-04,2.9821073001e-04,2.9821073001e-04,2.9821073001e-04,2.9821073001e-04,2.9821073001e-04,2.9821073001e-04,2.9821073001e-04,2.9821073001e-04,2.9821073001e-04,2.9821073001e-04,2.9821073001e-04,2.9821073001e-04,2.9821073001e-04,2.9821073001e-04,2.9821073001e-04,2.9821073001e-04,2.9821073001e-04,2.9821073001e-04,2.9821073001e-04,2.9821073001e-04,2.9821073001e-04,2.9821073001e-04,2.9821073001e-04,2.9821073001e-04,2.9821073001e-04,2.9821073001e-04,2.9821073001e-04,2.9821073001e-04,2.9821073001e-04,2.9821073001e-04,2.9821073001e-04,2.9821073001e-04,2.9821073001e-04,2.9821073002e-04,2.9821073068e-04,2.9821075948e-04,2.9821163950e-04,2.9823042593e-04,2.9850985296e-04,3.0140330093e-04,3.2231371683e-04,4.2860621591e-04,8.1462009179e-04,1.8418682555e-03,3.9167595894e-03,7.2335981777e-03,1.1613687990e-02,1.6580585536e-02,2.1573100091e-02,2.6130384817e-02,2.9973902246e-02,3.3002193523e-02,3.5247434596e-02,3.6843855973e-02,3.8063837683e-02,3.9492603251e-02,4.2391736021e-02,4.9185796497e-02,6.3823240097e-02,9.1667946398e-02,1.3871058205e-01,2.1020583416e-01,3.0916254047e-01,4.3527398749e-01,5.8475501951e-01,7.5114713214e-01,9.2670716249e-01,1.1038206028e+00,1.2760280679e+00,1.4385298717e+00,1.5882469092e+00,1.7236029978e+00,1.8637681807e+00,2.0074787709e+00,2.1531546533e+00,2.2988774918e+00,2.4423687439e+00,2.5809692971e+00,2.7116182283e+00,2.8308256159e+00,2.9346302222e+00,3.0185262348e+00,3.0773322611e+00,3.1049568932e+00,3.0939811930e+00,3.0349141566e+00,2.9148485846e+00,2.7149715715e+00,2.4057636417e+00,1.9372010909e+00,1.2171998658e+00,6.5296698150e-01,7.7902174683e-01,9.3323933908e-01,1.0897636823e+00,1.2436245812e+00,1.3908261719e+00,1.5285075041e+00,1.6549069379e+00,1.7692051068e+00,1.8713150484e+00,1.9616690465e+00,2.0410309993e+00,2.1103465504e+00,2.1706323622e+00,2.2229000676e+00,2.2681081250e+00,2.3071345986e+00,2.3407647275e+00,2.3696883641e+00,2.3945035827e+00,2.4157238152e+00,2.4337877334e+00,2.4559963288e+00,2.4794135210e+00,2.4958571200e+00,2.4868160606e+00,2.4120526869e+00,2.1884402834e+00,1.6868617937e+00,8.8133157513e-01,2.1563493104e-01,1.9945870448e-02,1.1786608822e-03,5.7058100302e-04,5.6360471521e-04,5.6357528919e-04,5.6357524227e-04,5.6357524224e-04,5.6357524224e-04,5.6357524224e-04,5.6357524224e-04,5.6357524224e-04,5.6357524224e-04,5.6357524224e-04,5.6357524224e-04,5.6357524224e-04,5.6357524224e-04,5.6357524224e-04,5.6357524224e-04,5.6357524224e-04,5.6357524224e-04,5.6357524224e-04,5.6357524224e-04,5.6357524224e-04,5.6357524224e-04,5.6357524224e-04,5.6357524224e-04,5.6357524224e-04,5.6357524224e-04,5.6357524224e-04,5.6357524224e-04,5.6357524224e-04,5.6357524224e-04,5.6357524224e-04,5.6357524224e-04,5.6357524224e-04,5.6357524224e-04,5.6357524199e-04,5.6357516060e-04,5.6356537741e-04,5.6314869870e-04,5.5696023650e-04,5.2468544755e-04,4.5817264948e-04,3.8352928751e-04,3.2056857239e-04,2.7386972639e-04,2.4125214871e-04,2.1912612225e-04,2.0433935289e-04,1.9453705614e-04,1.8806928642e-04,1.8156217458e-04,1.7501627343e-04,1.6843185280e-04,1.6180887995e-04,1.5514694627e-04,1.4844517508e-04,1.4170211261e-04,1.3491559066e-04,1.2808256518e-04,1.2119891187e-04,1.1425918700e-04,1.0725632446e-04,1.0018127751e-04,9.3022572493e-05,8.5765770107e-05,7.8392805338e-05,7.0881184001e-05,6.3203000136e-05,5.5323739926e-05,4.7200810838e-05
4.2463991925e-07,2.8795049079e-06,2.8160851047e-06,2.7140706137e-06,2.5752010739e-06,2.4034893996e-06,2.2055708514e-06,1.9902681212e-06,1.7674960072e-06,1.5468990690e-06,1.3366588745e-06,1.1427612706e-06,9.6879746137e-07,8.1619735715e-07,6.8471190536e-07,5.7296592209e-07,4.7895654819e-07,4.0043635957e-07,3.3517035839e-07,2.8108506620e-07,2.3633857508e-07,1.9933955667e-07,1.6873775950e-07,1.3296517331e-07,9.5809611100e-08,6.3385233749e-08,4.1343733612e-08,3.0511615389e-08,2.6334639376e-08,2.4000155446e-08,2.1916020068e-08,2.0702765280e-08,2.0422460112e-08,2.0399309107e-08,2.0398612542e-08,2.0398604604e-08,2.0398604572e-08,2.0398604572e-08,2.0398604572e-08,2.0398604572e-08,2.0398604572e-08,2.0398604572e-08,2.0398604572e-08,2.0398604572e-08,2.0398604572e-08,2.0398604572e-08,2.0398604572e-08,2.0398604572e-08,2.0398604572e-08,2.0398604572e-08,2.0398604572e-08,2.0398604572e-08,2.0398604572e-08,2.0398604572e-08,2.0398604572e-08,2.0398604572e-08,2.0398604572e-08,2.0398604572e-08,2.0398604572e-08,2.0398604572e-08,2.0398604572e-08,2.0398604572e-08,2.0398604572e-08,2.0398604572e-08,2.0398604572e-08,2.0398604572e-08,2.0398604572e-08,2.0398604572e-08,2.0398605172e-08,2.0398749466e-08,2.0413175959e-08,2.0977458571e-08,2.9447824150e-08,7.8492764118e-08,2.0059931434e-07,3.9771544422e-07,8.1748452769e-07,1.9139389888e-06,4.1311515237e-06,7.3870438351e-06,1.1118139652e-05,1.4712597546e-05,1.7790134052e-05,2.1514965971e-05,2.6027219647e-05,3.1495137565e-05,3.8119121741e-05,4.6134739344e-05,5.5812791672e-05,6.7453198728e-05,8.1367418720e-05,9.7841489850e-05,1.1706888826e-04,1.3904006014e-04,1.6337508913e-04,1.8908925545e-04,2.1428972135e-04,2.3581538285e-04,2.4884865387e-04,2.4654210420e-04,2.1970689752e-04,1.5659723197e-04,4.2793418313e-05,2.4995487212e-03,4.3515387482e-03,5.7121235083e-03,6.6750708011e-03,7.3178254914e-03,7.7043422801e-03,7.8874165124e-03,7.9106012001e-03,7.8097839278e-03,7.6144848796e-03,7.3489266548e-03,7.0329176124e-03,6.6825829897e-03,6.3109717742e-03,5.9285621105e-03,5.5436837207e-03,5.1628722839e-03,4.7911678284e-03,4.4323668459e-03,4.0892359403e-03,3.7636867586e-03,3.4097216790e-03,3.0321309963e-03,2.6387013016e-03,2.2404039091e-03,1.8510409548e-03,1.4861193146e-03,1.1608718809e-03,8.8766879760e-04,6.7348788735e-04,5.1839752716e-04,4.1581984638e-04,3.5460865442e-04,3.2211313847e-04,3.0700978852e-04,3.0097234666e-04,2.9893561257e-04,2.9836683944e-04,2.9823780746e-04,2.9821444286e-04,2.9821112004e-04,2.9821075537e-04,2.9821072631e-04,2.9821072606e-04,2.9821072740e-04,2.9821072850e-04,2.9821072924e-04,2.9821072968e-04,2.9821072989e-04,2.9821072998e-04,2.9821073000e-04,2.9821073001e-04,2.9821073001e-04,2.9821073001e-04,2.9821073001e-04,2.9821073001e-04,2.9821073001e-04,2.9821073001e-04,2.9821073001e-04,2.9821073001e-04,2.9821073001e-04,2.9821073001e-04,2.9821073001e-04,2.9821073001e-04,2.9821073001e-04,2.9821073001e-04,2.9821073001e-04,2.9821073001e-04,2.9821073001e-04,2.9821073001e-04,2.9821073001e-04,2.9821073001e-04,2.9821073001e-04,2.9821073001e-04,2.9821073001e-04,2.9821073001e-04,2.9821073001e-04,2.9821073001e-04,2.9821073001e-04,2.9821073001e-04,2.9821073001e-04,2.9821073001e-04,2.9821073001e-04,2.9821073001e-04,2.9821073001e-04,2.9821073001e-04,2.9821073001e-04,2.9821073001e-04,2.9821073001e-04,2.9821073001e-04,2.9821073001e-04,2.9821073001e-04,2.9821073001e-04,2.9821073001e-04,2.9821073001e-04,2.9821073001e-04,2.9821073001e-04,2.9821073001e-04,2.9821073001e-04,2.9821073001e-04,2.9821073001e-04,2.9821073001e-04,2.9821073001e-04,2.9821073001e-04,2.9821073001e-04,2.9821073001e-04,2.9821073001e-04,2.9821073001e-04,2.9821073001e-04,2.9821073001e-04,2.9821073001e-04,2.9821073001e-04,2.9821073001e-04,2.9821073001e-04,2.9821073001e-04,2.9821073001e-04,2.9821073001e-04,2.9821073001e-04,2.9821073001e-04,2.9821073001e-04,2.9821073001e-04,2.9821073001e-04,2.9821073001e-04,2.9821073001e-04,2.9821073001e-04,2.9821073001e-04,2.9821073001e-04,2.9821073001e-04,2.9821073001e-04,2.9821073001e-04,2.9821073001e-04,2.9821073001e-04,2.9821073001e-04,2.9821073001e-04,2.9821073001e-04,2.9821073001e-04,2.9821073001e-04,2.9821073001e-04,2.9821073001e-04,2.9821073001e-04,2.9821073001e-04,2.9821073001e-04,2.9821073038e-04,2.9821074730e-04,2.9821128678e-04,2.9822330361e-04,2.9840971291e-04,3.0042092122e-04,3.1554000706e-04,3.9527054661e-04,6.9446590912e-04,1.5127709711e-03,3.2004558299e-03,5.9360452598e-03,9.5747460729e-03,1.3706218090e-02,1.7842604336e-02,2.1585221855e-02,2.4698007629e-02,2.7101057801e-02,2.8827695947e-02,2.9985582750e-02,3.0763790886e-02,3.1552170647e-02,3.3259517140e-02,3.7849378980e-02,4.8902727951e-02,7.1785603273e-02,1.1300429580e-01,1.7868998055e-01,2.7268934504e-01,3.9509685273e-01,5.4194152127e-01,7.0614025127e-01,8.7918905630e-01,1.0528480271e+00,1.2203090329e+00,1.3767118593e+00,1.5191381463e+00,1.6463019079e+00,1.7581286613e+00,1.8709334555e+00,1.9835110523e+00,2.0944694010e+00,2.2022261634e+00,2.3050033167e+00,2.4008203545e+00,2.4874829840e+00,2.5625621647e+00,2.6233551179e+00,2.6668147281e+00,2.6894250171e+00,2.6869850530e+00,2.6542355223e+00,2.5842078935e+00,2.4670655288e+00,2.2879672771e+00,2.0229324387e+00,1.6303074698e+00,1.0316482031e+00,6.9655488294e-01,7.7914017825e-01,8.8629905123e-01,9.9679517532e-01,1.1068620257e+00,1.2133282695e+00,1.3138084523e+00,1.4067313364e+00,1.4912567657e+00,1.5671347326e+00,1.6345490947e+00,1.6939729547e+00,1.7460490346e+00,1.7914987310e+00,1.8310579092e+00,1.8654349280e+00,1.8952857442e+00,1.9212013433e+00,1.9437035716e+00,1.9632463538e+00,1.9802201051e+00,1.9949587973e+00,2.0136958225e+00,2.0350657474e+00,2.0546938010e+00,2.0623302361e+00,2.0344877112e+00,1.9172247572e+00,1.6073009990e+00,1.0080297845e+00,3.3227530275e-01,4.2457954520e-02,2.4156821769e-03,5.9254155255e-04,5.6374038967e-04,5.6357559508e-04,5.6357524252e-04,5.6357524224e-04,5.6357524224e-04,5.6357524224e-04,5.6357524224e-04,5.6357524224e-04,5.6357524224e-04,5.6357524224e-04,5.6357524224e-04,5.6357524224e-04,5.6357524224e-04,5.6357524224e-04,5.6357524224e-04,5.6357524224e-04,5.6357524224e-04,5.6357524224e-04,5.6357524224e-04,5.6357524224e-04,5.6357524224e-04,5.6357524224e-04,5.6357524224e-04,5.6357524224e-04,5.6357524224e-04,5.6357524224e-04,5.6357524224e-04,5.6357524224e-04,5.6357524224e-04,5.6357524224e-04,5.6357524224e-04,5.6357524224e-04,5.6357524223e-04,5.6357523966e-04,5.6357467634e-04,5.6352936547e-04,5.6222307564e-04,5.4899889908e-04,5.0075365525e-04,4.2459832891e-04,3.5006395839e-04,2.9113240622e-04,2.4880534696e-04,2.1973635273e-04,2.0020032860e-04,1.8721427460e-04,1.7863316502e-04,1.7298223930e-04,1.6730533995e-04,1.6160264477e-04,1.5587407528e-04,1.5011928044e-04,1.4433757688e-04,1.3852786727e-04,1.3268854720e-04,1.2681738803e-04,1.2091139643e-04,1.1496664244e-04,1.0897804801e-04,1.0293913289e-04,9.6841698615e-05,9.0675451261e-05,8.4427532455e-05,7.8081952363e-05,7.1618896312e-05,6.5013878917e-05,5.8236709712e-05,5.1250226404e-05
5.2916743050e-07,2.7822415279e-06,2.7223573775e-06,2.6270703658e-06,2.4991037080e-06,2.3427357276e-06,2.1637792395e-06,1.9692642441e-06,1.7668464375e-06,1.5640702609e-06,1.3676609639e-06,1.1829964026e-06,1.0138393018e-06,8.6233080477e-07,7.2918619222e-07,6.1400670923e-07,5.1562464943e-07,4.3242051495e-07,3.6257826737e-07,3.0426835012e-07,2.5576396554e-07,2.1550406912e-07,1.8211895961e-07,1.4300847603e-07,1.0232124668e-07,6.6792783996e-08,4.2670318616e-08,3.0918376970e-08,2.6583228862e-08,2.4362120511e-08,2.2316298266e-08,2.0880438084e-08,2.0447632810e-08,2.0400486910e-08,2.0398632029e-08,2.0398604728e-08,2.0398604572e-08,2.0398604572e-08,2.0398604572e-08,2.0398604572e-08,2.0398604572e-08,2.0398604572e-08,2.0398604572e-08,2.0398604572e-08,2.0398604572e-08,2.0398604572e-08,2.0398604572e-08,2.0398604572e-08,2.0398604572e-08,2.0398604572e-08,2.0398604572e-08,2.0398604572e-08,2.0398604572e-08,2.0398604572e-08,2.0398604572e-08,2.0398604572e-08,2.0398604572e-08,2.0398604572e-08,2.0398604572e-08,2.0398604572e-08,2.0398604572e-08,2.0398604572e-08,2.0398604572e-08,2.0398604572e-08,2.0398604572e-08,2.0398604572e-08,2.0398604572e-08,2.0398604577e-08,2.0398607716e-08,2.0399216043e-08,2.0446462576e-08,2.1869907627e-08,3.8222543473e-08,1.1125964470e-07,2.5899873096e-07,4.7967492270e-07,9.8620926264e-07,2.3873011599e-06,5.2677876920e-06,9.5170313186e-06,1.4392717236e-05,1.9090271533e-05,2.3110370689e-05,2.7972122145e-05,3.3853335940e-05,4.0963964450e-05,4.9548078402e-05,5.9882756739e-05,7.2271068632e-05,8.7025050857e-05,1.0443301110e-04,1.2470394218e-04,1.4788077907e-04,1.7371433350e-04,2.0149173769e-04,2.2981765715e-04,2.5635333962e-04,2.7752671083e-04,2.8823401592e-04,2.8155689529e-04,2.4851527731e-04,1.7786441330e-04,5.5924022946e-05,2.5958415200e-03,4.5313733144e-03,5.9743621507e-03,7.0173152691e-03,7.7365605076e-03,8.1950756647e-03,8.4448201134e-03,8.5286540955e-03,8.4819175143e-03,8.3337282602e-03,8.1080500267e-03,7.8245710225e-03,7.4994277751e-03,7.1458021786e-03,6.7744148942e-03,6.3939340223e-03,6.0113144935e-03,5.6320807626e-03,5.2605630370e-03,4.9000953402e-03,4.5531751114e-03,4.1701162879e-03,3.7541295737e-03,3.3116132292e-03,2.8527010630e-03,2.3913890635e-03,1.9449288825e-03,1.5322153426e-03,1.1711173301e-03,8.7515157276e-04,6.5046192091e-04,4.9438097454e-04,3.9646687853e-04,3.4178399351e-04,3.1502538998e-04,3.0375242887e-04,2.9974048515e-04,2.9855758666e-04,2.9827412441e-04,2.9821990164e-04,2.9821175613e-04,2.9821081010e-04,2.9821072787e-04,2.9821072430e-04,2.9821072589e-04,2.9821072741e-04,2.9821072855e-04,2.9821072929e-04,2.9821072971e-04,2.9821072991e-04,2.9821072998e-04,2.9821073000e-04,2.9821073001e-04,2.9821073001e-04,2.9821073001e-04,2.9821073001e-04,2.9821073001e-04,2.9821073001e-04,2.9821073001e-04,2.9821073001e-04,2.9821073001e-04,2.9821073001e-04,2.9821073001e-04,2.9821073001e-04,2.9821073001e-04,2.9821073001e-04,2.9821073001e-04,2.9821073001e-04,2.9821073001e-04,2.9821073001e-04,2.9821073001e-04,2.9821073001e-04,2.9821073001e-04,2.9821073001e-04,2.9821073001e-04,2.9821073001e-04,2.9821073001e-04,2.9821073001e-04,2.9821073001e-04,2.9821073001e-04,2.9821073001e-04,2.9821073001e-04,2.9821073001e-04,2.9821073001e-04,2.9821073001e-04,2.9821073001e-04,2.9821073001e-04,2.9821073001e-04,2.9821073001e-04,2.9821073001e-04,2.9821073001e-04,2.9821073001e-04,2.9821073001e-04,2.9821073001e-04,2.9821073001e-04,2.9821073001e-04,2.9821073001e-04,2.9821073001e-04,2.9821073001e-04,2.9821073001e-04,2.9821073001e-04,2.9821073001e-04,2.9821073001e-04,2.9821073001e-04,2.9821073001e-04,2.9821073001e-04,2.9821073001e-04,2.9821073001e-04,2.9821073001e-04,2.9821073001e-04,2.9821073001e-04,2.9821073001e-04,2.9821073001e-04,2.9821073001e-04,2.9821073001e-04,2.9821073001e-04,2.9821073001e-04,2.9821073001e-04,2.9821073001e-04,2.9821073001e-04,2.9821073001e-04,2.9821073001e-04,2.9821073001e-04,2.9821073001e-04,2.9821073001e-04,2.9821073001e-04,2.9821073001e-04,2.9821073001e-04,2.9821073001e-04,2.9821073001e-04,2.9821073001e-04,2.9821073001e-04,2.9821073001e-04,2.9821073001e-04,2.9821073001e-04,2.9821073001e-04,2.9821073001e-04,2.9821073001e-04,2.9821073001e-04,2.9821073001e-04,2.9821073001e-04,2.9821073013e-04,2.9821073635e-04,2.9821095267e-04,2.9821621562e-04,2.9830539176e-04,2.9935569535e-04,3.0796019836e-04,3.5724531133e-04,5.5700006754e-04,1.1422054637e-03,2.4212473903e-03,4.5921061239e-03,7.5802938343e-03,1.1055209178e-02,1.4587867178e-02,1.7810682377e-02,2.0497091908e-02,2.2563486834e-02,2.4031498254e-02,2.4986428468e-02,2.5562425699e-02,2.6003868266e-02,2.6895243907e-02,2.9651712452e-02,3.7200174734e-02,5.4458073016e-02,8.8015532882e-02,1.4469230745e-01,2.2934599341e-01,3.4294952005e-01,4.8194973437e-01,6.3918133413e-01,8.0574668093e-01,9.7294850423e-01,1.1336350912e+00,1.2827858976e+00,1.4174921577e+00,1.5365942750e+00,1.6402018801e+00,1.7292379818e+00,1.8170955011e+00,1.9027814419e+00,1.9851968451e+00,2.0631375983e+00,2.1352921169e+00,2.2002359160e+00,2.2564201844e+00,2.3021498448e+00,2.3355440104e+00,2.3544675228e+00,2.3564150380e+00,2.3383162817e+00,2.2962071472e+00,2.2246645174e+00,2.1158062838e+00,1.9574473608e+00,1.7295094650e+00,1.3965313806e+00,8.9062569018e-01,7.3242042658e-01,7.8926182300e-01,8.6761025627e-01,9.4947569319e-01,1.0319161166e+00,1.1123600100e+00,1.1888004056e+00,1.2598545179e+00,1.3247235623e+00,1.3830951589e+00,1.4350246476e+00,1.4808200360e+00,1.5209439218e+00,1.5559371901e+00,1.5863640229e+00,1.6127751350e+00,1.6356852962e+00,1.6555613321e+00,1.6728173734e+00,1.6878148336e+00,1.7008652575e+00,1.7122356877e+00,1.7267906883e+00,1.7437071638e+00,1.7602553105e+00,1.7701773132e+00,1.7590207274e+00,1.6914520828e+00,1.4912311385e+00,1.0534310745e+00,4.3697668566e-01,7.3952916246e-02,4.8929407327e-03,6.5289809785e-04,5.6423933023e-04,5.6357707519e-04,5.6357524416e-04,5.6357524224e-04,5.6357524224e-04,5.6357524224e-04,5.6357524224e-04,5.6357524224e-04,5.6357524224e-04,5.6357524224e-04,5.6357524224e-04,5.6357524224e-04,5.6357524224e-04,5.6357524224e-04,5.6357524224e-04,5.6357524224e-04,5.6357524224e-04,5.6357524224e-04,5.6357524224e-04,5.6357524224e-04,5.6357524224e-04,5.6357524224e-04,5.6357524224e-04,5.6357524224e-04,5.6357524224e-04,5.6357524224e-04,5.6357524224e-04,5.6357524224e-04,5.6357524224e-04,5.6357524224e-04,5.6357524224e-04,5.6357524224e-04,5.6357524221e-04,5.6357522730e-04,5.6357282354e-04,5.6343051966e-04,5.6042313040e-04,5.3809280333e-04,4.7652783649e-04,3.9586757478e-04,3.2361631633e-04,2.6884244101e-04,2.3032036158e-04,2.0415604075e-04,1.8667946682e-04,1.7510329543e-04,1.6746991057e-04,1.6244956965e-04,1.5741106550e-04,1.5235436530e-04,1.4727920575e-04,1.4218507951e-04,1.3707118200e-04,1.3193633862e-04,1.2677892463e-04,1.2159676119e-04,1.1638699367e-04,1.1114593729e-04,1.0586889354e-04,1.0054992541e-04,9.5181581481e-05,8.9754558581e-05,8.4257295320e-05,7.8675468700e-05,7.2991384194e-05,6.7183230601e-05,6.1224169905e-05,5.5081217529e-05
6.8405960469e-07,2.6509395705e-06,2.5978131380e-06,2.5136491093e-06,2.4011774307e-06,2.2642564877e-06,2.1077036537e-06,1.9370269155e-06,1.7580693673e-06,1.5766067708e-06,1.3979555146e-06,1.2266484270e-06,1.0662203327e-06,9.1912061505e-07,7.8674493503e-07,6.6955941769e-07,5.6728146265e-07,4.7908144090e-07,4.0377636236e-07,3.3999641670e-07,2.8631523613e-07,2.4134264077e-07,2.0378454727e-07,1.5948880792e-07,1.1312978759e-07,7.2500244342e-08,4.4909375005e-08,3.1581867458e-08,2.6900371811e-08,2.4767025533e-08,2.2799324725e-08,2.1162570703e-08,2.0503136010e-08,2.0404062721e-08,2.0398712292e-08,2.0398605395e-08,2.0398604572e-08,2.0398604572e-08,2.0398604572e-08,2.0398604572e-08,2.0398604572e-08,2.0398604572e-08,2.0398604572e-08,2.0398604572e-08,2.0398604572e-08,2.0398604572e-08,2.0398604572e-08,2.0398604572e-08,2.0398604572e-08,2.0398604572e-08,2.0398604572e-08,2.0398604572e-08,2.0398604572e-08,2.0398604572e-08,2.0398604572e-08,2.0398604572e-08,2.0398604572e-08,2.0398604572e-08,2.0398604572e-08,2.0398604572e-08,2.0398604572e-08,2.0398604572e-08,2.0398604572e-08,2.0398604572e-08,2.0398604572e-08,2.0398604572e-08,2.0398604572e-08,2.0398604628e-08,2.0398625173e-08,2.0401623297e-08,2.0573893159e-08,2.4377484224e-08,5.6268062728e-08,1.6244849580e-07,3.3650649563e-07,5.8660403752e-07,1.2359108713e-06,3.1471448894e-06,7.1354914532e-06,1.3038204324e-05,1.9809653944e-05,2.6321180491e-05,3.1878648914e-05,3.8578401429e-05,4.6646267579e-05,5.6339654871e-05,6.7944012400e-05,8.1763467664e-05,9.8102447784e-05,1.1723440498e-04,1.3935313652e-04,1.6450194712e-04,1.9247630971e-04,2.2269696680e-04,2.5405267472e-04,2.8471486818e-04,3.1192991328e-04,3.3179746870e-04,3.3904469077e-04,3.2680451953e-04,2.8640135068e-04,2.0713901814e-04,7.6073934693e-05,2.7025857183e-03,4.7260084577e-03,6.2565525267e-03,7.3854789803e-03,8.1880265434e-03,8.7262210036e-03,9.0511957599e-03,9.2051053345e-03,9.2227011857e-03,9.1326281793e-03,8.9584905635e-03,8.7197281438e-03,8.4323364397e-03,8.1094587791e-03,7.7618734022e-03,7.3983945706e-03,7.0262032928e-03,6.6511204677e-03,6.2778329269e-03,5.9100809446e-03,5.5508068737e-03,5.1476670198e-03,4.7016179674e-03,4.2166593097e-03,3.7006936651e-03,3.1661705671e-03,2.6302035606e-03,2.1137781736e-03,1.6397107569e-03,1.2292880527e-03,8.9808881186e-04,6.5223665447e-04,4.8678175168e-04,3.8740107237e-04,3.3501229927e-04,3.1120822794e-04,3.0206254112e-04,2.9914955632e-04,2.9839532163e-04,2.9823948059e-04,2.9821421097e-04,2.9821104309e-04,2.9821074170e-04,2.9821072224e-04,2.9821072345e-04,2.9821072551e-04,2.9821072721e-04,2.9821072846e-04,2.9821072926e-04,2.9821072971e-04,2.9821072991e-04,2.9821072998e-04,2.9821073000e-04,2.9821073001e-04,2.9821073001e-04,2.9821073001e-04,2.9821073001e-04,2.9821073001e-04,2.9821073001e-04,2.9821073001e-04,2.9821073001e-04,2.9821073001e-04,2.9821073001e-04,2.9821073001e-04,2.9821073001e-04,2.9821073001e-04,2.9821073001e-04,2.9821073001e-04,2.9821073001e-04,2.9821073001e-04,2.9821073001e-04,2.9821073001e-04,2.9821073001e-04,2.9821073001e-04,2.9821073001e-04,2.9821073001e-04,2.9821073001e-04,2.9821073001e-04,2.9821073001e-04,2.9821073001e-04,2.9821073001e-04,2.9821073001e-04,2.9821073001e-04,2.9821073001e-04,2.9821073001e-04,2.9821073001e-04,2.9821073001e-04,2.9821073001e-04,2.9821073001e-04,2.9821073001e-04,2.9821073001e-04,2.9821073001e-04,2.9821073001e-04,2.9821073001e-04,2.9821073001e-04,2.9821073001e-04,2.9821073001e-04,2.9821073001e-04,2.9821073001e-04,2.9821073001e-04,2.9821073001e-04,2.9821073001e-04,2.9821073001e-04,2.9821073001e-04,2.9821073001e-04,2.9821073001e-04,2.9821073001e-04,2.9821073001e-04,2.9821073001e-04,2.9821073001e-04,2.9821073001e-04,2.9821073001e-04,2.9821073001e-04,2.9821073001e-04,2.9821073001e-04,2.9821073001e-04,2.9821073001e-04,2.9821073001e-04,2.9821073001e-04,2.9821073001e-04,2.9821073001e-04,2.9821073001e-04,2.9821073001e-04,2.9821073001e-04,2.9821073001e-04,2.9821073001e-04,2.9821073001e-04,2.9821073001e-04,2.9821073001e-04,2.9821073001e-04,2.9821073001e-04,2.9821073001e-04,2.9821073001e-04,2.9821073001e-04,2.9821073001e-04,2.9821073001e-04,2.9821073001e-04,2.9821073001e-04,2.9821073001e-04,2.9821073001e-04,2.9821073007e-04,2.9821073356e-04,2.9821086049e-04,2.9821408480e-04,2.9827111610e-04,2.9897186399e-04,3.0495360540e-04,3.4057971511e-04,4.9023245262e-04,9.4251869731e-04,1.9562839339e-03,3.7091631987e-03,6.1512087536e-03,9.0086003104e-03,1.1916798641e-02,1.4561259096e-02,1.6748936807e-02,1.8410574912e-02,1.9567225488e-02,2.0291774022e-02,2.0687820520e-02,2.0920567467e-02,2.1383039020e-02,2.3128038995e-02,2.8598559522e-02,4.2326672916e-02,7.0873402708e-02,1.2141693152e-01,1.9928028188e-01,3.0565369598e-01,4.3682584019e-01,5.8525396193e-01,7.4170593112e-01,8.9737400399e-01,1.0452577086e+00,1.1806834471e+00,1.3011823094e+00,1.4060359517e+00,1.4957364642e+00,1.5715021741e+00,1.6349058289e+00,1.6958651236e+00,1.7536792925e+00,1.8075978992e+00,1.8568211026e+00,1.9004964000e+00,1.9377116068e+00,1.9674817108e+00,1.9887259996e+00,2.0002298580e+00,2.0005822931e+00,1.9880744429e+00,1.9605338483e+00,1.9150495098e+00,1.8475037089e+00,1.7517452671e+00,1.6180591311e+00,1.4301606549e+00,1.1588429067e+00,7.4726621762e-01,7.7256859322e-01,8.0867978624e-01,8.6298081781e-01,9.2059941242e-01,9.7934930650e-01,1.0372363619e+00,1.0926418460e+00,1.1444005740e+00,1.1917938779e+00,1.2344886808e+00,1.2724523374e+00,1.3058649581e+00,1.3350419307e+00,1.3603720725e+00,1.3822720844e+00,1.4011554328e+00,1.4174127961e+00,1.4314011383e+00,1.4434388401e+00,1.4538048460e+00,1.4627402998e+00,1.4704525131e+00,1.4802046628e+00,1.4913394659e+00,1.5019903731e+00,1.5083189512e+00,1.5019635894e+00,1.4618791561e+00,1.3383278296e+00,1.0441350480e+00,5.4292134983e-01,1.2647073549e-01,1.0987689517e-02,8.6218730340e-04,5.6661604876e-04,5.6358660770e-04,5.6357525825e-04,5.6357524225e-04,5.6357524224e-04,5.6357524224e-04,5.6357524224e-04,5.6357524224e-04,5.6357524224e-04,5.6357524224e-04,5.6357524224e-04,5.6357524224e-04,5.6357524224e-04,5.6357524224e-04,5.6357524224e-04,5.6357524224e-04,5.6357524224e-04,5.6357524224e-04,5.6357524224e-04,5.6357524224e-04,5.6357524224e-04,5.6357524224e-04,5.6357524224e-04,5.6357524224e-04,5.6357524224e-04,5.6357524224e-04,5.6357524224e-04,5.6357524224e-04,5.6357524224e-04,5.6357524224e-04,5.6357524224e-04,5.6357524224e-04,5.6357524193e-04,5.6357514632e-04,5.6356410950e-04,5.6310033759e-04,5.5620031184e-04,5.2000336904e-04,4.4567753838e-04,3.6367275485e-04,2.9579787944e-04,2.4624239148e-04,2.1204271321e-04,1.8904477731e-04,1.7376776954e-04,1.6368070960e-04,1.5704187356e-04,1.5268071048e-04,1.4830761745e-04,1.4392241046e-04,1.3952470477e-04,1.3511390109e-04,1.3068914051e-04,1.2624924486e-04,1.2179264296e-04,1.1731728553e-04,1.1282053709e-04,1.0829904544e-04,1.0374858264e-04,9.9163850807e-05,9.4538245129e-05,8.9863563402e-05,8.5129654765e-05,8.0323986768e-05,7.5431118145e-05,7.0432059262e-05,6.5303483506e-05,6.0016762863e-05
9.1732516690e-07,2.4821157281e-06,2.4381150781e-06,2.3684377489e-06,2.2752316897e-06,2.1614627387e-06,2.0307494097e-06,1.8871611201e-06,1.7349915676e-06,1.5785240370e-06,1.4218083351e-06,1.2684688686e-06,1.1215597232e-06,9.8347626951e-07,8.5592527089e-07,7.3994826093e-07,6.3598745434e-07,5.4398039015e-07,4.6346900547e-07,3.9371037305e-07,3.3377927552e-07,2.8265619587e-07,2.3929840444e-07,1.8730787073e-07,1.3190354058e-07,8.2609718978e-08,4.8890753386e-08,3.2695966069e-08,2.7299698743e-08,2.5208219348e-08,2.3354228831e-08,2.1580978244e-08,2.0621686435e-08,2.0415127766e-08,2.0399066680e-08,2.0398609522e-08,2.0398604600e-08,2.0398604572e-08,2.0398604572e-08,2.0398604572e-08,2.0398604572e-08,2.0398604572e-08,2.0398604572e-08,2.0398604572e-08,2.0398604572e-08,2.0398604572e-08,2.0398604572e-08,2.0398604572e-08,2.0398604572e-08,2.0398604572e-08,2.0398604572e-08,2.0398604572e-08,2.0398604572e-08,2.0398604572e-08,2.0398604572e-08,2.0398604572e-08,2.0398604572e-08,2.0398604572e-08,2.0398604572e-08,2.0398604572e-08,2.0398604572e-08,2.0398604572e-08,2.0398604572e-08,2.0398604572e-08,2.0398604572e-08,2.0398604572e-08,2.0398604572e-08,2.0398605173e-08,2.0398763737e-08,2.0415240515e-08,2.1081443645e-08,3.1333999318e-08,9.1390479187e-08,2.3761826835e-07,4.3588859156e-07,7.2940927606e-07,1.6364977872e-06,4.4696035169e-06,1.0445869614e-05,1.9283852533e-05,2.9362148013e-05,3.8969739451e-05,4.7096792172e-05,5.6807125815e-05,6.8369604863e-05,8.2071940280e-05,9.8208171643e-05,1.1705851358e-04,1.3885906476e-04,1.6375889770e-04,1.9176214993e-04,2.2265312749e-04,2.5590313507e-04,2.9055872390e-04,3.2511216960e-04,3.5735603334e-04,3.8422431285e-04,4.0162260209e-04,4.0424852196e-04,3.8540122613e-04,3.3677496730e-04,2.4822667706e-04,1.0749951005e-04,2.8186392714e-03,4.9294093749e-03,6.5481083017e-03,7.7647361984e-03,8.6534644671e-03,9.2754034766e-03,9.6808962972e-03,9.9114151695e-03,1.0001126564e-02,9.9781808199e-03,9.8657735816e-03,9.6830186500e-03,9.4456652866e-03,9.1666874556e-03,8.8567677811e-03,8.5246950468e-03,8.1776907775e-03,7.8216776934e-03,7.4615005613e-03,7.1011080823e-03,6.7436955501e-03,6.3361942933e-03,5.8769557673e-03,5.3668531710e-03,4.8102928506e-03,4.2162257909e-03,3.5989360807e-03,2.9782636240e-03,2.3788155106e-03,1.8277204970e-03,1.3507300203e-03,9.6711383705e-04,6.8478563131e-04,4.9788563359e-04,3.8866327696e-04,3.3342886247e-04,3.0975213746e-04,3.0132777561e-04,2.9889050407e-04,2.9832819182e-04,2.9822653290e-04,2.9821234856e-04,2.9821084219e-04,2.9821072409e-04,2.9821071983e-04,2.9821072232e-04,2.9821072477e-04,2.9821072674e-04,2.9821072820e-04,2.9821072914e-04,2.9821072966e-04,2.9821072989e-04,2.9821072998e-04,2.9821073000e-04,2.9821073001e-04,2.9821073001e-04,2.9821073001e-04,2.9821073001e-04,2.9821073001e-04,2.9821073001e-04,2.9821073001e-04,2.9821073001e-04,2.9821073001e-04,2.9821073001e-04,2.9821073001e-04,2.9821073001e-04,2.9821073001e-04,2.9821073001e-04,2.9821073001e-04,2.9821073001e-04,2.9821073001e-04,2.9821073001e-04,2.9821073001e-04,2.9821073001e-04,2.9821073001e-04,2.9821073001e-04,2.9821073001e-04,2.9821073001e-04,2.9821073001e-04,2.9821073001e-04,2.9821073001e-04,2.9821073001e-04,2.9821073001e-04,2.9821073001e-04,2.9821073001e-04,2.9821073001e-04,2.9821073001e-04,2.9821073001e-04,2.9821073001e-04,2.9821073001e-04,2.9821073001e-04,2.9821073001e-04,2.9821073001e-04,2.9821073001e-04,2.9821073001e-04,2.9821073001e-04,2.9821073001e-04,2.9821073001e-04,2.9821073001e-04,2.9821073001e-04,2.9821073001e-04,2.9821073001e-04,2.9821073001e-04,2.9821073001e-04,2.9821073001e-04,2.9821073001e-04,2.9821073001e-04,2.9821073001e-04,2.9821073001e-04,2.9821073001e-04,2.9821073001e-04,2.9821073001e-04,2.9821073001e-04,2.9821073001e-04,2.9821073001e-04,2.9821073001e-04,2.9821073001e-04,2.9821073001e-04,2.9821073001e-04,2.9821073001e-04,2.9821073001e-04,2.9821073001e-04,2.9821073001e-04,2.9821073001e-04,2.9821073001e-04,2.9821073001e-04,2.9821073001e-04,2.9821073001e-04,2.9821073001e-04,2.9821073001e-04,2.9821073001e-04,2.9821073001e-04,2.9821073001e-04,2.9821073001e-04,2.9821073001e-04,2.9821073001e-04,2.9821073001e-04,2.9821073001e-04,2.9821073001e-04,2.9821073007e-04,2.9821073310e-04,2.9821084327e-04,2.9821363720e-04,2.9826293948e-04,2.9886681079e-04,3.0400035997e-04,3.3441360224e-04,4.6132601977e-04,8.4180682116e-04,1.6865809870e-03,3.1316578589e-03,5.1212748874e-03,7.4198199066e-03,9.7272228595e-03,1.1793648018e-02,1.3473261508e-02,1.4721279031e-02,1.5563726637e-02,1.6064687558e-02,1.6306782008e-02,1.6409469763e-02,1.6658943441e-02,1.7899235030e-02,2.2289118887e-02,3.4140038206e-02,5.9979349388e-02,1.0702694207e-01,1.8041028622e-01,2.8071987317e-01,4.0344721971e-01,5.4046403434e-01,6.8245139893e-01,8.2103504000e-01,9.4999586223e-01,1.0655639928e+00,1.1661158323e+00,1.2516168962e+00,1.3230473876e+00,1.3819285571e+00,1.4299835255e+00,1.4689211795e+00,1.5051380407e+00,1.5382139841e+00,1.5677084542e+00,1.5931587649e+00,1.6140753298e+00,1.6299334401e+00,1.6401598243e+00,1.6441112961e+00,1.6410412882e+00,1.6300474917e+00,1.6099893108e+00,1.5793555915e+00,1.5360473822e+00,1.4770091658e+00,1.3975760984e+00,1.2902573525e+00,1.1423209932e+00,9.3061583048e-01,6.0935967413e-01,8.1623215404e-01,8.3698488311e-01,8.7256228599e-01,9.1099324748e-01,9.5073835539e-01,9.9032321577e-01,1.0284996256e+00,1.0643298324e+00,1.0972018947e+00,1.1267972535e+00,1.1530334682e+00,1.1760003680e+00,1.1959011507e+00,1.2130040099e+00,1.2276057169e+00,1.2400062268e+00,1.2504923395e+00,1.2593282311e+00,1.2667508807e+00,1.2729687865e+00,1.2781627551e+00,1.2824888026e+00,1.2876714613e+00,1.2929950051e+00,1.2969035433e+00,1.2967149397e+00,1.2874282542e+00,1.2570883461e+00,1.1763830096e+00,9.8604055960e-01,6.2168773661e-01,2.0275110643e-01,2.5166971849e-02,1.5939778833e-03,5.7868874783e-04,5.6365551603e-04,5.6357540122e-04,5.6357524236e-04,5.6357524224e-04,5.6357524224e-04,5.6357524224e-04,5.6357524224e-04,5.6357524224e-04,5.6357524224e-04,5.6357524224e-04,5.6357524224e-04,5.6357524224e-04,5.6357524224e-04,5.6357524224e-04,5.6357524224e-04,5.6357524224e-04,5.6357524224e-04,5.6357524224e-04,5.6357524224e-04,5.6357524224e-04,5.6357524224e-04,5.6357524224e-04,5.6357524224e-04,5.6357524224e-04,5.6357524224e-04,5.6357524224e-04,5.6357524224e-04,5.6357524224e-04,5.6357524224e-04,5.6357524224e-04,5.6357524223e-04,5.6357523916e-04,5.6357457902e-04,5.6352208412e-04,5.6202041354e-04,5.4694735845e-04,4.9278136562e-04,4.0937929856e-04,3.2985795546e-04,2.6829169269e-04,2.2475734122e-04,1.9519339999e-04,1.7548161495e-04,1.6244921647e-04,1.5386763514e-04,1.4822881318e-04,1.4452826862e-04,1.4082039524e-04,1.3710492264e-04,1.3338140466e-04,1.2964921578e-04,1.2590750917e-04,1.2215516628e-04,1.1839073889e-04,1.1461237176e-04,1.1081771564e-04,1.0700381576e-04,1.0316697792e-04,9.9302605741e-05,9.5404999865e-05,9.1467113637e-05,8.7480256044e-05,8.3433729294e-05,7.9314382633e-05,7.5106070835e-05,7.0788995364e-05,6.6338881113e-05
1.1858339781e-06,2.3225921687e-06,2.2865772580e-06,2.2294851044e-06,2.1528679663e-06,2.0588830204e-06,1.9501734421e-06,1.8297294253e-06,1.7007375818e-06,1.5664282821e-06,1.4299307651e-06,1.2941451742e-06,1.1616390156e-06,1.0345731005e-06,9.1465916641e-07,8.0314839184e-07,7.0084748121e-07,6.0815701321e-07,5.2512568719e-07,4.5151380337e-07,3.8685983096e-07,3.3054489933e-07,2.8185226131e-07,2.2212530077e-07,1.5662271563e-07,9.6537710887e-08,5.4496069640e-08,3.4196890487e-08,2.7691647147e-08,2.5561855366e-08,2.3826418585e-08,2.2015306047e-08,2.0794256252e-08,2.0438205435e-08,2.0400109113e-08,2.0398626354e-08,2.0398604698e-08,2.0398604571e-08,2.0398604571e-08,2.0398604571e-08,2.0398604571e-08,2.0398604571e-08,2.0398604571e-08,2.0398604571e-08,2.0398604571e-08,2.0398604571e-08,2.0398604571e-08,2.0398604571e-08,2.0398604571e-08,2.0398604571e-08,2.0398604571e-08,2.0398604571e-08,2.0398604571e-08,2.0398604571e-08,2.0398604571e-08,2.0398604571e-08,2.0398604571e-08,2.0398604571e-08,2.0398604571e-08,2.0398604571e-08,2.0398604571e-08,2.0398604571e-08,2.0398604571e-08,2.0398604571e-08,2.0398604571e-08,2.0398604571e-08,2.0398604578e-08,2.0398608974e-08,2.0399464152e-08,2.0465093002e-08,2.2406805659e-08,4.4140350240e-08,1.3783269385e-07,3.1667810211e-07,5.3207936783e-07,8.8427483368e-07,2.1682556152e-06,6.3350410606e-06,1.5139265178e-05,2.8030139473e-05,4.2491502388e-05,5.6038391926e-05,6.7325861267e-05,8.0629694595e-05,9.6225575821e-05,1.1438657354e-04,1.3536373786e-04,1.5935938508e-04,1.8649147345e-04,2.1674778007e-04,2.4992880252e-04,2.8557861812e-04,3.2290329562e-04,3.6067679908e-04,3.9713455061e-04,4.2985480327e-04,4.5562758512e-04,4.7031008308e-04,4.6866584316e-04,4.4418301484e-04,3.8886405843e-04,2.9297591272e-04,1.4474200117e-04,2.9169360373e-03,5.0924317441e-03,6.7775766377e-03,8.0613000182e-03,9.0169040741e-03,9.7047785993e-03,1.0174659116e-02,1.0467499482e-02,1.0617021004e-02,1.0650991421e-02,1.0592279196e-02,1.0459721488e-02,1.0268838026e-02,1.0032417796e-02,9.7610009141e-03,9.4632742757e-03,9.1463963306e-03,8.8162636805e-03,8.4777299497e-03,8.1347855426e-03,7.7906982445e-03,7.3936120814e-03,6.9399268686e-03,6.4279651015e-03,5.8589578473e-03,5.2381513910e-03,4.5759055797e-03,3.8885517802e-03,3.1986442700e-03,2.5341029634e-03,1.9257019972e-03,1.4025973498e-03,9.8633423111e-04,6.8503084432e-04,4.9053999974e-04,3.8098899210e-04,3.2836193137e-04,3.0729532339e-04,3.0042555671e-04,2.9863883416e-04,2.9827515278e-04,2.9821814787e-04,2.9821135943e-04,2.9821075425e-04,2.9821071710e-04,2.9821071852e-04,2.9821072161e-04,2.9821072434e-04,2.9821072652e-04,2.9821072810e-04,2.9821072911e-04,2.9821072966e-04,2.9821072990e-04,2.9821072998e-04,2.9821073000e-04,2.9821073001e-04,2.9821073001e-04,2.9821073001e-04,2.9821073001e-04,2.9821073001e-04,2.9821073001e-04,2.9821073001e-04,2.9821073001e-04,2.9821073001e-04,2.9821073001e-04,2.9821073001e-04,2.9821073001e-04,2.9821073001e-04,2.9821073001e-04,2.9821073001e-04,2.9821073001e-04,2.9821073001e-04,2.9821073001e-04,2.9821073001e-04,2.9821073001e-04,2.9821073001e-04,2.9821073001e-04,2.9821073001e-04,2.9821073001e-04,2.9821073001e-04,2.9821073001e-04,2.9821073001e-04,2.9821073001e-04,2.9821073001e-04,2.9821073001e-04,2.9821073001e-04,2.9821073001e-04,2.9821073001e-04,2.9821073001e-04,2.9821073001e-04,2.9821073001e-04,2.9821073001e-04,2.9821073001e-04,2.9821073001e-04,2.9821073001e-04,2.9821073001e-04,2.9821073001e-04,2.9821073001e-04,2.9821073001e-04,2.9821073001e-04,2.9821073001e-04,2.9821073001e-04,2.9821073001e-04,2.9821073001e-04,2.9821073001e-04,2.9821073001e-04,2.9821073001e-04,2.9821073001e-04,2.9821073001e-04,2.9821073001e-04,2.9821073001e-04,2.9821073001e-04,2.9821073001e-04,2.9821073001e-04,2.9821073001e-04,2.9821073001e-04,2.9821073001e-04,2.9821073001e-04,2.9821073001e-04,2.9821073001e-04,2.9821073001e-04,2.9821073001e-04,2.9821073001e-04,2.9821073001e-04,2.9821073001e-04,2.9821073001e-04,2.9821073001e-04,2.9821073001e-04,2.9821073001e-04,2.9821073001e-04,2.9821073001e-04,2.9821073001e-04,2.9821073001e-04,2.9821073001e-04,2.9821073001e-04,2.9821073001e-04,2.9821073001e-04,2.9821073001e-04,2.9821073004e-04,2.9821073168e-04,2.9821079417e-04,2.9821245007e-04,2.9824298143e-04,2.9863355937e-04,3.0209827064e-04,3.2348089756e-04,4.1617221803e-04,7.0365463779e-04,1.3604163284e-03,2.5092222995e-03,4.1166120192e-03,5.9933935348e-03,7.8889185562e-03,9.5906482097e-03,1.0972985432e-02,1.1996424673e-02,1.2682118425e-02,1.3083462958e-02,1.3267037892e-02,1.3318529877e-02,1.3428814932e-02,1.4203312437e-02,1.7362825381e-02,2.6674691497e-02,4.8256807268e-02,8.9210905778e-02,1.5473555587e-01,2.4547812643e-01,3.5692294649e-01,4.8098951380e-01,6.0858485131e-01,7.3175506573e-01,8.4481788701e-01,9.4455025265e-01,1.0298013255e+00,1.1008914981e+00,1.1590295150e+00,1.2058528199e+00,1.2431124863e+00,1.2724828680e+00,1.2954630664e+00,1.3160252426e+00,1.3339178453e+00,1.3488784492e+00,1.3606310383e+00,1.3688808844e+00,1.3733065707e+00,1.3735478123e+00,1.3691870013e+00,1.3597212193e+00,1.3445194179e+00,1.3227558703e+00,1.2933043736e+00,1.2545649993e+00,1.2041697151e+00,1.1384591955e+00,1.0515012014e+00,9.3312446281e-01,7.6465489174e-01,5.0871813709e-01,8.5241461487e-01,8.6459392294e-01,8.8900773506e-01,9.1580654314e-01,9.4387107814e-01,9.7208141722e-01,9.9945536268e-01,1.0252300647e+00,1.0488877846e+00,1.0701399834e+00,1.0888876671e+00,1.1051733550e+00,1.1191349738e+00,1.1309670609e+00,1.1408910468e+00,1.1491342256e+00,1.1559160103e+00,1.1614397904e+00,1.1658888197e+00,1.1694248354e+00,1.1721884182e+00,1.1743012679e+00,1.1764668915e+00,1.1778704131e+00,1.1769993384e+00,1.1715281105e+00,1.1577222279e+00,1.1276608001e+00,1.0626319462e+00,9.2312942082e-01,6.5181941953e-01,2.7365835089e-01,4.6679554470e-02,3.2611827117e-03,6.1822912553e-04,5.6397144493e-04,5.6357630281e-04,5.6357524331e-04,5.6357524224e-04,5.6357524224e-04,5.6357524224e-04,5.6357524224e-04,5.6357524224e-04,5.6357524224e-04,5.6357524224e-04,5.6357524224e-04,5.6357524224e-04,5.6357524224e-04,5.6357524224e-04,5.6357524224e-04,5.6357524224e-04,5.6357524224e-04,5.6357524224e-04,5.6357524224e-04,5.6357524224e-04,5.6357524224e-04,5.6357524224e-04,5.6357524224e-04,5.6357524224e-04,5.6357524224e-04,5.6357524224e-04,5.6357524224e-04,5.6357524224e-04,5.6357524224e-04,5.6357524224e-04,5.6357524219e-04,5.6357522244e-04,5.6357212294e-04,5.6339381081e-04,5.5974349997e-04,5.3364582489e-04,4.6484118950e-04,3.7849355499e-04,3.0357488808e-04,2.4803366677e-04,2.0957195402e-04,1.8372735097e-04,1.6659167144e-04,1.5529757830e-04,1.4787395342e-04,1.4300122343e-04,1.3980553321e-04,1.3660510260e-04,1.3339962827e-04,1.3018865811e-04,1.2697158289e-04,1.2374760336e-04,1.2051568630e-04,1.1727451278e-04,1.1402241632e-04,1.1075730247e-04,1.0747655687e-04,1.0417693000e-04,1.0085439321e-04,9.7503972371e-05,9.4119532317e-05,9.0693525605e-05,8.7216676515e-05,8.3677601054e-05,8.0062341465e-05,7.6353795107e-05,7.2531006971e-05
1.5902046903e-06,2.1323403039e-06,2.1046212254e-06,2.0606149744e-06,2.0013001683e-06,1.9280652189e-06,1.8426385381e-06,1.7470074032e-06,1.6433299704e-06,1.5338452185e-06,1.4207856191e-06,1.3062969599e-06,1.1923690467e-06,1.0807800863e-06,9.7305645275e-07,8.7044838537e-07,7.7392109481e-07,6.8415978963e-07,6.0158644773e-07,5.2638567357e-07,4.5853681428e-07,3.9784955335e-07,3.4400145088e-07,2.7579864855e-07,1.9756655064e-07,1.2158048791e-07,6.5253551168e-08,3.7084269234e-08,2.8253190676e-08,2.5908583936e-08,2.4324171578e-08,2.2555992850e-08,2.1088494648e-08,2.0495108928e-08,2.0403808352e-08,2.0398711057e-08,2.0398605426e-08,2.0398604572e-08,2.0398604571e-08,2.0398604571e-08,2.0398604571e-08,2.0398604571e-08,2.0398604571e-08,2.0398604571e-08,2.0398604571e-08,2.0398604571e-08,2.0398604571e-08,2.0398604571e-08,2.0398604571e-08,2.0398604571e-08,2.0398604571e-08,2.0398604571e-08,2.0398604571e-08,2.0398604571e-08,2.0398604571e-08,2.0398604571e-08,2.0398604571e-08,2.0398604571e-08,2.0398604571e-08,2.0398604571e-08,2.0398604571e-08,2.0398604571e-08,2.0398604571e-08,2.0398604571e-08,2.0398604571e-08,2.0398604571e-08,2.0398604675e-08,2.0398642242e-08,2.0403832095e-08,2.0684150509e-08,2.6464990154e-08,7.1468992429e-08,2.1056980200e-07,4.2099067624e-07,6.5515935566e-07,1.1276054448e-06,3.1885554709e-06,1.0033411032e-05,2.4259911819e-05,4.4405030343e-05,6.6165815894e-05,8.5894268978e-05,1.0192736702e-04,1.2043313629e-04,1.4164622184e-04,1.6577013704e-04,1.9295413632e-04,2.2326446545e-04,2.5664902338e-04,2.9289481783e-04,3.3157765587e-04,3.7200354307e-04,4.1314123583e-04,4.5354525979e-04,4.9126842423e-04,5.2376238040e-04,5.4776403951e-04,5.5916463980e-04,5.5285689057e-04,5.2255388711e-04,4.6057134903e-04,3.5756214459e-04,2.0218215554e-04,3.0286603136e-03,5.2645386083e-03,7.0132553669e-03,8.3624328281e-03,9.3843542053e-03,1.0138596857e-02,1.0674234616e-02,1.1031672194e-02,1.1244168115e-02,1.1339095726e-02,1.1338985105e-02,1.1262382478e-02,1.1124558110e-02,1.0938088751e-02,1.0713336443e-02,1.0458841845e-02,1.0181647183e-02,9.8875613063e-03,9.5813771821e-03,9.2670503500e-03,8.9478387115e-03,8.5749291912e-03,8.1430708045e-03,7.6482578156e-03,7.0885786544e-03,6.4652401756e-03,5.7837208285e-03,5.0549483526e-03,4.2962998070e-03,3.5320677001e-03,2.7928374987e-03,2.1130751663e-03,1.5263687968e-03,1.0585509815e-03,7.2048638197e-04,5.0395875461e-04,3.8404474883e-04,3.2810426598e-04,3.0668785019e-04,3.0012302738e-04,2.9854689647e-04,2.9825597775e-04,2.9821530933e-04,2.9821105525e-04,2.9821072831e-04,2.9821071345e-04,2.9821071663e-04,2.9821072027e-04,2.9821072343e-04,2.9821072597e-04,2.9821072780e-04,2.9821072897e-04,2.9821072960e-04,2.9821072988e-04,2.9821072998e-04,2.9821073000e-04,2.9821073001e-04,2.9821073001e-04,2.9821073001e-04,2.9821073001e-04,2.9821073001e-04,2.9821073001e-04,2.9821073001e-04,2.9821073001e-04,2.9821073001e-04,2.9821073001e-04,2.9821073001e-04,2.9821073001e-04,2.9821073001e-04,2.9821073001e-04,2.9821073001e-04,2.9821073001e-04,2.9821073001e-04,2.9821073001e-04,2.9821073001e-04,2.9821073001e-04,2.9821073001e-04,2.9821073001e-04,2.9821073001e-04,2.9821073001e-04,2.9821073001e-04,2.9821073001e-04,2.9821073001e-04,2.9821073001e-04,2.9821073001e-04,2.9821073001e-04,2.9821073001e-04,2.9821073001e-04,2.9821073001e-04,2.9821073001e-04,2.9821073001e-04,2.9821073001e-04,2.9821073001e-04,2.9821073001e-04,2.9821073001e-04,2.9821073001e-04,2.9821073001e-04,2.9821073001e-04,2.9821073001e-04,2.9821073001e-04,2.9821073001e-04,2.9821073001e-04,2.9821073001e-04,2.9821073001e-04,2.9821073001e-04,2.9821073001e-04,2.9821073001e-04,2.9821073001e-04,2.9821073001e-04,2.9821073001e-04,2.9821073001e-04,2.9821073001e-04,2.9821073001e-04,2.9821073001e-04,2.9821073001e-04,2.9821073001e-04,2.9821073001e-04,2.9821073001e-04,2.9821073001e-04,2.9821073001e-04,2.9821073001e-04,2.9821073001e-04,2.9821073001e-04,2.9821073001e-04,2.9821073001e-04,2.9821073001e-04,2.9821073001e-04,2.9821073001e-04,2.9821073001e-04,2.9821073001e-04,2.9821073001e-04,2.9821073001e-04,2.9821073001e-04,2.9821073001e-04,2.9821073001e-04,2.9821073001e-04,2.9821073001e-04,2.9821073003e-04,2.9821073142e-04,2.9821078404e-04,2.9821217734e-04,2.9823783165e-04,2.9856536576e-04,3.0146290637e-04,3.1928087034e-04,3.9616566326e-04,6.3328223405e-04,1.1713971682e-03,2.1056687453e-03,3.4024023322e-03,4.9037196297e-03,6.4067619074e-03,7.7437209817e-03,8.8188549210e-03,9.6054967888e-03,1.0124314050e-02,1.0420102626e-02,1.0546152541e-02,1.0566992687e-02,1.0624492760e-02,1.1203901615e-02,1.3797792378e-02,2.1864152687e-02,4.1189229837e-02,7.8479239776e-02,1.3836280772e-01,2.2080861501e-01,3.2082114413e-01,4.3033535092e-01,5.4082006472e-01,6.4524646168e-01,7.3895807351e-01,8.1964728732e-01,8.8685659885e-01,9.4135293241e-01,9.8457347148e-01,1.0182170685e+00,1.0439823447e+00,1.0634225610e+00,1.0778811995e+00,1.0884773226e+00,1.0972092758e+00,1.1039425832e+00,1.1085356059e+00,1.1108365899e+00,1.1106790245e+00,1.1078748385e+00,1.1022044467e+00,1.0934021206e+00,1.0811342594e+00,1.0649665972e+00,1.0443136388e+00,1.0183585462e+00,9.8592193849e-01,9.4523832047e-01,8.9355669461e-01,8.2638585126e-01,7.3596888088e-01,6.0793752579e-01,4.1320323365e-01,8.9121002301e-01,8.9726249230e-01,9.1293824108e-01,9.3047382282e-01,9.4910461911e-01,9.6802503491e-01,9.8650027808e-01,1.0039396700e+00,1.0199272585e+00,1.0342179336e+00,1.0467121701e+00,1.0574217184e+00,1.0664350493e+00,1.0738874791e+00,1.0799378754e+00,1.0847519478e+00,1.0884911829e+00,1.0913061782e+00,1.0933331647e+00,1.0946927075e+00,1.0954898022e+00,1.0958156628e+00,1.0955486829e+00,1.0937865210e+00,1.0890065798e+00,1.0790075821e+00,1.0606177966e+00,1.0281021275e+00,9.6934790424e-01,8.5958462756e-01,6.5764663833e-01,3.4578918612e-01,8.3380265039e-02,7.6460265945e-03,7.7171779779e-04,5.6573533715e-04,5.6358342555e-04,5.6357525387e-04,5.6357524224e-04,5.6357524224e-04,5.6357524224e-04,5.6357524224e-04,5.6357524224e-04,5.6357524224e-04,5.6357524224e-04,5.6357524224e-04,5.6357524224e-04,5.6357524224e-04,5.6357524224e-04,5.6357524224e-04,5.6357524224e-04,5.6357524224e-04,5.6357524224e-04,5.6357524224e-04,5.6357524224e-04,5.6357524224e-04,5.6357524224e-04,5.6357524224e-04,5.6357524224e-04,5.6357524224e-04,5.6357524224e-04,5.6357524224e-04,5.6357524224e-04,5.6357524224e-04,5.6357524224e-04,5.6357524175e-04,5.6357509936e-04,5.6355948053e-04,5.6293900785e-04,5.5427109620e-04,5.1189369903e-04,4.3076744273e-04,3.4578006346e-04,2.7774532915e-04,2.2914737500e-04,1.9609357749e-04,1.7408436923e-04,1.5956206809e-04,1.5001609444e-04,1.4375122465e-04,1.3964288339e-04,1.3695003138e-04,1.3425434248e-04,1.3155550906e-04,1.2885310039e-04,1.2614655236e-04,1.2343514055e-04,1.2071794588e-04,1.1799380733e-04,1.1526127190e-04,1.1251852786e-04,1.0976332612e-04,1.0699288487e-04,1.0420376729e-04,1.0139174270e-04,9.8551606676e-05,9.5676966667e-05,9.2759981473e-05,8.9791038607e-05,8.6758364311e-05,8.3647544338e-05,8.0440924768e-05
2.1324658869e-06,1.9392352625e-06,1.9185215741e-06,1.8856008853e-06,1.8410433357e-06,1.7856835837e-06,1.7205835368e-06,1.6469889401e-06,1.5662817614e-06,1.4799305123e-06,1.3894406882e-06,1.2963074037e-06,1.2019721136e-06,1.1077849338e-06,1.0149737440e-06,9.2462075662e-07,8.3764683448e-07,7.5480338662e-07,6.7667133436e-07,6.0366629612e-07,5.3604898160e-07,4.7393960228e-07,4.1733616156e-07,3.4315142277e-07,2.5361410585e-07,1.6005388938e-07,8.3961457503e-08,4.2519579078e-08,2.9149955115e-08,2.6186848011e-08,2.4742836595e-08,2.3097132213e-08,2.1486213004e-08,2.0608103162e-08,2.0414616273e-08,2.0399069073e-08,2.0398609752e-08,2.0398604590e-08,2.0398604571e-08,2.0398604571e-08,2.0398604571e-08,2.0398604571e-08,2.0398604571e-08,2.0398604571e-08,2.0398604571e-08,2.0398604571e-08,2.0398604571e-08,2.0398604571e-08,2.0398604571e-08,2.0398604571e-08,2.0398604571e-08,2.0398604571e-08,2.0398604571e-08,2.0398604571e-08,2.0398604571e-08,2.0398604571e-08,2.0398604571e-08,2.0398604571e-08,2.0398604571e-08,2.0398604571e-08,2.0398604571e-08,2.0398604571e-08,2.0398604571e-08,2.0398604571e-08,2.0398604571e-08,2.0398604573e-08,2.0398605710e-08,2.0398887666e-08,2.0426455019e-08,2.1470149110e-08,3.6439293092e-08,1.1802628800e-07,3.0457207593e-07,5.4062827807e-07,8.0099699347e-07,1.5249074493e-06,5.1540349808e-06,1.7057808308e-05,4.0520342078e-05,7.1658000285e-05,1.0344990159e-04,1.3109197775e-04,1.5290988842e-04,1.7751165805e-04,2.0504860056e-04,2.3561805980e-04,2.6924080435e-04,3.0583451096e-04,3.4518247029e-04,3.8689699098e-04,4.3037688455e-04,4.7475826497e-04,5.1885767382e-04,5.6110622409e-04,5.9947301796e-04,6.3137551155e-04,6.5357374272e-04,6.6204437427e-04,6.5182929350e-04,6.1685200162e-04,5.4969315729e-04,4.4131432338e-04,2.8070360661e-04,3.1438856393e-03,5.4253155981e-03,7.2242517765e-03,8.6267998205e-03,9.7040977289e-03,1.0514841163e-02,1.1107411264e-02,1.1521657469e-02,1.1790384629e-02,1.1940589052e-02,1.1994482947e-02,1.1970341539e-02,1.1883202266e-02,1.1745441006e-02,1.1567246416e-02,1.1357009989e-02,1.1121646586e-02,1.0866857653e-02,1.0597347289e-02,1.0316999544e-02,1.0029017861e-02,9.6888312468e-03,9.2901767714e-03,8.8274715804e-03,8.2964843019e-03,7.6951746961e-03,7.0246994676e-03,6.2905655156e-03,5.5038709498e-03,4.6824779114e-03,3.8517748092e-03,3.0444083547e-03,2.2981039202e-03,1.6507384671e-03,1.1326375984e-03,7.5791519393e-04,5.1889561449e-04,3.8807491290e-04,3.2839721662e-04,3.0635202046e-04,2.9993089146e-04,2.9848958890e-04,2.9824482234e-04,2.9821380970e-04,2.9821091031e-04,2.9821071552e-04,2.9821071028e-04,2.9821071452e-04,2.9821071874e-04,2.9821072240e-04,2.9821072533e-04,2.9821072745e-04,2.9821072881e-04,2.9821072953e-04,2.9821072986e-04,2.9821072997e-04,2.9821073000e-04,2.9821073001e-04,2.9821073001e-04,2.9821073001e-04,2.9821073001e-04,2.9821073001e-04,2.9821073001e-04,2.9821073001e-04,2.9821073001e-04,2.9821073001e-04,2.9821073001e-04,2.9821073001e-04,2.9821073001e-04,2.9821073001e-04,2.9821073001e-04,2.9821073001e-04,2.9821073001e-04,2.9821073001e-04,2.9821073001e-04,2.9821073001e-04,2.9821073001e-04,2.9821073001e-04,2.9821073001e-04,2.9821073001e-04,2.9821073001e-04,2.9821073001e-04,2.9821073001e-04,2.9821073001e-04,2.9821073001e-04,2.9821073001e-04,2.9821073001e-04,2.9821073001e-04,2.9821073001e-04,2.9821073001e-04,2.9821073001e-04,2.9821073001e-04,2.9821073001e-04,2.9821073001e-04,2.9821073001e-04,2.9821073001e-04,2.9821073001e-04,2.9821073001e-04,2.9821073001e-04,2.9821073001e-04,2.9821073001e-04,2.9821073001e-04,2.9821073001e-04,2.9821073001e-04,2.9821073001e-04,2.9821073001e-04,2.9821073001e-04,2.9821073001e-04,2.9821073001e-04,2.9821073001e-04,2.9821073001e-04,2.9821073001e-04,2.9821073001e-04,2.9821073001e-04,2.9821073001e-04,2.9821073001e-04,2.9821073001e-04,2.9821073001e-04,2.9821073001e-04,2.9821073001e-04,2.9821073001e-04,2.9821073001e-04,2.9821073001e-04,2.9821073001e-04,2.9821073001e-04,2.9821073001e-04,2.9821073001e-04,2.9821073001e-04,2.9821073001e-04,2.9821073001e-04,2.9821073001e-04,2.9821073001e-04,2.9821073001e-04,2.9821073001e-04,2.9821073001e-04,2.9821073001e-04,2.9821073003e-04,2.9821073118e-04,2.9821077488e-04,2.9821193149e-04,2.9823320960e-04,2.9850450007e-04,3.0089970023e-04,3.1558854734e-04,3.7874711757e-04,5.7267839319e-04,1.0105215990e-03,1.7663438509e-03,2.8090378383e-03,4.0088158667e-03,5.2027033895e-03,6.2584564908e-03,7.1026904308e-03,7.7170419803e-03,8.1200286904e-03,8.3483472514e-03,8.4443132213e-03,8.4570592480e-03,8.4940090921e-03,8.9481155270e-03,1.1110862394e-02,1.8113102887e-02,3.5306276297e-02,6.8842798451e-02,1.2268499941e-01,1.9620253933e-01,2.8417405044e-01,3.7886086950e-01,4.7252930738e-01,5.5917014800e-01,6.3511374946e-01,6.9884208049e-01,7.5042960233e-01,7.9093125107e-01,8.2187849777e-01,8.4492976253e-01,8.6166109155e-01,8.7346145472e-01,8.8149629690e-01,8.8671052209e-01,8.8985104861e-01,8.9166818622e-01,8.9209073506e-01,8.9104172271e-01,8.8843577651e-01,8.8417535924e-01,8.7814542237e-01,8.7020575891e-01,8.6017994139e-01,8.4783906697e-01,8.3287738539e-01,8.1487483919e-01,7.9323774994e-01,7.6710153703e-01,7.3516442473e-01,6.9538899973e-01,6.4443484783e-01,5.7650311706e-01,4.8077948815e-01,3.3517403529e-01,9.2684228155e-01,9.2937381304e-01,9.3923251872e-01,9.5047457547e-01,9.6258907154e-01,9.7500856028e-01,9.8719561499e-01,9.9870470034e-01,1.0092125441e+00,1.0185209989e+00,1.0265416237e+00,1.0332715696e+00,1.0387680430e+00,1.0431256490e+00,1.0464584507e+00,1.0488869661e+00,1.0505294855e+00,1.0514967897e+00,1.0518893487e+00,1.0517962177e+00,1.0512950248e+00,1.0504534192e+00,1.0486174528e+00,1.0448475878e+00,1.0376300016e+00,1.0248117737e+00,1.0034097906e+00,9.6861539430e-01,9.1154918626e-01,8.1570713982e-01,6.5354111990e-01,4.0091525823e-01,1.3138907518e-01,1.6772866984e-02,1.2550973661e-03,5.7387546979e-04,5.6363060750e-04,5.6357535286e-04,5.6357524232e-04,5.6357524224e-04,5.6357524224e-04,5.6357524224e-04,5.6357524224e-04,5.6357524224e-04,5.6357524224e-04,5.6357524224e-04,5.6357524224e-04,5.6357524224e-04,5.6357524224e-04,5.6357524224e-04,5.6357524224e-04,5.6357524224e-04,5.6357524224e-04,5.6357524224e-04,5.6357524224e-04,5.6357524224e-04,5.6357524224e-04,5.6357524224e-04,5.6357524224e-04,5.6357524224e-04,5.6357524224e-04,5.6357524224e-04,5.6357524224e-04,5.6357524224e-04,5.6357524223e-04,5.6357523798e-04,5.6357435462e-04,5.6350673238e-04,5.6165522109e-04,5.4400004285e-04,4.8415440889e-04,3.9694351570e-04,3.1694393453e-04,2.5658501899e-04,2.1464079393e-04,1.8649165481e-04,1.6787520041e-04,1.5563579871e-04,1.4760655289e-04,1.4234318315e-04,1.3889398526e-04,1.3663413377e-04,1.3437262658e-04,1.3210917389e-04,1.2984338116e-04,1.2757474392e-04,1.2530262229e-04,1.2302621288e-04,1.2074451123e-04,1.1845626676e-04,1.1615993040e-04,1.1385358484e-04,1.1153486826e-04,1.0920087128e-04,1.0684801789e-04,1.0447191875e-04,1.0206719017e-04,9.9627234576e-05,9.7143973777e-05,9.4607519311e-05,9.2005774001e-05,8.9323920055e-05
2.9664683519e-06,1.7250548980e-06,1.7105645277e-06,1.6875262564e-06,1.6562238368e-06,1.6170949196e-06,1.5707137282e-06,1.5177709800e-06,1.4590516997e-06,1.3954116489e-06,1.3277531683e-06,1.2570012230e-06,1.1840804058e-06,1.1098935954e-06,1.0353028550e-06,9.6111302883e-07,8.8805836951e-07,8.1679236927e-07,7.4788083850e-07,6.8179813923e-07,6.1892636454e-07,5.5955716841e-07,5.0389691952e-07,4.2822189844e-07,3.3157549305e-07,2.2143181902e-07,1.1967289579e-07,5.4907079269e-08,3.1299063409e-08,2.6468589218e-08,2.5082721716e-08,2.3642406160e-08,2.2019410561e-08,2.0834666913e-08,2.0447732679e-08,2.0400721509e-08,2.0398639360e-08,2.0398604786e-08,2.0398604570e-08,2.0398604570e-08,2.0398604570e-08,2.0398604570e-08,2.0398604570e-08,2.0398604570e-08,2.0398604570e-08,2.0398604570e-08,2.0398604570e-08,2.0398604570e-08,2.0398604570e-08,2.0398604570e-08,2.0398604570e-08,2.0398604570e-08,2.0398604570e-08,2.0398604570e-08,2.0398604570e-08,2.0398604570e-08,2.0398604570e-08,2.0398604570e-08,2.0398604570e-08,2.0398604570e-08,2.0398604570e-08,2.0398604570e-08,2.0398604570e-08,2.0398604570e-08,2.0398604570e-08,2.0398604605e-08,2.0398618451e-08,2.0400948016e-08,2.0554704904e-08,2.4444363270e-08,6.1565961583e-08,1.9957873156e-07,4.3673049582e-07,6.9804928558e-07,1.0230890352e-06,2.4492378142e-06,1.0056076197e-05,3.3024649605e-05,7.3400224585e-05,1.2180973362e-04,1.6775465403e-04,2.0579276575e-04,2.3486166367e-04,2.6682839622e-04,3.0173428101e-04,3.3955359000e-04,3.8017378316e-04,4.2337299082e-04,4.6879368885e-04,5.1591192094e-04,5.6400125237e-04,6.1209041836e-04,6.5891334458e-04,7.0284985361e-04,7.4185491080e-04,7.7337368445e-04,7.9423896992e-04,8.0054661993e-04,7.8750348536e-04,7.4924094037e-04,6.7858525624e-04,5.6677378704e-04,4.0307879490e-04,3.2842935965e-03,5.5984418349e-03,7.4374747320e-03,8.8853873997e-03,1.0011754462e-02,1.0874095933e-02,1.1519894167e-02,1.1988299384e-02,1.2311562693e-02,1.2516234110e-02,1.2624160120e-02,1.2653311679e-02,1.2618469705e-02,1.2531791428e-02,1.2403277523e-02,1.2241156892e-02,1.2052203264e-02,1.1841995485e-02,1.1615131350e-02,1.1375403194e-02,1.1125936785e-02,1.0827695268e-02,1.0473920242e-02,1.0058075706e-02,9.5743324058e-03,9.0181783143e-03,8.3871680282e-03,7.6818353654e-03,6.9068015408e-03,6.0720887829e-03,5.1945511135e-03,4.2991123352e-03,3.4191470738e-03,2.5949564360e-03,1.8691765738e-03,1.2786370221e-03,8.4413417701e-04,5.6241982930e-04,4.0615723405e-04,3.3432637185e-04,3.0781800844e-04,3.0018989445e-04,2.9851967704e-04,2.9824664325e-04,2.9821377200e-04,2.9821088766e-04,2.9821070886e-04,2.9821070597e-04,2.9821071114e-04,2.9821071618e-04,2.9821072058e-04,2.9821072413e-04,2.9821072675e-04,2.9821072844e-04,2.9821072938e-04,2.9821072980e-04,2.9821072996e-04,2.9821073000e-04,2.9821073001e-04,2.9821073001e-04,2.9821073001e-04,2.9821073001e-04,2.9821073001e-04,2.9821073001e-04,2.9821073001e-04,2.9821073001e-04,2.9821073001e-04,2.9821073001e-04,2.9821073001e-04,2.9821073001e-04,2.9821073001e-04,2.9821073001e-04,2.9821073001e-04,2.9821073001e-04,2.9821073001e-04,2.9821073001e-04,2.9821073001e-04,2.9821073001e-04,2.9821073001e-04,2.9821073001e-04,2.9821073001e-04,2.9821073001e-04,2.9821073001e-04,2.9821073001e-04,2.9821073001e-04,2.9821073001e-04,2.9821073001e-04,2.9821073001e-04,2.9821073001e-04,2.9821073001e-04,2.9821073001e-04,2.9821073001e-04,2.9821073001e-04,2.9821073001e-04,2.9821073001e-04,2.9821073001e-04,2.9821073001e-04,2.9821073001e-04,2.9821073001e-04,2.9821073001e-04,2.9821073001e-04,2.9821073001e-04,2.9821073001e-04,2.9821073001e-04,2.9821073001e-04,2.9821073001e-04,2.9821073001e-04,2.9821073001e-04,2.9821073001e-04,2.9821073001e-04,2.9821073001e-04,2.9821073001e-04,2.9821073001e-04,2.9821073001e-04,2.9821073001e-04,2.9821073001e-04,2.9821073001e-04,2.9821073001e-04,2.9821073001e-04,2.9821073001e-04,2.9821073001e-04,2.9821073001e-04,2.9821073001e-04,2.9821073001e-04,2.9821073001e-04,2.9821073001e-04,2.9821073001e-04,2.9821073001e-04,2.9821073001e-04,2.9821073001e-04,2.9821073001e-04,2.9821073001e-04,2.9821073001e-04,2.9821073001e-04,2.9821073001e-04,2.9821073004e-04,2.9821073151e-04,2.9821078519e-04,2.9821214304e-04,2.9823599887e-04,2.9852625031e-04,3.0097061159e-04,3.1527076963e-04,3.7398726015e-04,5.4655589641e-04,9.2090620557e-04,1.5449517541e-03,2.3809540740e-03,3.3200807863e-03,4.2367188958e-03,5.0349632118e-03,5.6657064827e-03,6.1206627738e-03,6.4174524718e-03,6.5855280645e-03,6.6573300501e-03,6.6710843789e-03,6.7206177145e-03,7.1776664447e-03,9.2938669172e-03,1.6084993881e-02,3.2532558350e-02,6.3941808037e-02,1.1303458487e-01,1.7808980818e-01,2.5354171745e-01,3.3222632617e-01,4.0762312088e-01,4.7512812326e-01,5.3231237193e-01,5.7855662031e-01,6.1446581516e-01,6.4131606959e-01,6.6063904119e-01,6.7395660399e-01,6.8263766061e-01,6.8783913364e-01,6.9049783582e-01,6.9134897291e-01,6.9095570320e-01,6.8974076947e-01,6.8768227760e-01,6.8474455412e-01,6.8088727502e-01,6.7606342463e-01,6.7021655278e-01,6.6327694914e-01,6.5515624386e-01,6.4573966957e-01,6.3487476022e-01,6.2235446664e-01,6.0789124364e-01,5.9107601263e-01,5.7131075276e-01,5.4769295987e-01,5.1880749612e-01,4.8232891686e-01,4.3420661166e-01,3.6684838435e-01,2.6464153629e-01,9.6234111722e-01,9.6290317262e-01,9.6853841906e-01,9.7509756046e-01,9.8226612878e-01,9.8967438792e-01,9.9695854610e-01,1.0038081320e+00,1.0099921353e+00,1.0153649685e+00,1.0198581070e+00,1.0234642874e+00,1.0262198246e+00,1.0281885113e+00,1.0294486912e+00,1.0300838182e+00,1.0301761272e+00,1.0298027748e+00,1.0290337835e+00,1.0279312223e+00,1.0265491777e+00,1.0249349088e+00,1.0220946432e+00,1.0171046308e+00,1.0085134561e+00,9.9424807178e-01,9.7143504537e-01,9.3571987098e-01,8.7991602762e-01,7.9216500771e-01,6.5418870915e-01,4.4654565899e-01,1.9289730759e-01,3.5879486891e-02,2.8472434645e-03,6.1472696863e-04,5.6398368812e-04,5.6357644167e-04,5.6357524357e-04,5.6357524224e-04,5.6357524224e-04,5.6357524224e-04,5.6357524224e-04,5.6357524224e-04,5.6357524224e-04,5.6357524224e-04,5.6357524224e-04,5.6357524224e-04,5.6357524224e-04,5.6357524224e-04,5.6357524224e-04,5.6357524224e-04,5.6357524224e-04,5.6357524224e-04,5.6357524224e-04,5.6357524224e-04,5.6357524224e-04,5.6357524224e-04,5.6357524224e-04,5.6357524224e-04,5.6357524224e-04,5.6357524224e-04,5.6357524224e-04,5.6357524224e-04,5.6357524213e-04,5.6357520071e-04,5.6356940478e-04,5.6327427157e-04,5.5797433024e-04,5.2499909213e-04,4.4884521078e-04,3.6170876559e-04,2.8993221014e-04,2.3833246896e-04,2.0327752864e-04,1.8001023099e-04,1.6470863956e-04,1.5467862498e-04,1.4810968809e-04,1.4380771573e-04,1.4099015730e-04,1.3914479346e-04,1.3729856806e-04,1.3545122307e-04,1.3360241431e-04,1.3175170712e-04,1.2989855892e-04,1.2804229074e-04,1.2618206210e-04,1.2431683067e-04,1.2244531196e-04,1.2056592041e-04,1.1867670905e-04,1.1677528384e-04,1.1485870887e-04,1.1292338439e-04,1.1096490132e-04,1.0897786114e-04,1.0695565882e-04,1.0489021560e-04,1.0277165095e-04,1.0058785889e-04
4.4407316176e-06,1.4760669285e-06,1.4670236538e-06,1.4526629332e-06,1.4330884903e-06,1.4084793717e-06,1.3790832688e-06,1.3452090128e-06,1.3072183664e-06,1.2655172551e-06,1.2205466229e-06,1.1727731010e-06,1.1226796949e-06,1.0707566929e-06,1.0174929810e-06,9.6336794222e-07,9.0884408830e-07,8.5436055359e-07,8.0032753361e-07,7.4712173537e-07,6.9508287097e-07,6.4451118095e-07,5.9566690544e-07,5.2663501766e-07,4.3295230271e-07,3.1535252390e-07,1.8857642963e-07,8.6927273770e-08,3.8587323354e-08,2.7155173379e-08,2.5296999468e-08,2.4132479732e-08,2.2679778875e-08,2.1274448792e-08,2.0554850865e-08,2.0409557764e-08,2.0398896032e-08,2.0398607547e-08,2.0398604579e-08,2.0398604569e-08,2.0398604569e-08,2.0398604569e-08,2.0398604569e-08,2.0398604569e-08,2.0398604569e-08,2.0398604569e-08,2.0398604569e-08,2.0398604569e-08,2.0398604569e-08,2.0398604569e-08,2.0398604569e-08,2.0398604569e-08,2.0398604569e-08,2.0398604569e-08,2.0398604569e-08,2.0398604569e-08,2.0398604569e-08,2.0398604569e-08,2.0398604569e-08,2.0398604569e-08,2.0398604569e-08,2.0398604569e-08,2.0398604569e-08,2.0398604569e-08,2.0398604570e-08,2.0398605462e-08,2.0398840338e-08,2.0423452880e-08,2.1423912241e-08,3.6862798111e-08,1.2748021516e-07,3.4935163360e-07,6.4391461026e-07,9.4352420491e-07,1.5496126554e-06,5.7557240414e-06,2.5851254630e-05,7.5109848637e-05,1.4676986626e-04,2.2210887944e-04,2.8790387929e-04,3.3960670160e-04,3.7783165433e-04,4.1882314331e-04,4.6251351146e-04,5.0876645181e-04,5.5736038170e-04,6.0796962733e-04,6.6014208855e-04,7.1327262204e-04,7.6657119319e-04,8.1902461350e-04,8.6935038881e-04,9.1594084129e-04,9.5679521562e-04,9.8943691344e-04,1.0108122881e-03,1.0171665328e-03,1.0038910495e-03,9.6533522131e-04,8.9457361373e-04,7.8311715959e-04,6.2050115262e-04,3.4843439041e-03,5.8095873437e-03,7.6725941371e-03,9.1539487001e-03,1.0320720139e-02,1.1228566726e-02,1.1923569825e-02,1.2443810953e-02,1.2820714267e-02,1.3080180490e-02,1.3243538809e-02,1.3328342110e-02,1.3349028796e-02,1.3317471879e-02,1.3243433409e-02,1.3134939844e-02,1.2998591595e-02,1.2839817984e-02,1.2663087015e-02,1.2472077839e-02,1.2269818207e-02,1.2024316526e-02,1.1728860434e-02,1.1376632630e-02,1.0961022875e-02,1.0476007023e-02,9.9165990150e-03,9.2794057045e-03,8.5633506331e-03,7.7706648162e-03,6.9082359946e-03,5.9893149463e-03,5.0353528129e-03,4.0773700924e-03,3.1557918765e-03,2.3173329751e-03,1.6077449429e-03,1.0607290744e-03,6.8638890076e-04,4.6579725084e-04,3.5759199316e-04,3.1492690193e-04,3.0184066805e-04,2.9880414798e-04,2.9828240219e-04,2.9821700668e-04,2.9821108870e-04,2.9821070967e-04,2.9821069852e-04,2.9821070465e-04,2.9821071098e-04,2.9821071665e-04,2.9821072139e-04,2.9821072500e-04,2.9821072746e-04,2.9821072891e-04,2.9821072962e-04,2.9821072990e-04,2.9821072998e-04,2.9821073000e-04,2.9821073001e-04,2.9821073001e-04,2.9821073001e-04,2.9821073001e-04,2.9821073001e-04,2.9821073001e-04,2.9821073001e-04,2.9821073001e-04,2.9821073001e-04,2.9821073001e-04,2.9821073001e-04,2.9821073001e-04,2.9821073001e-04,2.9821073001e-04,2.9821073001e-04,2.9821073001e-04,2.9821073001e-04,2.9821073001e-04,2.9821073001e-04,2.9821073001e-04,2.9821073001e-04,2.9821073001e-04,2.9821073001e-04,2.9821073001e-04,2.9821073001e-04,2.9821073001e-04,2.9821073001e-04,2.9821073001e-04,2.9821073001e-04,2.9821073001e-04,2.9821073001e-04,2.9821073001e-04,2.9821073001e-04,2.9821073001e-04,2.9821073001e-04,2.9821073001e-04,2.9821073001e-04,2.9821073001e-04,2.9821073001e-04,2.9821073001e-04,2.9821073001e-04,2.9821073001e-04,2.9821073001e-04,2.9821073001e-04,2.9821073001e-04,2.9821073001e-04,2.9821073001e-04,2.9821073001e-04,2.9821073001e-04,2.9821073001e-04,2.9821073001e-04,2.9821073001e-04,2.9821073001e-04,2.9821073001e-04,2.9821073001e-04,2.9821073001e-04,2.9821073001e-04,2.9821073001e-04,2.9821073001e-04,2.9821073001e-04,2.9821073001e-04,2.9821073001e-04,2.9821073001e-04,2.9821073001e-04,2.9821073001e-04,2.9821073001e-04,2.9821073001e-04,2.9821073001e-04,2.9821073001e-04,2.9821073001e-04,2.9821073001e-04,2.9821073001e-04,2.9821073001e-04,2.9821073001e-04,2.9821073011e-04,2.9821073454e-04,2.9821087518e-04,2.9821398230e-04,2.9826157429e-04,2.9876589456e-04,3.0246575313e-04,3.2136579109e-04,3.8950527957e-04,5.6706697752e-04,9.1340181814e-04,1.4413505332e-03,2.0994302150e-03,2.7982592636e-03,3.4518154053e-03,4.0033403164e-03,4.4297974515e-03,4.7336598374e-03,4.9316947403e-03,5.0460108224e-03,5.0998030057e-03,5.1266776352e-03,5.2423235576e-03,5.9267533370e-03,8.6802643371e-03,1.6720182144e-02,3.4579083268e-02,6.5972623552e-02,1.1137136520e-01,1.6739040086e-01,2.2827600793e-01,2.8808362694e-01,3.4223593850e-01,3.8808113225e-01,4.2471570444e-01,4.5248202291e-01,4.7243711856e-01,4.8593336159e-01,4.9434316666e-01,4.9890711384e-01,5.0066926281e-01,5.0046594698e-01,4.9894288286e-01,4.9658418077e-01,4.9374371565e-01,4.9067401387e-01,4.8755067823e-01,4.8397250372e-01,4.7992316938e-01,4.7538308458e-01,4.7032804346e-01,4.6472751207e-01,4.5854226647e-01,4.5172108843e-01,4.4419606073e-01,4.3587572799e-01,4.2663491089e-01,4.1629910380e-01,4.0461978711e-01,3.9123387274e-01,3.7559412781e-01,3.5684360020e-01,3.3357502555e-01,3.0333590653e-01,2.6152006537e-01,1.9862445820e-01,9.9744296554e-01,9.9726824322e-01,9.9987010669e-01,1.0029505467e+00,1.0063444495e+00,1.0098478588e+00,1.0132537566e+00,1.0163817477e+00,1.0190958373e+00,1.0213098784e+00,1.0229837373e+00,1.0241143207e+00,1.0247250232e+00,1.0248559194e+00,1.0245558181e+00,1.0238764493e+00,1.0228685825e+00,1.0215796821e+00,1.0200526833e+00,1.0183255303e+00,1.0164311965e+00,1.0143985211e+00,1.0110710531e+00,1.0056038982e+00,9.9668834220e-01,9.8242535358e-01,9.6012185551e-01,9.2577098635e-01,8.7317087437e-01,7.9293270286e-01,6.7188474468e-01,4.9592863537e-01,2.6970571243e-01,7.5857958754e-02,8.5348943616e-03,8.5712297018e-04,5.6738359249e-04,5.6359318345e-04,5.6357527379e-04,5.6357524226e-04,5.6357524224e-04,5.6357524224e-04,5.6357524224e-04,5.6357524224e-04,5.6357524224e-04,5.6357524224e-04,5.6357524224e-04,5.6357524224e-04,5.6357524224e-04,5.6357524224e-04,5.6357524224e-04,5.6357524224e-04,5.6357524224e-04,5.6357524224e-04,5.6357524224e-04,5.6357524224e-04,5.6357524224e-04,5.6357524224e-04,5.6357524224e-04,5.6357524224e-04,5.6357524224e-04,5.6357524224e-04,5.6357524224e-04,5.6357524224e-04,5.6357523997e-04,5.6357471175e-04,5.6352930545e-04,5.6213269784e-04,5.4721419387e-04,4.9142016877e-04,4.0538348877e-04,3.2539793760e-04,2.6522131868e-04,2.2370041018e-04,1.9603287594e-04,1.7784190424e-04,1.6593632515e-04,1.5815237843e-04,1.5306172528e-04,1.4973062475e-04,1.4755000942e-04,1.4612224440e-04,1.4469413906e-04,1.4326547975e-04,1.4183598478e-04,1.4040530361e-04,1.3897300127e-04,1.3753853909e-04,1.3610125207e-04,1.3466032054e-04,1.3321473624e-04,1.3176326046e-04,1.3030437420e-04,1.2883621307e-04,1.2735649501e-04,1.2586242451e-04,1.2435058163e-04,1.2281678321e-04,1.2125591189e-04,1.1966171513e-04,1.1802654776e-04,1.1634102825e-04
7.4208750080e-06,1.1906214870e-06,1.1858613764e-06,1.1783402883e-06,1.1680757445e-06,1.1551141530e-06,1.1395286280e-06,1.1214167289e-06,1.1008981354e-06,1.0781122319e-06,1.0532156262e-06,1.0263796122e-06,9.9778758698e-07,9.6763247071e-07,9.3611412777e-07,9.0343684522e-07,8.6980687962e-07,8.3543010957e-07,8.0050981546e-07,7.6524462130e-07,7.2982660432e-07,6.9443960176e-07,6.5925840859e-07,6.0762827477e-07,5.3326493501e-07,4.3048514740e-07,3.0048925133e-07,1.6423549827e-07,6.7108630919e-08,3.1427045866e-08,2.5478288349e-08,2.4400482990e-08,2.3314061608e-08,2.1980034412e-08,2.0879170723e-08,2.0460944966e-08,2.0401703128e-08,2.0398663070e-08,2.0398604994e-08,2.0398604568e-08,2.0398604566e-08,2.0398604566e-08,2.0398604566e-08,2.0398604566e-08,2.0398604566e-08,2.0398604566e-08,2.0398604566e-08,2.0398604566e-08,2.0398604566e-08,2.0398604566e-08,2.0398604566e-08,2.0398604566e-08,2.0398604566e-08,2.0398604566e-08,2.0398604566e-08,2.0398604566e-08,2.0398604566e-08,2.0398604566e-08,2.0398604566e-08,2.0398604566e-08,2.0398604566e-08,2.0398604566e-08,2.0398604566e-08,2.0398604566e-08,2.0398604682e-08,2.0398646617e-08,2.0404760162e-08,2.0753825355e-08,2.8388278974e-08,9.1780373396e-08,3.0236468526e-07,6.4477619566e-07,1.0182897434e-06,1.4831624316e-06,4.2179943713e-06,2.3001959962e-05,8.5133035173e-05,1.9351983386e-04,3.1897023374e-04,4.3421487270e-04,5.2721571215e-04,5.9691944637e-04,6.4697437985e-04,6.9949945976e-04,7.5435650973e-04,8.1134516177e-04,8.7018822137e-04,9.3051516089e-04,9.9184214651e-04,1.0535478100e-03,1.1148437920e-03,1.1747388550e-03,1.2319950755e-03,1.2850742699e-03,1.3320723514e-03,1.3706387455e-03,1.3978772555e-03,1.4102238275e-03,1.4032954356e-03,1.3717027015e-03,1.3088167253e-03,1.2064777455e-03,1.0544983265e-03,3.8146034135e-03,6.1011161353e-03,7.9498537460e-03,9.4352686163e-03,1.0619916147e-02,1.1556101482e-02,1.2287389950e-02,1.2849955033e-02,1.3273758009e-02,1.3583565529e-02,1.3799817862e-02,1.3939363556e-02,1.4016077027e-02,1.4041375066e-02,1.4024647069e-02,1.3973612229e-02,1.3894615346e-02,1.3792871271e-02,1.3672666594e-02,1.3537525826e-02,1.3390345142e-02,1.3207581837e-02,1.2983162870e-02,1.2710749587e-02,1.2383920066e-02,1.1996362245e-02,1.1542066466e-02,1.1015529225e-02,1.0412021765e-02,9.7280288675e-03,8.9620037231e-03,8.1155847047e-03,7.1953507740e-03,6.2150319381e-03,5.1978188991e-03,4.1780116586e-03,3.2007391647e-03,2.3180888904e-03,1.5802958806e-03,1.0225614016e-03,6.5195938502e-04,4.4264043243e-04,3.4579762077e-04,3.1043939946e-04,3.0059002806e-04,2.9855315136e-04,2.9824653825e-04,2.9821337271e-04,2.9821082007e-04,2.9821068812e-04,2.9821069137e-04,2.9821069973e-04,2.9821070764e-04,2.9821071460e-04,2.9821072030e-04,2.9821072454e-04,2.9821072733e-04,2.9821072891e-04,2.9821072964e-04,2.9821072991e-04,2.9821072999e-04,2.9821073000e-04,2.9821073001e-04,2.9821073001e-04,2.9821073001e-04,2.9821073001e-04,2.9821073001e-04,2.9821073001e-04,2.9821073001e-04,2.9821073001e-04,2.9821073001e-04,2.9821073001e-04,2.9821073001e-04,2.9821073001e-04,2.9821073001e-04,2.9821073001e-04,2.9821073001e-04,2.9821073001e-04,2.9821073001e-04,2.9821073001e-04,2.9821073001e-04,2.9821073001e-04,2.9821073001e-04,2.9821073001e-04,2.9821073001e-04,2.9821073001e-04,2.9821073001e-04,2.9821073001e-04,2.9821073001e-04,2.9821073001e-04,2.9821073001e-04,2.9821073001e-04,2.9821073001e-04,2.9821073001e-04,2.9821073001e-04,2.9821073001e-04,2.9821073001e-04,2.9821073001e-04,2.9821073001e-04,2.9821073001e-04,2.9821073001e-04,2.9821073001e-04,2.9821073001e-04,2.9821073001e-04,2.9821073001e-04,2.9821073001e-04,2.9821073001e-04,2.9821073001e-04,2.9821073001e-04,2.9821073001e-04,2.9821073001e-04,2.9821073001e-04,2.9821073001e-04,2.9821073001e-04,2.9821073001e-04,2.9821073001e-04,2.9821073001e-04,2.9821073001e-04,2.9821073001e-04,2.9821073001e-04,2.9821073001e-04,2.9821073001e-04,2.9821073001e-04,2.9821073001e-04,2.9821073001e-04,2.9821073001e-04,2.9821073001e-04,2.9821073001e-04,2.9821073001e-04,2.9821073001e-04,2.9821073001e-04,2.9821073001e-04,2.9821073003e-04,2.9821073122e-04,2.9821077263e-04,2.9821177703e-04,2.9822867820e-04,2.9842543747e-04,3.0000987064e-04,3.0887287988e-04,3.4370613151e-04,4.4196275957e-04,6.4750169104e-04,9.8013014298e-04,1.4163134855e-03,1.9005174569e-03,2.3726734015e-03,2.7889389280e-03,3.1278443976e-03,3.3863363334e-03,3.5725436293e-03,3.6994501877e-03,3.7811857160e-03,3.8356539099e-03,3.9179917182e-03,4.2787953362e-03,5.8056451630e-03,1.0635555316e-02,2.2106282630e-02,4.3260958527e-02,7.4783529297e-02,1.1425334840e-01,1.5723694731e-01,1.9909053219e-01,2.3628145377e-01,2.6685374221e-01,2.9026182560e-01,3.0693491620e-01,3.1783017613e-01,3.2409145919e-01,3.2683479622e-01,3.2703780280e-01,3.2549933553e-01,3.2284005569e-01,3.1952313284e-01,3.1588220796e-01,3.1214949991e-01,3.0848066214e-01,3.0497519616e-01,3.0169241193e-01,2.9866346488e-01,2.9544619209e-01,2.9203426050e-01,2.8841961592e-01,2.8459180083e-01,2.8053713736e-01,2.7623761222e-01,2.7166933118e-01,2.6680033715e-01,2.6158746350e-01,2.5597168194e-01,2.4987102561e-01,2.4316946328e-01,2.3569873161e-01,2.2720733238e-01,2.1730483203e-01,2.0535550948e-01,1.9025998822e-01,1.6996602281e-01,1.4025445234e-01,1.0251284152e+00,1.0251051768e+00,1.0257847900e+00,1.0265584513e+00,1.0273599685e+00,1.0281112719e+00,1.0287355840e+00,1.0291683256e+00,1.0293634909e+00,1.0292952766e+00,1.0289561305e+00,1.0283528505e+00,1.0275021505e+00,1.0264266146e+00,1.0251514764e+00,1.0237023120e+00,1.0221035458e+00,1.0203775935e+00,1.0185444622e+00,1.0166216539e+00,1.0146242567e+00,1.0125653787e+00,1.0093219134e+00,1.0041982222e+00,9.9612525238e-01,9.8351665241e-01,9.6404512045e-01,9.3421863405e-01,8.8873183495e-01,8.1973705157e-01,7.1643222915e-01,5.6673375549e-01,3.6720190404e-01,1.5432691321e-01,2.9522443559e-02,2.5474652848e-03,6.1126615819e-04,5.6398586412e-04,5.6357654449e-04,5.6357524380e-04,5.6357524224e-04,5.6357524224e-04,5.6357524224e-04,5.6357524224e-04,5.6357524224e-04,5.6357524224e-04,5.6357524224e-04,5.6357524224e-04,5.6357524224e-04,5.6357524224e-04,5.6357524224e-04,5.6357524224e-04,5.6357524224e-04,5.6357524224e-04,5.6357524224e-04,5.6357524224e-04,5.6357524224e-04,5.6357524224e-04,5.6357524224e-04,5.6357524224e-04,5.6357524224e-04,5.6357524224e-04,5.6357524224e-04,5.6357524202e-04,5.6357516826e-04,5.6356583055e-04,5.6313826708e-04,5.5628629800e-04,5.1848200453e-04,4.4045049217e-04,3.5770114873e-04,2.9248591386e-04,2.4687848014e-04,2.1644715914e-04,1.9648905812e-04,1.8346902499e-04,1.7498163850e-04,1.6944431136e-04,1.6582721019e-04,1.6346195351e-04,1.6191423407e-04,1.6090111339e-04,1.5988794319e-04,1.5887456307e-04,1.5786076425e-04,1.5684628985e-04,1.5583082247e-04,1.5481397081e-04,1.5379525536e-04,1.5277408658e-04,1.5174974032e-04,1.5072133120e-04,1.4968777249e-04,1.4864773580e-04,1.4759959413e-04,1.4654135951e-04,1.4547059907e-04,1.4438434037e-04,1.4327894940e-04,1.4214998715e-04,1.4099202972e-04,1.3979839197e-04
1.4360517424e-05,8.8636096290e-07,8.8435221900e-07,8.8122888798e-07,8.7698525049e-07,8.7162385930e-07,8.6515485060e-07,8.5759532172e-07,8.4896876160e-07,8.3930450886e-07,8.2863724489e-07,8.1700649841e-07,8.0445616686e-07,7.9103404435e-07,7.7679135799e-07,7.6178231342e-07,7.4606363584e-07,7.2969413110e-07,7.1273424205e-07,6.9524561986e-07,6.7729070356e-07,6.5893231276e-07,6.4023362129e-07,6.1191608367e-07,5.6904703338e-07,5.0479899575e-07,4.1169525395e-07,2.8796622816e-07,1.5359589918e-07,5.9616994524e-08,2.8695180657e-08,2.4380270922e-08,2.3584319346e-08,2.2678186264e-08,2.1568080211e-08,2.0715862479e-08,2.0434051931e-08,2.0400106705e-08,2.0398628742e-08,2.0398604712e-08,2.0398604561e-08,2.0398604561e-08,2.0398604561e-08,2.0398604561e-08,2.0398604561e-08,2.0398604561e-08,2.0398604561e-08,2.0398604561e-08,2.0398604561e-08,2.0398604561e-08,2.0398604561e-08,2.0398604561e-08,2.0398604561e-08,2.0398604561e-08,2.0398604561e-08,2.0398604561e-08,2.0398604561e-08,2.0398604561e-08,2.0398604561e-08,2.0398604561e-08,2.0398604561e-08,2.0398604561e-08,2.0398604561e-08,2.0398604608e-08,2.0398624838e-08,2.0402092137e-08,2.0636361884e-08,2.6747607619e-08,8.7674626723e-08,3.2929116530e-07,7.8123170003e-07,1.3170087299e-06,1.9244138329e-06,4.9174948485e-06,2.9414480093e-05,1.2444025568e-04,3.0743228482e-04,5.3135717275e-04,7.4423329925e-04,9.1978400570e-04,1.0530969773e-03,1.1495490758e-03,1.2173660307e-03,1.2874436402e-03,1.3596232700e-03,1.4336928498e-03,1.5093734831e-03,1.5863047431e-03,1.6640267449e-03,1.7419582540e-03,1.8193699176e-03,1.8953514824e-03,1.9687715827e-03,2.0382283237e-03,2.1019884258e-03,2.1579120946e-03,2.2033599995e-03,2.2350777039e-03,2.2490514962e-03,2.2403276834e-03,2.2027848150e-03,2.1288446977e-03,2.0087495692e-03,4.4385468807e-03,6.5685024840e-03,8.3095904591e-03,9.7247039939e-03,1.0867782633e-02,1.1784654399e-02,1.2513971432e-02,1.3088146351e-02,1.3534235821e-02,1.3874743834e-02,1.4128333711e-02,1.4310447861e-02,1.4433840129e-02,1.4509028470e-02,1.4544676926e-02,1.4547916020e-02,1.4524610235e-02,1.4479580496e-02,1.4416788684e-02,1.4339490305e-02,1.4250358974e-02,1.4134934831e-02,1.3988332387e-02,1.3805407167e-02,1.3580865735e-02,1.3309350372e-02,1.2985472686e-02,1.2603786896e-02,1.2158728007e-02,1.1644586205e-02,1.1055631942e-02,1.0386528537e-02,9.6331611183e-03,8.7939764898e-03,7.8718754744e-03,6.8766119856e-03,5.8274737631e-03,4.7556646623e-03,3.7052386514e-03,2.7307962536e-03,1.8899794848e-03,1.2301247459e-03,7.7223295742e-04,5.0064967099e-04,3.6815750686e-04,3.1706311346e-04,3.0204875299e-04,2.9878612044e-04,2.9827306652e-04,2.9821548725e-04,2.9821091877e-04,2.9821067320e-04,2.9821067481e-04,2.9821068614e-04,2.9821069709e-04,2.9821070691e-04,2.9821071510e-04,2.9821072135e-04,2.9821072562e-04,2.9821072812e-04,2.9821072935e-04,2.9821072982e-04,2.9821072997e-04,2.9821073000e-04,2.9821073001e-04,2.9821073001e-04,2.9821073001e-04,2.9821073001e-04,2.9821073001e-04,2.9821073001e-04,2.9821073001e-04,2.9821073001e-04,2.9821073001e-04,2.9821073001e-04,2.9821073001e-04,2.9821073001e-04,2.9821073001e-04,2.9821073001e-04,2.9821073001e-04,2.9821073001e-04,2.9821073001e-04,2.9821073001e-04,2.9821073001e-04,2.9821073001e-04,2.9821073001e-04,2.9821073001e-04,2.9821073001e-04,2.9821073001e-04,2.9821073001e-04,2.9821073001e-04,2.9821073001e-04,2.9821073001e-04,2.9821073001e-04,2.9821073001e-04,2.9821073001e-04,2.9821073001e-04,2.9821073001e-04,2.9821073001e-04,2.9821073001e-04,2.9821073001e-04,2.9821073001e-04,2.9821073001e-04,2.9821073001e-04,2.9821073001e-04,2.9821073001e-04,2.9821073001e-04,2.9821073001e-04,2.9821073001e-04,2.9821073001e-04,2.9821073001e-04,2.9821073001e-04,2.9821073001e-04,2.9821073001e-04,2.9821073001e-04,2.9821073001e-04,2.9821073001e-04,2.9821073001e-04,2.9821073001e-04,2.9821073001e-04,2.9821073001e-04,2.9821073001e-04,2.9821073001e-04,2.9821073001e-04,2.9821073001e-04,2.9821073001e-04,2.9821073001e-04,2.9821073001e-04,2.9821073001e-04,2.9821073001e-04,2.9821073001e-04,2.9821073005e-04,2.9821073180e-04,2.9821078798e-04,2.9821203871e-04,2.9823134136e-04,2.9843738610e-04,2.9995987467e-04,3.0779403531e-04,3.3626151015e-04,4.1114105513e-04,5.5899539239e-04,7.8828841925e-04,1.0812504751e-03,1.4035965421e-03,1.7206416636e-03,2.0078017876e-03,2.2529062532e-03,2.4535758730e-03,2.6133026799e-03,2.7382187843e-03,2.8355034863e-03,2.9173875735e-03,3.0351252068e-03,3.4253165082e-03,4.8693335710e-03,9.0646598645e-03,1.8300068910e-02,3.4132952161e-02,5.6127474513e-02,8.1875022857e-02,1.0813040768e-01,1.3204187393e-01,1.5180914361e-01,1.6674153686e-01,1.7698386054e-01,1.8316446934e-01,1.8610392509e-01,1.8662469989e-01,1.8545086570e-01,1.8317032793e-01,1.8023353099e-01,1.7696979216e-01,1.7360971517e-01,1.7030754929e-01,1.6716076235e-01,1.6422597939e-01,1.6153136019e-01,1.5908587510e-01,1.5688605207e-01,1.5492075412e-01,1.5317447229e-01,1.5137959921e-01,1.4953483087e-01,1.4763841629e-01,1.4568796647e-01,1.4368025678e-01,1.4161096497e-01,1.3947431958e-01,1.3726262115e-01,1.3496557881e-01,1.3256937195e-01,1.3005529067e-01,1.2739770974e-01,1.2456096907e-01,1.2149438284e-01,1.1812388580e-01,1.1433727323e-01,1.0995633340e-01,1.0467964787e-01,9.7951609409e-02,1.0256893647e+00,1.0253626536e+00,1.0250016235e+00,1.0245334169e+00,1.0239496028e+00,1.0232462153e+00,1.0224236202e+00,1.0214859240e+00,1.0204401202e+00,1.0192951584e+00,1.0180610725e+00,1.0167482496e+00,1.0153668721e+00,1.0139265317e+00,1.0124359941e+00,1.0109030831e+00,1.0093346522e+00,1.0077366167e+00,1.0061140218e+00,1.0044711307e+00,1.0028115191e+00,1.0011381549e+00,9.9856037787e-01,9.9458541128e-01,9.8845871646e-01,9.7903513366e-01,9.6457824601e-01,9.4243558334e-01,9.0854967190e-01,8.5680023429e-01,7.7830846668e-01,6.6151215393e-01,4.9610661513e-01,2.8919961719e-01,9.9904601107e-02,1.5019615771e-02,1.3249660907e-03,5.7781760744e-04,5.6367186000e-04,5.6357548605e-04,5.6357524247e-04,5.6357524224e-04,5.6357524224e-04,5.6357524224e-04,5.6357524224e-04,5.6357524224e-04,5.6357524224e-04,5.6357524224e-04,5.6357524224e-04,5.6357524224e-04,5.6357524224e-04,5.6357524224e-04,5.6357524224e-04,5.6357524224e-04,5.6357524224e-04,5.6357524224e-04,5.6357524224e-04,5.6357524224e-04,5.6357524224e-04,5.6357524224e-04,5.6357524224e-04,5.6357524224e-04,5.6357524218e-04,5.6357521908e-04,5.6357160537e-04,5.6336610972e-04,5.5925932159e-04,5.3114223062e-04,4.6199049210e-04,3.8221826523e-04,3.1791438848e-04,2.7293707669e-04,2.4312781701e-04,2.2372731430e-04,2.1115413910e-04,2.0299974449e-04,1.9770004594e-04,1.9424794928e-04,1.9199496977e-04,1.9052248276e-04,1.8955924849e-04,1.8892884405e-04,1.8829849948e-04,1.8766810938e-04,1.8703754097e-04,1.8640662943e-04,1.8577517375e-04,1.8514292646e-04,1.8450958520e-04,1.8387477945e-04,1.8323805486e-04,1.8259885650e-04,1.8195650558e-04,1.8131017218e-04,1.8065884041e-04,1.8000127080e-04,1.7933594742e-04,1.7866101849e-04,1.7797422239e-04,1.7727279509e-04,1.7655336219e-04,1.7581171800e-04
2.8827940784e-05,6.4152069302e-07,6.4069803053e-07,6.3946917117e-07,6.3782896129e-07,6.3577455828e-07,6.3330517649e-07,6.3042188212e-07,6.2712741086e-07,6.2342601592e-07,6.1932333534e-07,6.1482627318e-07,6.0994289700e-07,6.0468234231e-07,5.9905472838e-07,5.9307107330e-07,5.8674322550e-07,5.8008378519e-07,5.7310604061e-07,5.6582389872e-07,5.5825182191e-07,5.5040476501e-07,5.4229827119e-07,5.2979389984e-07,5.1030251638e-07,4.7966468135e-07,4.3155257043e-07,3.5792684054e-07,2.5426184693e-07,1.3603846509e-07,5.2672675685e-08,2.6706750916e-08,2.3430320966e-08,2.2840988466e-08,2.2130708766e-08,2.1254785734e-08,2.0613317941e-08,2.0420254278e-08,2.0399426587e-08,2.0398616396e-08,2.0398604616e-08,2.0398604550e-08,2.0398604549e-08,2.0398604549e-08,2.0398604549e-08,2.0398604549e-08,2.0398604549e-08,2.0398604549e-08,2.0398604549e-08,2.0398604549e-08,2.0398604549e-08,2.0398604549e-08,2.0398604549e-08,2.0398604549e-08,2.0398604549e-08,2.0398604549e-08,2.0398604549e-08,2.0398604549e-08,2.0398604549e-08,2.0398604549e-08,2.0398604549e-08,2.0398604550e-08,2.0398604576e-08,2.0398617718e-08,2.0401167000e-08,2.0597289815e-08,2.6466897401e-08,9.4095836830e-08,4.0375047231e-07,1.0554117465e-06,1.8854988890e-06,2.8080718621e-06,6.7180819431e-06,4.1841393073e-05,1.9362359353e-04,5.0887696389e-04,9.1253768590e-04,1.3077356106e-03,1.6405102794e-03,1.8969497049e-03,2.0842900905e-03,2.2168083040e-03,2.3087451977e-03,2.4028346909e-03,2.4989266401e-03,2.5968281323e-03,2.6962918708e-03,2.7970042192e-03,2.8985705904e-03,3.0004975588e-03,3.1021709169e-03,3.2028287002e-03,3.3015279409e-03,3.3971035752e-03,3.4881174762e-03,3.5727949857e-03,3.6489455016e-03,3.7138625622e-03,3.7641973198e-03,3.7957971123e-03,3.8034977369e-03,3.7808535384e-03,3.7191709416e-03,5.4559273430e-03,7.2599182798e-03,8.7519759139e-03,9.9781545229e-03,1.0979611236e-02,1.1792369217e-02,1.2447482053e-02,1.2971417441e-02,1.3386541619e-02,1.3711631103e-02,1.3962368927e-02,1.4151802528e-02,1.4290753046e-02,1.4388173312e-02,1.4451456193e-02,1.4486697180e-02,1.4498916146e-02,1.4492243421e-02,1.4470075157e-02,1.4435202569e-02,1.4389919129e-02,1.4326727278e-02,1.4242059828e-02,1.4132178655e-02,1.3993256580e-02,1.3821423446e-02,1.3612748174e-02,1.3363138815e-02,1.3068168266e-02,1.2722867962e-02,1.2321563145e-02,1.1857837513e-02,1.1324707500e-02,1.0715069144e-02,1.0022474018e-02,9.2423077917e-03,8.3734668323e-03,7.4206105570e-03,6.3969429228e-03,5.3271706174e-03,4.2497340860e-03,3.2166477721e-03,2.2886600457e-03,1.5238656625e-03,9.6074323130e-04,6.0223566330e-04,4.1228414042e-04,3.3189203948e-04,3.0576703839e-04,2.9946271292e-04,2.9836074608e-04,2.9822346769e-04,2.9821140009e-04,2.9821066719e-04,2.9821065031e-04,2.9821066498e-04,2.9821068007e-04,2.9821069392e-04,2.9821070590e-04,2.9821071538e-04,2.9821072218e-04,2.9821072641e-04,2.9821072864e-04,2.9821072959e-04,2.9821072991e-04,2.9821072999e-04,2.9821073000e-04,2.9821073001e-04,2.9821073001e-04,2.9821073001e-04,2.9821073001e-04,2.9821073001e-04,2.9821073001e-04,2.9821073001e-04,2.9821073001e-04,2.9821073001e-04,2.9821073001e-04,2.9821073001e-04,2.9821073001e-04,2.9821073001e-04,2.9821073001e-04,2.9821073001e-04,2.9821073001e-04,2.9821073001e-04,2.9821073001e-04,2.9821073001e-04,2.9821073001e-04,2.9821073001e-04,2.9821073001e-04,2.9821073001e-04,2.9821073001e-04,2.9821073001e-04,2.9821073001e-04,2.9821073001e-04,2.9821073001e-04,2.9821073001e-04,2.9821073001e-04,2.9821073001e-04,2.9821073001e-04,2.9821073001e-04,2.9821073001e-04,2.9821073001e-04,2.9821073001e-04,2.9821073001e-04,2.9821073001e-04,2.9821073001e-04,2.9821073001e-04,2.9821073001e-04,2.9821073001e-04,2.9821073001e-04,2.9821073001e-04,2.9821073001e-04,2.9821073001e-04,2.9821073001e-04,2.9821073001e-04,2.9821073001e-04,2.9821073001e-04,2.9821073001e-04,2.9821073001e-04,2.9821073001e-04,2.9821073001e-04,2.9821073001e-04,2.9821073001e-04,2.9821073001e-04,2.9821073001e-04,2.9821073001e-04,2.9821073001e-04,2.9821073001e-04,2.9821073010e-04,2.9821073390e-04,2.9821084101e-04,2.9821293928e-04,2.9824142031e-04,2.9850901419e-04,3.0025429417e-04,3.0822909267e-04,3.3423622595e-04,3.9662373818e-04,5.1136900485e-04,6.8117475982e-04,8.9334754038e-04,1.1269580832e-03,1.3616502844e-03,1.5826840657e-03,1.7818456286e-03,1.9561150137e-03,2.1057950920e-03,2.2329961248e-03,2.3413271372e-03,2.4420443754e-03,2.5932193923e-03,3.0399916128e-03,4.4792153667e-03,8.1702628255e-03,1.5423531338e-02,2.6646501853e-02,4.0874201699e-02,5.6221463347e-02,7.0743795903e-02,8.3058967479e-02,9.2525082473e-02,9.9110980989e-02,1.0316017179e-01,1.0517739422e-01,1.0568439190e-01,1.0514289333e-01,1.0392534425e-01,1.0231338456e-01,1.0050942934e-01,9.8652473477e-02,9.6833524003e-02,9.5108728372e-02,9.3509718607e-02,9.2051376914e-02,9.0737479763e-02,8.9564707910e-02,8.8525445672e-02,8.7609702854e-02,8.6806409146e-02,8.6104263773e-02,8.5492272296e-02,8.4874735148e-02,8.4252182369e-02,8.3625253551e-02,8.2994717147e-02,8.2361518965e-02,8.1726855364e-02,8.1092285913e-02,8.0459910307e-02,7.9832652266e-02,7.9214726219e-02,7.8612425867e-02,7.8035500346e-02,7.7499649935e-02,7.7031267964e-02,7.6676983402e-02,7.6524307470e-02,7.6750714706e-02,7.7756185769e-02,8.0593169473e-02,9.8092845342e-01,9.7789849617e-01,9.7696941614e-01,9.7604376859e-01,9.7514329431e-01,9.7427258104e-01,9.7342317757e-01,9.7258006958e-01,9.7172762748e-01,9.7085344397e-01,9.6994985541e-01,9.6901376210e-01,9.6804557098e-01,9.6704791986e-01,9.6602456435e-01,9.6497957219e-01,9.6391682458e-01,9.6283975958e-01,9.6175127968e-01,9.6065375690e-01,9.5954908732e-01,9.5843889352e-01,9.5673429939e-01,9.5411627420e-01,9.5009643961e-01,9.4392849399e-01,9.3446816168e-01,9.1995039879e-01,8.9764305767e-01,8.6332467878e-01,8.1055246748e-01,7.2989572133e-01,6.0923702219e-01,4.3931934974e-01,2.3477141279e-01,6.8895199992e-02,8.6307061158e-03,9.0702608155e-04,5.6881205324e-04,5.6360446625e-04,5.6357530336e-04,5.6357524229e-04,5.6357524224e-04,5.6357524224e-04,5.6357524224e-04,5.6357524224e-04,5.6357524224e-04,5.6357524224e-04,5.6357524224e-04,5.6357524224e-04,5.6357524224e-04,5.6357524224e-04,5.6357524224e-04,5.6357524224e-04,5.6357524224e-04,5.6357524224e-04,5.6357524224e-04,5.6357524224e-04,5.6357524224e-04,5.6357524224e-04,5.6357524224e-04,5.6357524222e-04,5.6357523366e-04,5.6357364789e-04,5.6346646371e-04,5.6091196904e-04,5.4010290302e-04,4.8080870411e-04,4.0707262653e-04,3.4671175626e-04,3.0475237850e-04,2.7727976883e-04,2.5961504511e-04,2.4828044783e-04,2.4098450638e-04,2.3626857800e-04,2.3320888136e-04,2.3121769950e-04,2.2991883735e-04,2.2907018678e-04,2.2851513649e-04,2.2815191394e-04,2.2778875581e-04,2.2742560024e-04,2.2706236865e-04,2.2669896506e-04,2.2633527247e-04,2.2597114716e-04,2.2560641316e-04,2.2524085597e-04,2.2487421243e-04,2.2450616254e-04,2.2413631285e-04,2.2376418450e-04,2.2338919180e-04,2.2301061944e-04,2.2262759338e-04,2.2223904643e-04,2.2184367401e-04,2.2143988534e-04,2.2102573535e-04,2.2059873929e-04
5.7870485975e-05,4.6318669973e-07,4.6280564855e-07,4.6228100278e-07,4.6161028603e-07,4.6079171835e-07,4.5982412431e-07,4.5870685150e-07,4.5743970822e-07,4.5602291015e-07,4.5445703637e-07,4.5274299123e-07,4.5088197316e-07,4.4887545025e-07,4.4672513331e-07,4.4443296300e-07,4.4200108545e-07,4.3943184425e-07,4.3672776075e-07,4.3389152847e-07,4.3092599634e-07,4.2783416267e-07,4.2461922659e-07,4.1961726109e-07,4.1171049698e-07,3.9898850634e-07,3.7819160926e-07,3.4400376748e-07,2.8901744355e-07,2.0775334437e-07,1.1177854034e-07,4.4628421011e-08,2.4919447576e-08,2.2634197233e-08,2.2210473466e-08,2.1668485526e-08,2.1000328862e-08,2.0537603755e-08,2.0411251269e-08,2.0399035457e-08,2.0398610100e-08,2.0398604556e-08,2.0398604527e-08,2.0398604527e-08,2.0398604527e-08,2.0398604527e-08,2.0398604527e-08,2.0398604527e-08,2.0398604527e-08,2.0398604527e-08,2.0398604527e-08,2.0398604527e-08,2.0398604527e-08,2.0398604527e-08,2.0398604527e-08,2.0398604527e-08,2.0398604527e-08,2.0398604527e-08,2.0398604527e-08,2.0398604527e-08,2.0398604527e-08,2.0398604544e-08,2.0398613560e-08,2.0400595119e-08,2.0574139634e-08,2.6519943729e-08,1.0525154815e-07,5.1719435264e-07,1.4785762427e-06,2.7728932152e-06,4.1894198378e-06,9.3257041629e-06,5.8948842937e-05,2.9653395437e-04,8.2718758413e-04,1.5315766145e-03,2.2318703964e-03,2.8260599706e-03,3.2863290425e-03,3.6239018401e-03,3.8633515976e-03,4.0297660919e-03,4.1439928275e-03,4.2599847438e-03,4.3776231132e-03,4.4967621564e-03,4.6172203958e-03,4.7387729200e-03,4.8611419085e-03,4.9839849956e-03,5.1068809402e-03,5.2293119151e-03,5.3506415364e-03,5.4700874815e-03,5.5866871823e-03,5.6992545769e-03,5.8063251988e-03,5.9060858860e-03,5.9962839651e-03,6.0741086872e-03,6.1360346361e-03,6.1776122677e-03,6.1935504047e-03,6.9541457329e-03,8.2465280299e-03,9.3301707153e-03,1.0230456860e-02,1.0972486304e-02,1.1579682199e-02,1.2073099892e-02,1.2471190871e-02,1.2789839172e-02,1.3042545620e-02,1.3240679997e-02,1.3393752908e-02,1.3509680133e-02,1.3595025583e-02,1.3655217015e-02,1.3694733273e-02,1.3717264346e-02,1.3725846719e-02,1.3722976945e-02,1.3710706412e-02,1.3690721903e-02,1.3659614743e-02,1.3615059567e-02,1.3554636561e-02,1.3475892083e-02,1.3376367400e-02,1.3253574595e-02,1.3104903171e-02,1.2927458196e-02,1.2717853921e-02,1.2472006647e-02,1.2184976587e-02,1.1850897803e-02,1.1463017143e-02,1.1013855209e-02,1.0495518739e-02,9.9002320057e-03,9.2211999007e-03,8.4539481261e-03,7.5982834244e-03,6.6609417046e-03,5.6587722076e-03,4.6218502288e-03,3.5951636693e-03,2.6366389316e-03,1.8089342755e-03,1.1640232360e-03,7.2446508631e-04,4.7192600420e-04,3.5456150528e-04,3.1222795983e-04,3.0080185331e-04,2.9855836023e-04,2.9824394573e-04,2.9821285238e-04,2.9821070881e-04,2.9821062262e-04,2.9821063865e-04,2.9821065804e-04,2.9821067643e-04,2.9821069285e-04,2.9821070646e-04,2.9821071671e-04,2.9821072349e-04,2.9821072733e-04,2.9821072912e-04,2.9821072979e-04,2.9821072996e-04,2.9821073000e-04,2.9821073001e-04,2.9821073000e-04,2.9821073001e-04,2.9821073001e-04,2.9821073001e-04,2.9821073001e-04,2.9821073001e-04,2.9821073001e-04,2.9821073001e-04,2.9821073001e-04,2.9821073001e-04,2.9821073001e-04,2.9821073001e-04,2.9821073001e-04,2.9821073001e-04,2.9821073001e-04,2.9821073001e-04,2.9821073001e-04,2.9821073001e-04,2.9821073001e-04,2.9821073001e-04,2.9821073001e-04,2.9821073001e-04,2.9821073001e-04,2.9821073001e-04,2.9821073001e-04,2.9821073001e-04,2.9821073001e-04,2.9821073001e-04,2.9821073001e-04,2.9821073001e-04,2.9821073001e-04,2.9821073001e-04,2.9821073001e-04,2.9821073001e-04,2.9821073001e-04,2.9821073001e-04,2.9821073001e-04,2.9821073001e-04,2.9821073001e-04,2.9821073001e-04,2.9821073001e-04,2.9821073001e-04,2.9821073001e-04,2.9821073001e-04,2.9821073001e-04,2.9821073001e-04,2.9821073001e-04,2.9821073001e-04,2.9821073001e-04,2.9821073001e-04,2.9821073001e-04,2.9821073001e-04,2.9821073001e-04,2.9821073001e-04,2.9821073001e-04,2.9821073001e-04,2.9821073023e-04,2.9821073822e-04,2.9821093718e-04,2.9821438123e-04,2.9825572113e-04,2.9860005105e-04,3.0060127843e-04,3.0882445490e-04,3.3328341238e-04,3.8783897555e-04,4.8328651667e-04,6.2080135341e-04,7.9157700066e-04,9.8155325443e-04,1.1766644421e-03,1.3659157588e-03,1.5421977729e-03,1.7017946944e-03,1.8434579824e-03,1.9675999703e-03,2.0766690740e-03,2.1830147882e-03,2.3497288402e-03,2.8089865814e-03,4.1189707589e-03,7.1040829625e-03,1.2386270104e-02,1.9866026872e-02,2.8694223874e-02,3.7714089796e-02,4.5941014517e-02,5.2796522390e-02,5.8100514019e-02,6.1947051447e-02,6.4568556215e-02,6.6235988917e-02,6.7201871789e-02,6.7675860594e-02,6.7819891296e-02,6.7752901898e-02,6.7558967843e-02,6.7295652023e-02,6.7001213913e-02,6.6700306728e-02,6.6408239767e-02,6.6134043242e-02,6.5882600370e-02,6.5656088560e-02,6.5454932737e-02,6.5278430781e-02,6.5125168438e-02,6.4993302831e-02,6.4880763448e-02,6.4785398446e-02,6.4705082015e-02,6.4627215937e-02,6.4552632430e-02,6.4482375755e-02,6.4417766814e-02,6.4360494708e-02,6.4312746609e-02,6.4277396015e-02,6.4258282340e-02,6.4260637456e-02,6.4291756502e-02,6.4362089937e-02,6.4487093991e-02,6.4690517402e-02,6.5010578463e-02,6.5512404964e-02,6.6315353138e-02,6.7660072075e-02,7.0099388641e-02,7.5164965958e-02,9.0010696377e-01,8.9240351551e-01,8.9123623764e-01,8.9036978183e-01,8.8980637999e-01,8.8949678980e-01,8.8936336615e-01,8.8932339639e-01,8.8930571583e-01,8.8925861677e-01,8.8915064145e-01,8.8896720402e-01,8.8870571412e-01,8.8837092764e-01,8.8797131369e-01,8.8751658934e-01,8.8701625030e-01,8.8647882426e-01,8.8591158881e-01,8.8532055596e-01,8.8471058970e-01,8.8408602085e-01,8.8310841567e-01,8.8157731874e-01,8.7918536263e-01,8.7547010907e-01,8.6973494436e-01,8.6090895795e-01,8.4731702834e-01,8.2632800393e-01,7.9381172706e-01,7.4334737680e-01,6.6536794825e-01,5.4754099794e-01,3.8148195058e-01,1.8762565767e-01,4.7225930792e-02,5.0972202105e-03,7.2157033820e-04,5.6555674517e-04,5.6358439454e-04,5.6357525817e-04,5.6357524225e-04,5.6357524224e-04,5.6357524224e-04,5.6357524224e-04,5.6357524224e-04,5.6357524224e-04,5.6357524224e-04,5.6357524224e-04,5.6357524224e-04,5.6357524224e-04,5.6357524224e-04,5.6357524224e-04,5.6357524224e-04,5.6357524224e-04,5.6357524224e-04,5.6357524224e-04,5.6357524224e-04,5.6357524224e-04,5.6357524223e-04,5.6357523925e-04,5.6357458524e-04,5.6352202568e-04,5.6202721526e-04,5.4750270395e-04,4.9914443756e-04,4.3349835112e-04,3.7880351908e-04,3.4113007620e-04,3.1687812448e-04,3.0154700296e-04,2.9184865773e-04,2.8567341221e-04,2.8171318596e-04,2.7915807822e-04,2.7750188125e-04,2.7642460634e-04,2.7572208865e-04,2.7526315190e-04,2.7496301850e-04,2.7476662405e-04,2.7457027364e-04,2.7437393244e-04,2.7417755849e-04,2.7398109969e-04,2.7378449138e-04,2.7358765611e-04,2.7339049797e-04,2.7319290135e-04,2.7299472327e-04,2.7279579001e-04,2.7259588902e-04,2.7239476097e-04,2.7219208917e-04,2.7198748664e-04,2.7178048032e-04,2.7157049348e-04,2.7135682137e-04,2.7113860337e-04,2.7091478876e-04,2.7068396373e-04
1.1198813709e-04,3.4165969793e-07,3.4143236783e-07,3.4115245289e-07,3.4081890186e-07,3.4043090347e-07,3.3998784576e-07,3.3948928891e-07,3.3893493871e-07,3.3832462738e-07,3.3765829508e-07,3.3693597875e-07,3.3615779917e-07,3.3532394965e-07,3.3443469337e-07,3.3349035031e-07,3.3249129850e-07,3.3143796316e-07,3.3033081897e-07,3.2917038084e-07,3.2795720577e-07,3.2669188821e-07,3.2537508431e-07,3.2332311726e-07,3.2006847988e-07,3.1479426457e-07,3.0604527938e-07,2.9123226194e-07,2.6595668985e-07,2.2385305876e-07,1.6007094441e-07,8.5063993670e-08,3.6074707049e-08,2.3334146557e-08,2.2015384636e-08,2.1712885762e-08,2.1292654002e-08,2.0790425554e-08,2.0478114962e-08,2.0404825245e-08,2.0398786134e-08,2.0398606501e-08,2.0398604493e-08,2.0398604484e-08,2.0398604484e-08,2.0398604484e-08,2.0398604484e-08,2.0398604484e-08,2.0398604484e-08,2.0398604484e-08,2.0398604484e-08,2.0398604484e-08,2.0398604484e-08,2.0398604484e-08,2.0398604484e-08,2.0398604484e-08,2.0398604484e-08,2.0398604484e-08,2.0398604484e-08,2.0398604484e-08,2.0398604492e-08,2.0398609312e-08,2.0399853787e-08,2.0528392927e-08,2.5738254616e-08,1.0731603315e-07,6.0560451013e-07,1.9088056525e-06,3.7576196348e-06,5.7348107553e-06,1.1452181206e-05,7.0742393114e-05,3.9360162935e-04,1.1808158824e-03,2.2609014943e-03,3.3368870793e-03,4.2422894850e-03,4.9372357452e-03,5.4434263796e-03,5.8008628724e-03,6.0485640107e-03,6.2182695588e-03,6.3337326336e-03,6.4502129448e-03,6.5676435819e-03,6.6859472954e-03,6.8050316248e-03,6.9247856675e-03,7.0450761030e-03,7.1657422782e-03,7.2865901015e-03,7.4073844127e-03,7.5278393859e-03,7.6476063630e-03,7.7662583002e-03,7.8832696841e-03,7.9979903163e-03,8.1096106782e-03,8.2171155643e-03,8.3192211203e-03,8.4142880368e-03,8.5001999135e-03,8.5741898853e-03,9.1971297923e-03,9.7494248186e-03,1.0231285383e-02,1.0645796490e-02,1.0997902794e-02,1.1293575052e-02,1.1539178883e-02,1.1741031449e-02,1.1905114855e-02,1.2036910518e-02,1.2141321153e-02,1.2222652489e-02,1.2284633062e-02,1.2330456220e-02,1.2362833257e-02,1.2384050325e-02,1.2396024486e-02,1.2400356232e-02,1.2398377065e-02,1.2391191633e-02,1.2379714112e-02,1.2361975669e-02,1.2336647662e-02,1.2302341506e-02,1.2257639259e-02,1.2201106729e-02,1.2131274732e-02,1.2046578099e-02,1.1945251558e-02,1.1825194231e-02,1.1683824699e-02,1.1517950583e-02,1.1323668478e-02,1.1096297214e-02,1.0830340000e-02,1.0519476854e-02,1.0156607989e-02,9.7339958539e-03,9.2435838598e-03,8.6776027305e-03,8.0296085527e-03,7.2961166385e-03,6.4789674574e-03,5.5884181081e-03,4.6465934153e-03,3.6902542923e-03,2.7708839796e-03,1.9493248887e-03,1.2828664540e-03,8.0652248208e-04,5.1721309846e-04,3.7390547219e-04,3.1840524622e-04,3.0223317804e-04,2.9879385461e-04,2.9827108638e-04,2.9821501128e-04,2.9821080723e-04,2.9821060480e-04,2.9821061788e-04,2.9821063942e-04,2.9821066071e-04,2.9821068043e-04,2.9821069744e-04,2.9821071082e-04,2.9821072015e-04,2.9821072574e-04,2.9821072850e-04,2.9821072959e-04,2.9821072992e-04,2.9821072999e-04,2.9821073001e-04,2.9821073001e-04,2.9821073001e-04,2.9821073001e-04,2.9821073001e-04,2.9821073001e-04,2.9821073001e-04,2.9821073001e-04,2.9821073001e-04,2.9821073001e-04,2.9821073001e-04,2.9821073001e-04,2.9821073001e-04,2.9821073001e-04,2.9821073001e-04,2.9821073001e-04,2.9821073001e-04,2.9821073001e-04,2.9821073001e-04,2.9821073001e-04,2.9821073001e-04,2.9821073001e-04,2.9821073001e-04,2.9821073001e-04,2.9821073001e-04,2.9821073001e-04,2.9821073001e-04,2.9821073001e-04,2.9821073001e-04,2.9821073001e-04,2.9821073001e-04,2.9821073001e-04,2.9821073001e-04,2.9821073001e-04,2.9821073001e-04,2.9821073001e-04,2.9821073001e-04,2.9821073001e-04,2.9821073001e-04,2.9821073001e-04,2.9821073001e-04,2.9821073001e-04,2.9821073001e-04,2.9821073001e-04,2.9821073001e-04,2.9821073001e-04,2.9821073001e-04,2.9821073001e-04,2.9821073001e-04,2.9821073001e-04,2.9821073001e-04,2.9821073001e-04,2.9821073001e-04,2.9821073036e-04,2.9821074178e-04,2.9821100575e-04,2.9821524833e-04,2.9826261562e-04,2.9863079113e-04,3.0063846773e-04,3.0844215399e-04,3.3064473932e-04,3.7865442795e-04,4.6121441601e-04,5.7954170667e-04,7.2702159335e-04,8.9257817267e-04,1.0646041779e-03,1.2335071793e-03,1.3926330594e-03,1.5381220945e-03,1.6683067983e-03,1.7831294774e-03,1.8846749435e-03,1.9846312733e-03,2.1386897643e-03,2.5325652873e-03,3.5670723608e-03,5.7655094277e-03,9.4515746064e-03,1.4487094740e-02,2.0334853954e-02,2.6339760613e-02,3.1973732062e-02,3.6930540129e-02,4.1103547867e-02,4.4517889854e-02,4.7265141314e-02,4.9458095013e-02,5.1205660831e-02,5.2601943035e-02,5.3723490132e-02,5.4630480110e-02,5.5369361456e-02,5.5975700004e-02,5.6476704521e-02,5.6893277610e-02,5.7241606410e-02,5.7534365904e-02,5.7781613783e-02,5.7991443025e-02,5.8170445090e-02,5.8324029336e-02,5.8456640774e-02,5.8571913814e-02,5.8672791495e-02,5.8761629134e-02,5.8840291266e-02,5.8910243486e-02,5.8972637129e-02,5.9037449982e-02,5.9105308916e-02,5.9176999403e-02,5.9253514246e-02,5.9336118179e-02,5.9426437300e-02,5.9526585271e-02,5.9639345115e-02,5.9768437279e-02,5.9918925135e-02,6.0097846249e-02,6.0315227276e-02,6.0585776545e-02,6.0931828472e-02,6.1388724397e-02,6.2015238496e-02,6.2915262671e-02,6.4287053030e-02,6.6548378260e-02,8.0582713510e-01,8.0551397748e-01,8.0514045419e-01,8.0471362768e-01,8.0424333729e-01,8.0374079749e-01,8.0321713689e-01,8.0268230608e-01,8.0214444707e-01,8.0160968219e-01,8.0108220971e-01,8.0056457901e-01,8.0005803843e-01,7.9956288234e-01,7.9907875584e-01,7.9860490016e-01,7.9814033738e-01,7.9768400119e-01,7.9723482413e-01,7.9679179156e-01,7.9635397173e-01,7.9592053239e-01,7.9526550176e-01,7.9427717365e-01,7.9278505854e-01,7.9052361326e-01,7.8707523019e-01,7.8178785415e-01,7.7364836625e-01,7.6107000938e-01,7.4154055510e-01,7.1105802798e-01,6.6329281033e-01,5.8868581486e-01,4.7504630707e-01,3.1583645023e-01,1.3901487309e-01,2.9047776556e-02,2.7657469494e-03,6.2435037824e-04,5.6418140129e-04,5.6357748113e-04,5.6357524537e-04,5.6357524224e-04,5.6357524224e-04,5.6357524224e-04,5.6357524224e-04,5.6357524224e-04,5.6357524224e-04,5.6357524224e-04,5.6357524224e-04,5.6357524224e-04,5.6357524224e-04,5.6357524224e-04,5.6357524224e-04,5.6357524224e-04,5.6357524224e-04,5.6357524224e-04,5.6357524224e-04,5.6357524224e-04,5.6357524148e-04,5.6357503704e-04,5.6355462270e-04,5.6282919582e-04,5.5399828338e-04,5.1774450694e-04,4.6127990726e-04,4.1236895419e-04,3.7882792746e-04,3.5764236352e-04,3.4453479236e-04,3.3640004007e-04,3.3129834113e-04,3.2806320877e-04,3.2599259506e-04,3.2465795918e-04,3.2379329530e-04,3.2323102466e-04,3.2286440860e-04,3.2262492824e-04,3.2246832216e-04,3.2236584890e-04,3.2226340111e-04,3.2216096054e-04,3.2205850472e-04,3.2195600676e-04,3.2185343297e-04,3.2175074205e-04,3.2164788476e-04,3.2154480003e-04,3.2144141349e-04,3.2133763341e-04,3.2123335004e-04,3.2112842743e-04,3.2102269943e-04,3.2091596474e-04,3.2080797591e-04,3.2069843196e-04,3.2058696481e-04,3.2047312452e-04,3.2035636212e-04,3.2023600846e-04
2.0890955346e-04,2.5860320747e-07,2.5843121900e-07,2.5823929955e-07,2.5802700921e-07,2.5779399896e-07,2.5753999295e-07,2.5726477953e-07,2.5696819843e-07,2.5665013233e-07,2.5631050354e-07,2.5594926492e-07,2.5556639734e-07,2.5516190536e-07,2.5473581364e-07,2.5428816585e-07,2.5381902136e-07,2.5332845424e-07,2.5281655122e-07,2.5228341190e-07,2.5172914455e-07,2.5115386981e-07,2.5055772921e-07,2.4963298141e-07,2.4817409866e-07,2.4582269675e-07,2.4193554820e-07,2.3533645754e-07,2.2388391916e-07,2.0388443792e-07,1.7003362755e-07,1.1891075914e-07,6.1772337218e-08,2.9238099860e-08,2.2204101547e-08,2.1559335012e-08,2.1334637534e-08,2.1002249118e-08,2.0632656980e-08,2.0438224559e-08,2.0401141515e-08,2.0398665007e-08,2.0398604962e-08,2.0398604411e-08,2.0398604409e-08,2.0398604409e-08,2.0398604409e-08,2.0398604409e-08,2.0398604409e-08,2.0398604409e-08,2.0398604409e-08,2.0398604409e-08,2.0398604409e-08,2.0398604409e-08,2.0398604409e-08,2.0398604409e-08,2.0398604409e-08,2.0398604409e-08,2.0398604409e-08,2.0398604411e-08,2.0398606299e-08,2.0399198989e-08,2.0473769476e-08,2.4160770599e-08,9.4402405891e-08,6.0834201278e-07,2.1463138659e-06,4.4634749677e-06,6.8940902114e-06,1.2142381315e-05,6.8765547627e-05,4.2838935051e-04,1.4037086728e-03,2.7880481172e-03,4.1533558461e-03,5.2751358995e-03,6.1155244304e-03,6.7156399754e-03,7.1333091453e-03,7.4198912385e-03,7.6149425647e-03,7.7470749789e-03,7.8363372429e-03,7.9259015048e-03,8.0157442550e-03,8.1058414412e-03,8.1961662987e-03,8.2866888142e-03,8.3773750612e-03,8.4681863680e-03,8.5590782689e-03,8.6499991647e-03,8.7408885947e-03,8.8316749795e-03,8.9222726304e-03,9.0125777345e-03,9.1024628840e-03,9.1917695090e-03,9.2802972530e-03,9.3677888227e-03,9.4539080468e-03,9.5382075874e-03,9.6200806393e-03,9.8280793718e-03,1.0015910361e-02,1.0182132062e-02,1.0326593158e-02,1.0450091302e-02,1.0554053848e-02,1.0640270173e-02,1.0710685441e-02,1.0767253352e-02,1.0811839114e-02,1.0846161798e-02,1.0871765604e-02,1.0890011096e-02,1.0902079362e-02,1.0908983882e-02,1.0911586405e-02,1.0910614382e-02,1.0906678360e-02,1.0900288418e-02,1.0891869155e-02,1.0881772774e-02,1.0868329862e-02,1.0850871485e-02,1.0828679093e-02,1.0800991617e-02,1.0767004661e-02,1.0725855850e-02,1.0676591891e-02,1.0618116547e-02,1.0549123476e-02,1.0468021635e-02,1.0372861333e-02,1.0261265365e-02,1.0130364008e-02,9.9767289792e-03,9.7963028473e-03,9.5843268022e-03,9.3352794448e-03,9.0428513040e-03,8.6999957980e-03,8.2991201318e-03,7.8325109610e-03,7.2931274682e-03,6.6759281920e-03,5.9798995804e-03,5.2108655378e-03,4.3848795370e-03,3.5314134330e-03,2.6946229671e-03,1.9300091077e-03,1.2938872104e-03,8.2604966449e-04,5.3263138996e-04,3.8202259323e-04,3.2140469517e-04,3.0301159785e-04,2.9893460101e-04,2.9828871104e-04,2.9821653829e-04,2.9821089874e-04,2.9821060622e-04,2.9821061343e-04,2.9821063339e-04,2.9821065407e-04,2.9821067407e-04,2.9821069208e-04,2.9821070688e-04,2.9821071768e-04,2.9821072446e-04,2.9821072797e-04,2.9821072942e-04,2.9821072988e-04,2.9821072999e-04,2.9821073000e-04,2.9821073001e-04,2.9821073001e-04,2.9821073001e-04,2.9821073001e-04,2.9821073001e-04,2.9821073001e-04,2.9821073001e-04,2.9821073001e-04,2.9821073001e-04,2.9821073001e-04,2.9821073001e-04,2.9821073001e-04,2.9821073001e-04,2.9821073001e-04,2.9821073001e-04,2.9821073001e-04,2.9821073001e-04,2.9821073001e-04,2.9821073001e-04,2.9821073001e-04,2.9821073001e-04,2.9821073001e-04,2.9821073001e-04,2.9821073001e-04,2.9821073001e-04,2.9821073001e-04,2.9821073001e-04,2.9821073001e-04,2.9821073001e-04,2.9821073001e-04,2.9821073001e-04,2.9821073001e-04,2.9821073001e-04,2.9821073001e-04,2.9821073001e-04,2.9821073001e-04,2.9821073001e-04,2.9821073001e-04,2.9821073001e-04,2.9821073001e-04,2.9821073001e-04,2.9821073001e-04,2.9821073001e-04,2.9821073001e-04,2.9821073001e-04,2.9821073001e-04,2.9821073001e-04,2.9821073001e-04,2.9821073037e-04,2.9821074197e-04,2.9821100239e-04,2.9821507623e-04,2.9825942233e-04,2.9859635110e-04,3.0039858334e-04,3.0730143808e-04,3.2675774352e-04,3.6866253700e-04,4.4076625125e-04,5.4447883665e-04,6.7438577757e-04,8.2095187238e-04,9.7390215657e-04,1.1245526808e-03,1.2667566434e-03,1.3968720313e-03,1.5132698714e-03,1.6158163591e-03,1.7062420127e-03,1.7938488825e-03,1.9208687157e-03,2.2226460523e-03,2.9820466941e-03,4.5622132256e-03,7.1979078884e-03,1.0833511718e-02,1.5158591999e-02,1.9769885149e-02,2.4315055060e-02,2.8556056182e-02,3.2368164359e-02,3.5710865016e-02,3.8595614230e-02,4.1060808122e-02,4.3155526006e-02,4.4930237860e-02,4.6432125027e-02,4.7703134244e-02,4.8779512968e-02,4.9692073608e-02,5.0466766288e-02,5.1125340126e-02,5.1685986930e-02,5.2163922967e-02,5.2571895799e-02,5.2920616632e-02,5.3219122011e-02,5.3475068315e-02,5.3694963356e-02,5.3884342989e-02,5.4047905083e-02,5.4189615348e-02,5.4312797910e-02,5.4420219114e-02,5.4514168111e-02,5.4596533973e-02,5.4668877288e-02,5.4742755035e-02,5.4818563199e-02,5.4896796719e-02,5.4978080172e-02,5.5063207215e-02,5.5153194709e-02,5.5249358353e-02,5.5353420521e-02,5.5467667457e-02,5.5595184171e-02,5.5740215272e-02,5.5908736665e-02,5.6109393756e-02,5.6355104298e-02,5.6665927790e-02,5.7074493598e-02,5.7636973560e-02,5.8457146276e-02,5.9744903359e-02,7.1144226440e-01,7.1122007323e-01,7.1096331108e-01,7.1067807634e-01,7.1037134343e-01,7.1005023818e-01,7.0972127397e-01,7.0938987774e-01,7.0906019701e-01,7.0873512315e-01,7.0841644860e-01,7.0810508501e-01,7.0780128960e-01,7.0750486857e-01,7.0721534354e-01,7.0693207822e-01,7.0665436917e-01,7.0638150679e-01,7.0611281354e-01,7.0584766556e-01,7.0558550283e-01,7.0532583352e-01,7.0493317836e-01,7.0434027877e-01,7.0344443502e-01,7.0208589115e-01,7.0001398690e-01,6.9683800124e-01,6.9195128351e-01,6.8440374245e-01,6.7268829333e-01,6.5438534628e-01,6.2557934605e-01,5.7998307176e-01,5.0804981491e-01,3.9807470381e-01,2.4694821408e-01,9.3037840954e-02,1.5520554908e-02,1.4468230161e-03,5.8216520536e-04,5.6371740006e-04,5.6357564721e-04,5.6357524268e-04,5.6357524224e-04,5.6357524224e-04,5.6357524224e-04,5.6357524224e-04,5.6357524224e-04,5.6357524224e-04,5.6357524224e-04,5.6357524224e-04,5.6357524224e-04,5.6357524224e-04,5.6357524224e-04,5.6357524224e-04,5.6357524224e-04,5.6357524224e-04,5.6357524224e-04,5.6357524210e-04,5.6357519480e-04,5.6356906691e-04,5.6328450533e-04,5.5872977975e-04,5.3434871988e-04,4.8794946052e-04,4.4462171564e-04,4.1471182068e-04,3.9616638811e-04,3.8498209707e-04,3.7821021948e-04,3.7404991825e-04,3.7145324427e-04,3.6981036105e-04,3.6876000571e-04,3.6808335712e-04,3.6764510272e-04,3.6736015880e-04,3.6717438281e-04,3.6705303638e-04,3.6697368540e-04,3.6692176374e-04,3.6686985569e-04,3.6681795181e-04,3.6676604160e-04,3.6671410984e-04,3.6666214065e-04,3.6661011239e-04,3.6655800073e-04,3.6650577357e-04,3.6645339443e-04,3.6640081649e-04,3.6634798358e-04,3.6629482705e-04,3.6624126289e-04,3.6618718915e-04,3.6613247997e-04,3.6607698329e-04,3.6602051204e-04,3.6596283912e-04,3.6590368560e-04,3.6584271238e-04
3.3653493986e-04,2.1095038839e-07,2.1079652478e-07,2.1063339620e-07,2.1046078073e-07,2.1027850131e-07,2.1008641562e-07,2.0988441134e-07,2.0967240014e-07,2.0945031434e-07,2.0921810303e-07,2.0897573026e-07,2.0872317147e-07,2.0846041275e-07,2.0818745043e-07,2.0790428584e-07,2.0761092917e-07,2.0730739540e-07,2.0699370529e-07,2.0666988284e-07,2.0633595807e-07,2.0599196300e-07,2.0563794132e-07,2.0509306866e-07,2.0424230568e-07,2.0288852289e-07,2.0068287704e-07,1.9699091107e-07,1.9064263045e-07,1.7951403980e-07,1.6005529917e-07,1.2778190425e-07,8.2415232108e-08,4.0729839165e-08,2.3956372591e-08,2.1488601196e-08,2.1254853084e-08,2.1053200713e-08,2.0762027417e-08,2.0504143087e-08,2.0410922169e-08,2.0399139200e-08,2.0398613027e-08,2.0398604366e-08,2.0398604311e-08,2.0398604311e-08,2.0398604311e-08,2.0398604311e-08,2.0398604311e-08,2.0398604311e-08,2.0398604311e-08,2.0398604311e-08,2.0398604311e-08,2.0398604311e-08,2.0398604311e-08,2.0398604311e-08,2.0398604311e-08,2.0398604311e-08,2.0398604311e-08,2.0398604506e-08,2.0398691679e-08,2.0414426838e-08,2.1536541199e-08,5.2445152465e-08,3.7597079333e-07,1.6931219478e-06,4.1009782720e-06,6.7702017885e-06,1.0133470801e-05,3.8085154629e-05,2.7918102169e-04,1.1420091494e-03,2.5757827484e-03,4.0654814480e-03,5.2958855641e-03,6.2076147753e-03,6.8494400319e-03,7.2904674766e-03,7.5900927282e-03,7.7925727905e-03,7.9290654218e-03,8.0209686936e-03,8.0828146302e-03,8.1446861215e-03,8.2065764812e-03,8.2684805050e-03,8.3303933506e-03,8.3923106381e-03,8.4542285711e-03,8.5161440786e-03,8.5780549805e-03,8.6399601760e-03,8.7018598510e-03,8.7637556947e-03,8.8256511082e-03,8.8875513690e-03,8.9494636937e-03,9.0113970936e-03,9.0733618553e-03,9.1353683586e-03,9.1974247566e-03,9.2595327225e-03,9.3216799185e-03,9.4006162059e-03,9.4721972478e-03,9.5356013297e-03,9.5905590837e-03,9.6372266072e-03,9.6760575357e-03,9.7076902041e-03,9.7328571318e-03,9.7523179435e-03,9.7668133499e-03,9.7770362870e-03,9.7836160548e-03,9.7871117042e-03,9.7880116079e-03,9.7867368759e-03,9.7836469286e-03,9.7790460643e-03,9.7731902627e-03,9.7662937597e-03,9.7585351276e-03,9.7500625567e-03,9.7394974065e-03,9.7264458383e-03,9.7104743048e-03,9.6911091989e-03,9.6678324740e-03,9.6400705750e-03,9.6071746203e-03,9.5683912726e-03,9.5228256873e-03,9.4693994028e-03,9.4068060567e-03,9.3334660780e-03,9.2474789001e-03,9.1465694292e-03,9.0280257327e-03,8.8886272121e-03,8.7245661121e-03,8.5313698425e-03,8.3038381848e-03,8.0360198869e-03,7.7212695583e-03,7.3524501049e-03,6.9223789472e-03,6.4246548620e-03,5.8550336980e-03,5.2135125842e-03,4.5071665883e-03,3.7534501970e-03,2.9830099495e-03,2.2400695050e-03,1.5776253097e-03,1.0453672149e-03,6.7224928324e-04,4.5268114779e-04,3.4874910016e-04,3.1082043509e-04,3.0053553389e-04,2.9852015778e-04,2.9823991550e-04,2.9821254833e-04,2.9821069004e-04,2.9821061525e-04,2.9821062858e-04,2.9821064615e-04,2.9821066437e-04,2.9821068212e-04,2.9821069809e-04,2.9821071107e-04,2.9821072032e-04,2.9821072588e-04,2.9821072860e-04,2.9821072964e-04,2.9821072993e-04,2.9821073000e-04,2.9821073001e-04,2.9821073001e-04,2.9821073001e-04,2.9821073001e-04,2.9821073001e-04,2.9821073001e-04,2.9821073001e-04,2.9821073001e-04,2.9821073001e-04,2.9821073001e-04,2.9821073001e-04,2.9821073001e-04,2.9821073001e-04,2.9821073001e-04,2.9821073001e-04,2.9821073001e-04,2.9821073001e-04,2.9821073001e-04,2.9821073001e-04,2.9821073001e-04,2.9821073001e-04,2.9821073001e-04,2.9821073001e-04,2.9821073001e-04,2.9821073001e-04,2.9821073001e-04,2.9821073001e-04,2.9821073001e-04,2.9821073001e-04,2.9821073001e-04,2.9821073001e-04,2.9821073001e-04,2.9821073001e-04,2.9821073001e-04,2.9821073001e-04,2.9821073001e-04,2.9821073001e-04,2.9821073001e-04,2.9821073001e-04,2.9821073001e-04,2.9821073001e-04,2.9821073001e-04,2.9821073001e-04,2.9821073001e-04,2.9821073001e-04,2.9821073008e-04,2.9821073259e-04,2.9821079798e-04,2.9821198603e-04,2.9822701544e-04,2.9835961543e-04,2.9918057122e-04,3.0279493743e-04,3.1437099231e-04,3.4225355364e-04,3.9491039360e-04,4.7647625136e-04,5.8463125048e-04,7.1197334047e-04,8.4908089583e-04,9.8718605809e-04,1.1196013786e-03,1.2420386875e-03,1.3522934617e-03,1.4497220753e-03,1.5349799031e-03,1.6118167694e-03,1.6982340269e-03,1.8614121452e-03,2.2712421960e-03,3.2039090205e-03,4.9263326814e-03,7.5356304863e-03,1.0904177172e-02,1.4756578468e-02,1.8787469124e-02,2.2743204238e-02,2.6451662429e-02,2.9817603988e-02,3.2804059109e-02,3.5412345163e-02,3.7665917348e-02,3.9599058982e-02,4.1249698092e-02,4.2655224861e-02,4.3850299166e-02,4.4865892042e-02,4.5729046321e-02,4.6463026708e-02,4.7087657995e-02,4.7619734125e-02,4.8073433754e-02,4.8460710185e-02,4.8791642098e-02,4.9074740817e-02,4.9317213231e-02,4.9525180376e-02,4.9703853154e-02,4.9857669669e-02,4.9990402058e-02,5.0105242408e-02,5.0204876434e-02,5.0291550786e-02,5.0367136565e-02,5.0433189096e-02,5.0491002794e-02,5.0549815051e-02,5.0609886405e-02,5.0671541749e-02,5.0735190299e-02,5.0801350820e-02,5.0870686046e-02,5.0944050454e-02,5.1022557901e-02,5.1107679417e-02,5.1201388080e-02,5.1306379400e-02,5.1426416761e-02,5.1566891500e-02,5.1735766703e-02,5.1945240201e-02,5.2214832521e-02,5.2577491345e-02,5.3092617758e-02,5.3876656313e-02,6.3942338028e-01,6.3925869365e-01,6.3907273382e-01,6.3887033257e-01,6.3865639832e-01,6.3843560231e-01,6.3821197127e-01,6.3798868263e-01,6.3776802951e-01,6.3755150025e-01,6.3733991813e-01,6.3713359881e-01,6.3693249846e-01,6.3673633889e-01,6.3654470505e-01,6.3635711644e-01,6.3617307612e-01,6.3599210226e-01,6.3581374672e-01,6.3563760443e-01,6.3546331671e-01,6.3529057188e-01,6.3502916386e-01,6.3463408771e-01,6.3403660326e-01,6.3312993544e-01,6.3174694893e-01,6.2962757322e-01,6.2636844692e-01,6.2133862630e-01,6.1353831482e-01,6.0136108361e-01,5.8219055186e-01,5.5173616681e-01,5.0308433111e-01,4.2606755582e-01,3.1036476589e-01,1.6321515212e-01,4.4648155797e-02,5.2179110690e-03,7.3897553383e-04,5.6594345726e-04,5.6358698147e-04,5.6357526413e-04,5.6357524225e-04,5.6357524224e-04,5.6357524224e-04,5.6357524224e-04,5.6357524224e-04,5.6357524224e-04,5.6357524224e-04,5.6357524224e-04,5.6357524224e-04,5.6357524224e-04,5.6357524224e-04,5.6357524224e-04,5.6357524224e-04,5.6357524224e-04,5.6357524223e-04,5.6357523842e-04,5.6357447627e-04,5.6351914478e-04,5.6211312505e-04,5.5010051113e-04,5.1558154329e-04,4.7514839884e-04,4.4527464753e-04,4.2665986607e-04,4.1564582130e-04,4.0914767383e-04,4.0525374384e-04,4.0287320412e-04,4.0139081911e-04,4.0045396789e-04,3.9985532453e-04,3.9946977510e-04,3.9922009491e-04,3.9905776984e-04,3.9895194239e-04,3.9888281892e-04,3.9883761807e-04,3.9880804233e-04,3.9877847442e-04,3.9874890929e-04,3.9871934032e-04,3.9868975943e-04,3.9866015738e-04,3.9863052179e-04,3.9860083855e-04,3.9857109049e-04,3.9854125519e-04,3.9851130684e-04,3.9848121352e-04,3.9845093612e-04,3.9842042670e-04,3.9838962643e-04,3.9835846498e-04,3.9832685442e-04,3.9829468931e-04,3.9826183929e-04,3.9822814647e-04,3.9819341664e-04
5.4212822544e-04,1.7407677113e-07,1.7393164054e-07,1.7378236765e-07,1.7362884340e-07,1.7347097986e-07,1.7330870515e-07,1.7314196135e-07,1.7297070253e-07,1.7279489177e-07,1.7261450071e-07,1.7242950792e-07,1.7223989580e-07,1.7204565362e-07,1.7184677323e-07,1.7164324993e-07,1.7143508254e-07,1.7122227152e-07,1.7100482036e-07,1.7078273237e-07,1.7055601615e-07,1.7032467751e-07,1.7008873168e-07,1.6972939489e-07,1.6917635602e-07,1.6831287569e-07,1.6693897656e-07,1.6470115431e-07,1.6095843545e-07,1.5453861959e-07,1.4336124682e-07,1.2416827778e-07,9.3778597765e-08,5.5771094506e-08,2.9177051412e-08,2.1896504875e-08,2.1147628208e-08,2.1018085940e-08,2.0833114927e-08,2.0595252368e-08,2.0439491289e-08,2.0401851295e-08,2.0398699783e-08,2.0398605222e-08,2.0398604160e-08,2.0398604155e-08,2.0398604155e-08,2.0398604155e-08,2.0398604155e-08,2.0398604155e-08,2.0398604155e-08,2.0398604155e-08,2.0398604155e-08,2.0398604155e-08,2.0398604155e-08,2.0398604155e-08,2.0398604155e-08,2.0398604155e-08,2.0398604173e-08,2.0398614960e-08,2.0401393320e-08,2.0685645434e-08,3.1969603184e-08,2.0178078296e-07,1.1680553913e-06,3.4273750557e-06,6.2329205496e-06,9.0370305355e-06,2.1085296791e-05,1.5372900030e-04,7.9868562969e-04,2.1194364305e-03,3.6113156967e-03,4.8667839211e-03,5.7928186719e-03,6.4376571762e-03,6.8759691100e-03,7.1711136767e-03,7.3692428556e-03,7.5021739496e-03,7.5913911460e-03,7.6513004096e-03,7.6915477742e-03,7.7317599034e-03,7.7719358127e-03,7.8120758458e-03,7.8521810169e-03,7.8922531629e-03,7.9322951290e-03,7.9723109937e-03,8.0123063416e-03,8.0522885934e-03,8.0922674023e-03,8.1322551306e-03,8.1722674171e-03,8.2123238498e-03,8.2524487525e-03,8.2926720945e-03,8.3330305157e-03,8.3735684432e-03,8.4143392308e-03,8.4554061761e-03,8.4968431248e-03,8.5349267408e-03,8.5695403961e-03,8.6001912532e-03,8.6266740364e-03,8.6490117626e-03,8.6673922140e-03,8.6821097318e-03,8.6935171786e-03,8.7019894539e-03,8.7078978365e-03,8.7115934033e-03,8.7133974737e-03,8.7135971514e-03,8.7124443424e-03,8.7101569860e-03,8.7069215732e-03,8.7028963060e-03,8.6982144670e-03,8.6929877307e-03,8.6873092608e-03,8.6812563837e-03,8.6738488273e-03,8.6648384806e-03,8.6539495279e-03,8.6408770651e-03,8.6252833722e-03,8.6067903970e-03,8.5849673123e-03,8.5593127804e-03,8.5292325515e-03,8.4940137518e-03,8.4527971599e-03,8.4045477703e-03,8.3480224651e-03,8.2817324967e-03,8.2038983635e-03,8.1123954833e-03,8.0046903836e-03,7.8777687242e-03,7.7280587711e-03,7.5513578830e-03,7.3427763584e-03,7.0967241338e-03,6.8069831043e-03,6.4669329839e-03,6.0700319239e-03,5.6106901491e-03,5.0856998526e-03,4.4963589794e-03,3.8512751779e-03,3.1694452067e-03,2.4824737975e-03,1.8338237091e-03,1.2724482121e-03,8.3958839958e-04,5.5246127634e-04,3.9517368584e-04,3.2705031347e-04,3.0466276069e-04,2.9926596984e-04,2.9833435857e-04,2.9822088530e-04,2.9821121208e-04,2.9821064535e-04,2.9821063338e-04,2.9821064631e-04,2.9821066113e-04,2.9821067653e-04,2.9821069151e-04,2.9821070489e-04,2.9821071557e-04,2.9821072294e-04,2.9821072718e-04,2.9821072911e-04,2.9821072979e-04,2.9821072997e-04,2.9821073000e-04,2.9821073001e-04,2.9821073001e-04,2.9821073001e-04,2.9821073001e-04,2.9821073001e-04,2.9821073001e-04,2.9821073001e-04,2.9821073001e-04,2.9821073001e-04,2.9821073001e-04,2.9821073001e-04,2.9821073001e-04,2.9821073001e-04,2.9821073001e-04,2.9821073001e-04,2.9821073001e-04,2.9821073001e-04,2.9821073001e-04,2.9821073001e-04,2.9821073001e-04,2.9821073001e-04,2.9821073001e-04,2.9821073001e-04,2.9821073001e-04,2.9821073001e-04,2.9821073001e-04,2.9821073001e-04,2.9821073001e-04,2.9821073001e-04,2.9821073001e-04,2.9821073001e-04,2.9821073001e-04,2.9821073001e-04,2.9821073001e-04,2.9821073001e-04,2.9821073001e-04,2.9821073001e-04,2.9821073001e-04,2.9821073001e-04,2.9821073001e-04,2.9821073001e-04,2.9821073002e-04,2.9821073055e-04,2.9821074647e-04,2.9821108178e-04,2.9821600273e-04,2.9826633982e-04,2.9862669292e-04,3.0045030416e-04,3.0709602630e-04,3.2504471020e-04,3.6237393263e-04,4.2485211499e-04,5.1279546369e-04,6.2107344437e-04,7.4152455750e-04,8.6571234963e-04,9.8672358708e-04,1.0998266092e-03,1.2023599916e-03,1.2932815075e-03,1.3727309072e-03,1.4423594702e-03,1.5098326863e-03,1.6073128992e-03,1.8318139862e-03,2.3776417608e-03,3.4917945117e-03,5.3482397510e-03,7.9480774448e-03,1.1126464879e-02,1.4634624807e-02,1.8225092289e-02,2.1702004986e-02,2.4935897299e-02,2.7857100132e-02,3.0440913389e-02,3.2692352817e-02,3.4633758747e-02,3.6295956472e-02,3.7712518793e-02,3.8916356182e-02,3.9937898888e-02,4.0804293924e-02,4.1539207826e-02,4.2162964018e-02,4.2692844478e-02,4.3143454030e-02,4.3527090199e-02,4.3854089360e-02,4.4133136648e-02,4.4371536411e-02,4.4575444314e-02,4.4750063196e-02,4.4899804661e-02,4.5028418745e-02,4.5139095589e-02,4.5234544939e-02,4.5317060177e-02,4.5388572881e-02,4.5450701994e-02,4.5504799504e-02,4.5551992866e-02,4.5593223571e-02,4.5635080169e-02,4.5677727358e-02,4.5721370038e-02,4.5766265743e-02,4.5812740138e-02,4.5861208038e-02,4.5912202394e-02,4.5966415046e-02,4.6024755193e-02,4.6088435253e-02,4.6159100240e-02,4.6239028372e-02,4.6331452415e-02,4.6441093718e-02,4.6575088246e-02,4.6744674005e-02,4.6968452403e-02,4.7279157950e-02,4.7739011954e-02,5.6926655454e-01,5.6914783566e-01,5.6901665627e-01,5.6887657637e-01,5.6873084293e-01,5.6858235317e-01,5.6843346558e-01,5.6828593747e-01,5.6814095506e-01,5.6799921738e-01,5.6786104160e-01,5.6772646743e-01,5.6759534838e-01,5.6746742468e-01,5.6734237777e-01,5.6721986855e-01,5.6709956251e-01,5.6698114503e-01,5.6686432958e-01,5.6674886112e-01,5.6663451643e-01,5.6652110334e-01,5.6634934504e-01,5.6608951681e-01,5.6569620693e-01,5.6509898248e-01,5.6418785826e-01,5.6279200010e-01,5.6064678373e-01,5.5733897291e-01,5.5221511345e-01,5.4422688548e-01,5.3166483793e-01,5.1169970402e-01,4.7963338451e-01,4.2792742469e-01,3.4618069931e-01,2.2760605745e-01,9.4993174635e-02,1.8014558318e-02,1.7470628767e-03,5.9207378932e-04,5.6382336349e-04,5.6357604377e-04,5.6357524322e-04,5.6357524224e-04,5.6357524224e-04,5.6357524224e-04,5.6357524224e-04,5.6357524224e-04,5.6357524224e-04,5.6357524224e-04,5.6357524224e-04,5.6357524224e-04,5.6357524224e-04,5.6357524224e-04,5.6357524224e-04,5.6357524224e-04,5.6357524199e-04,5.6357516475e-04,5.6356644731e-04,5.6321672111e-04,5.5843529609e-04,5.3682249848e-04,5.0184557505e-04,4.7270416487e-04,4.5409477234e-04,4.4323502259e-04,4.3700335252e-04,4.3337983299e-04,4.3122346659e-04,4.2990950491e-04,4.2909256219e-04,4.2857664666e-04,4.2824709764e-04,4.2803489321e-04,4.2789748309e-04,4.2780815274e-04,4.2774991567e-04,4.2771187737e-04,4.2768700401e-04,4.2767072877e-04,4.2765445795e-04,4.2763818872e-04,4.2762191766e-04,4.2760564004e-04,4.2758935096e-04,4.2757304291e-04,4.2755670957e-04,4.2754033966e-04,4.2752392233e-04,4.2750744289e-04,4.2749088331e-04,4.2747422313e-04,4.2745743426e-04,4.2744048662e-04,4.2742333930e-04,4.2740594518e-04,4.2738824613e-04,4.2737016982e-04,4.2735163005e-04,4.2733251948e-04
9.0594635405e-04,1.4404298392e-07,1.4390221701e-07,1.4375986333e-07,1.4361587075e-07,1.4347019853e-07,1.4332281232e-07,1.4317368506e-07,1.4302279331e-07,1.4287012021e-07,1.4271565020e-07,1.4255937220e-07,1.4240127710e-07,1.4224135785e-07,1.4207960816e-07,1.4191602530e-07,1.4175060516e-07,1.4158334671e-07,1.4141424873e-07,1.4124331060e-07,1.4107053342e-07,1.4089591778e-07,1.4071946797e-07,1.4045371164e-07,1.4005106988e-07,1.3943588190e-07,1.3848491334e-07,1.3699173684e-07,1.3460036964e-07,1.3068236558e-07,1.2412362656e-07,1.1303676681e-07,9.4763645358e-08,6.7836862836e-08,3.9017504554e-08,2.4037847195e-08,2.1164295444e-08,2.0927501761e-08,2.0828782763e-08,2.0670487806e-08,2.0496650938e-08,2.0413412611e-08,2.0399437718e-08,2.0398621357e-08,2.0398604029e-08,2.0398603890e-08,2.0398603889e-08,2.0398603889e-08,2.0398603889e-08,2.0398603889e-08,2.0398603889e-08,2.0398603889e-08,2.0398603889e-08,2.0398603889e-08,2.0398603889e-08,2.0398603889e-08,2.0398603889e-08,2.0398603891e-08,2.0398605403e-08,2.0399136016e-08,2.0473444065e-08,2.4530237937e-08,1.0864227890e-07,7.6008927479e-07,2.7233655003e-06,5.5350466964e-06,8.2785543778e-06,1.4070196771e-05,8.1002581503e-05,5.1139836895e-04,1.6129001608e-03,2.9999543791e-03,4.2078834434e-03,5.1055791626e-03,5.7303928131e-03,6.1542209108e-03,6.4390886431e-03,6.6300625660e-03,6.7580713281e-03,6.8439274476e-03,6.9015532523e-03,6.9402547160e-03,6.9662583389e-03,6.9922427050e-03,7.0182076057e-03,7.0441535449e-03,7.0700813080e-03,7.0959920275e-03,7.1218872615e-03,7.1477690904e-03,7.1736402341e-03,7.1995041923e-03,7.2253654151e-03,7.2512295055e-03,7.2771034606e-03,7.3029959546e-03,7.3289176678e-03,7.3548816613e-03,7.3809037934e-03,7.4070031647e-03,7.4332025600e-03,7.4595288310e-03,7.4888625310e-03,7.4502732544e-03,7.4855321870e-03,7.5164549635e-03,7.5426457948e-03,7.5641691687e-03,7.5813761254e-03,7.5947625310e-03,7.6048690871e-03,7.6122194618e-03,7.6172875095e-03,7.6204840696e-03,7.6221555377e-03,7.6225886572e-03,7.6220179899e-03,7.6206340032e-03,7.6185907085e-03,7.6160123843e-03,7.6129992583e-03,7.6096321933e-03,7.6059764929e-03,7.6020853741e-03,7.5973307645e-03,7.5915586930e-03,7.5845973936e-03,7.5762567343e-03,7.5663255657e-03,7.5545668236e-03,7.5407097713e-03,7.5244391498e-03,7.5053815911e-03,7.4830900100e-03,7.4570266552e-03,7.4265449280e-03,7.3908691208e-03,7.3490705510e-03,7.3000383207e-03,7.2424432476e-03,7.1746939803e-03,7.0948846231e-03,7.0007338903e-03,6.8895168969e-03,6.7579926512e-03,6.6023345874e-03,6.4180780494e-03,6.2001098156e-03,5.9427417598e-03,5.6399354635e-03,5.2857769571e-03,4.8753352543e-03,4.4060582433e-03,3.8798230413e-03,3.3055884839e-03,2.7021834857e-03,2.1000280883e-03,1.5396856420e-03,1.0648612767e-03,7.0935678237e-04,4.8269257326e-04,3.6470608490e-04,3.1670984106e-04,3.0204787773e-04,2.9878873466e-04,2.9827279029e-04,2.9821534982e-04,2.9821088460e-04,2.9821065007e-04,2.9821065082e-04,2.9821066190e-04,2.9821067411e-04,2.9821068689e-04,2.9821069922e-04,2.9821071020e-04,2.9821071883e-04,2.9821072471e-04,2.9821072796e-04,2.9821072940e-04,2.9821072986e-04,2.9821072998e-04,2.9821073000e-04,2.9821073001e-04,2.9821073001e-04,2.9821073001e-04,2.9821073001e-04,2.9821073001e-04,2.9821073000e-04,2.9821073001e-04,2.9821073001e-04,2.9821073001e-04,2.9821073000e-04,2.9821073001e-04,2.9821073001e-04,2.9821073001e-04,2.9821073001e-04,2.9821073001e-04,2.9821073001e-04,2.9821073001e-04,2.9821073001e-04,2.9821073001e-04,2.9821073001e-04,2.9821073001e-04,2.9821073001e-04,2.9821073001e-04,2.9821073001e-04,2.9821073001e-04,2.9821073001e-04,2.9821073001e-04,2.9821073001e-04,2.9821073001e-04,2.9821073001e-04,2.9821073001e-04,2.9821073001e-04,2.9821073001e-04,2.9821073001e-04,2.9821073001e-04,2.9821073001e-04,2.9821073001e-04,2.9821073001e-04,2.9821073018e-04,2.9821073577e-04,2.9821086607e-04,2.9821298448e-04,2.9823698129e-04,2.9842692187e-04,2.9948594790e-04,3.0371145286e-04,3.1608951699e-04,3.4367728077e-04,3.9250504554e-04,4.6425968126e-04,5.5547475757e-04,6.5929832421e-04,7.6805544689e-04,8.7514547389e-04,9.7587574782e-04,1.0674916217e-03,1.1488067878e-03,1.2197582383e-03,1.2813117864e-03,1.3375047566e-03,1.4059178551e-03,1.5459399265e-03,1.8943265922e-03,2.6565493501e-03,4.0200247273e-03,6.0500826811e-03,8.6579094072e-03,1.1649523999e-02,1.4801917522e-02,1.7920496406e-02,2.0865000397e-02,2.3551421591e-02,2.5941797109e-02,2.8030664391e-02,2.9832784377e-02,3.1373769866e-02,3.2683686501e-02,3.3793071772e-02,3.4730695723e-02,3.5522475478e-02,3.6191101677e-02,3.6756072402e-02,3.7233937783e-02,3.7638634962e-02,3.7981844032e-02,3.8273327879e-02,3.8521238591e-02,3.8732384538e-02,3.8912458651e-02,3.9066231450e-02,3.9197713069e-02,3.9310287741e-02,3.9406823130e-02,3.9489756695e-02,3.9561162220e-02,3.9622800930e-02,3.9676162186e-02,3.9722498099e-02,3.9762854960e-02,3.9798102764e-02,3.9828962963e-02,3.9856035745e-02,3.9883650466e-02,3.9911959532e-02,3.9941157356e-02,3.9971497904e-02,4.0003317408e-02,4.0037068010e-02,4.0073368850e-02,4.0113085769e-02,4.0157459313e-02,4.0208317073e-02,4.0268438758e-02,4.0342209428e-02,4.0436842288e-02,4.0564788385e-02,4.0748775352e-02,4.1033100433e-02,4.1511118955e-02,4.2399217658e-02,4.4262474723e-02,4.9703713039e-01,4.7567872509e-01,4.7708320244e-01,4.7900542965e-01,4.8117012651e-01,4.8335429304e-01,4.8540426794e-01,4.8723230753e-01,4.8880255369e-01,4.9011435806e-01,4.9118760483e-01,4.9205181677e-01,4.9273906546e-01,4.9327992016e-01,4.9370150371e-01,4.9402685300e-01,4.9427500031e-01,4.9446139635e-01,4.9459845136e-01,4.9469607549e-01,4.9476216348e-01,4.9480340013e-01,4.9482691859e-01,4.9479807765e-01,4.9466283805e-01,4.9435614058e-01,4.9381091524e-01,4.9294070991e-01,4.9159584506e-01,4.8952311843e-01,4.8631650478e-01,4.8132563373e-01,4.7349183136e-01,4.6105839270e-01,4.4106475820e-01,4.0853338978e-01,3.5555936416e-01,2.7225327294e-01,1.5751709408e-01,5.0318392989e-02,6.8733951016e-03,8.4948114595e-04,5.6819055168e-04,5.6360243717e-04,5.6357530224e-04,5.6357524229e-04,5.6357524224e-04,5.6357524224e-04,5.6357524224e-04,5.6357524224e-04,5.6357524224e-04,5.6357524224e-04,5.6357524224e-04,5.6357524224e-04,5.6357524224e-04,5.6357524224e-04,5.6357524224e-04,5.6357524222e-04,5.6357523414e-04,5.6357388380e-04,5.6349265160e-04,5.6180332142e-04,5.5015985558e-04,5.2323066544e-04,4.9655873823e-04,4.7876192612e-04,4.6845437743e-04,4.6270438266e-04,4.5947469316e-04,4.5761588713e-04,4.5651512070e-04,4.5584594379e-04,4.5543035082e-04,4.5516803447e-04,4.5500051876e-04,4.5489266513e-04,4.5482283058e-04,4.5477743275e-04,4.5474783730e-04,4.5472850682e-04,4.5471586665e-04,4.5470759646e-04,4.5469932776e-04,4.5469106046e-04,4.5468279244e-04,4.5467452046e-04,4.5466624323e-04,4.5465795681e-04,4.5464965668e-04,4.5464133918e-04,4.5463299713e-04,4.5462462427e-04,4.5461621048e-04,4.5460774596e-04,4.5459921691e-04,4.5459060751e-04,4.5458189715e-04,4.5457306229e-04,4.5456407394e-04,4.5455489527e-04,4.5454548253e-04,4.5453572632e-04
1.6900079861e-03,1.1826318306e-07,1.1812458155e-07,1.1798565060e-07,1.1784637192e-07,1.1770672859e-07,1.1756670680e-07,1.1742629543e-07,1.1728548596e-07,1.1714426927e-07,1.1700264054e-07,1.1686059444e-07,1.1671812618e-07,1.1657523259e-07,1.1643191071e-07,1.1628815846e-07,1.1614397297e-07,1.1599935421e-07,1.1585429988e-07,1.1570880904e-07,1.1556288119e-07,1.1541651499e-07,1.1526971386e-07,1.1505062377e-07,1.1472306398e-07,1.1423204675e-07,1.1349318781e-07,1.1237527361e-07,1.1067077681e-07,1.0804494268e-07,1.0394827589e-07,9.7478024559e-08,8.7230936285e-08,7.1506938727e-08,5.0264685486e-08,3.0487073162e-08,2.2129991639e-08,2.0847324922e-08,2.0749063055e-08,2.0679807349e-08,2.0564526970e-08,2.0450136330e-08,2.0405003480e-08,2.0398896844e-08,2.0398608370e-08,2.0398603383e-08,2.0398603350e-08,2.0398603350e-08,2.0398603350e-08,2.0398603350e-08,2.0398603350e-08,2.0398603350e-08,2.0398603350e-08,2.0398603350e-08,2.0398603350e-08,2.0398603350e-08,2.0398603350e-08,2.0398603810e-08,2.0398796874e-08,2.0431247874e-08,2.2561656679e-08,7.5711229615e-08,5.6831225524e-07,2.2995142054e-06,5.0160293725e-06,7.7030632662e-06,1.1610399941e-05,5.1380266216e-05,3.4929198637e-04,1.2218096919e-03,2.4052427346e-03,3.4688594642e-03,4.2758855274e-03,4.8484126018e-03,5.2437906071e-03,5.5137051975e-03,5.6969374706e-03,5.8209299937e-03,5.9046663821e-03,5.9611407302e-03,5.9991943707e-03,6.0248200776e-03,6.0420695503e-03,6.0593316307e-03,6.0766061400e-03,6.0938932430e-03,6.1111931469e-03,6.1285061137e-03,6.1458324744e-03,6.1631726469e-03,6.1805271574e-03,6.1978966656e-03,6.2152819952e-03,6.2326841672e-03,6.2501044376e-03,6.2675443373e-03,6.2850057100e-03,6.3024907448e-03,6.3200019929e-03,6.3375423575e-03,6.3551150351e-03,6.3727233825e-03,6.3932249468e-03,6.3283798731e-03,6.3581590132e-03,6.3845723604e-03,6.4070172586e-03,6.4254184850e-03,6.4400417615e-03,6.4513326232e-03,6.4597991359e-03,6.4659381666e-03,6.4701961950e-03,6.4729537535e-03,6.4745240713e-03,6.4751590701e-03,6.4750583312e-03,6.4743785171e-03,6.4732420004e-03,6.4717442054e-03,6.4699595874e-03,6.4679463687e-03,6.4657502296e-03,6.4634077665e-03,6.4605422844e-03,6.4570633840e-03,6.4528700653e-03,6.4478507530e-03,6.4418816236e-03,6.4348236829e-03,6.4265182882e-03,6.4167810290e-03,6.4053941370e-03,6.3920978425e-03,6.3765810610e-03,6.3584714600e-03,6.3373244675e-03,6.3126103091e-03,6.2836980573e-03,6.2498357279e-03,6.2101256381e-03,6.1634943344e-03,6.1086560338e-03,6.0440692979e-03,5.9678859963e-03,5.8778932303e-03,5.7714499326e-03,5.6454231894e-03,5.4961342849e-03,5.3193332326e-03,5.1102343516e-03,4.8636659534e-03,4.5744151757e-03,4.2378816227e-03,3.8511779769e-03,3.4148011507e-03,2.9348801740e-03,2.4256874609e-03,1.9114911555e-03,1.4260069215e-03,1.0072592455e-03,6.8690693938e-04,4.7728544338e-04,3.6478031576e-04,3.1738639658e-04,3.0234143484e-04,2.9885818685e-04,2.9828316829e-04,2.9821638671e-04,2.9821096945e-04,2.9821066896e-04,2.9821066465e-04,2.9821067320e-04,2.9821068296e-04,2.9821069314e-04,2.9821070324e-04,2.9821071233e-04,2.9821071976e-04,2.9821072496e-04,2.9821072797e-04,2.9821072935e-04,2.9821072987e-04,2.9821072998e-04,2.9821073001e-04,2.9821073000e-04,2.9821073000e-04,2.9821073001e-04,2.9821073001e-04,2.9821073001e-04,2.9821073001e-04,2.9821073000e-04,2.9821073001e-04,2.9821073001e-04,2.9821073001e-04,2.9821073001e-04,2.9821073001e-04,2.9821073001e-04,2.9821073001e-04,2.9821073001e-04,2.9821073001e-04,2.9821073001e-04,2.9821073001e-04,2.9821073001e-04,2.9821073001e-04,2.9821073001e-04,2.9821073001e-04,2.9821073001e-04,2.9821073001e-04,2.9821073001e-04,2.9821073001e-04,2.9821073001e-04,2.9821073001e-04,2.9821073001e-04,2.9821073001e-04,2.9821073001e-04,2.9821073001e-04,2.9821073001e-04,2.9821073001e-04,2.9821073021e-04,2.9821073674e-04,2.9821088414e-04,2.9821320294e-04,2.9823861556e-04,2.9843324448e-04,2.9948394029e-04,3.0354868209e-04,3.1511932406e-04,3.4025318903e-04,3.8375475511e-04,4.4647542982e-04,5.2492634903e-04,6.1299182122e-04,7.0413386269e-04,7.9291830947e-04,8.7561691871e-04,9.5015418342e-04,1.0157508196e-03,1.0725336728e-03,1.1214845291e-03,1.1663245997e-03,1.2227769756e-03,1.3427640961e-03,1.6435407774e-03,2.2984209700e-03,3.4629658172e-03,5.1885854440e-03,7.3967069101e-03,9.9204618749e-03,1.2569218075e-02,1.5177476682e-02,1.7626981697e-02,1.9848208195e-02,2.1811345870e-02,2.3514391651e-02,2.4972385803e-02,2.6209234687e-02,2.7252174979e-02,2.8128379631e-02,2.8863097574e-02,2.9478799948e-02,2.9994938297e-02,3.0428044749e-02,3.0792001483e-02,3.1098375408e-02,3.1356759417e-02,3.1575090053e-02,3.1759928454e-02,3.1916701110e-02,3.2049902058e-02,3.2163260638e-02,3.2259879825e-02,3.2342350162e-02,3.2412843530e-02,3.2473189770e-02,3.2524938118e-02,3.2569405005e-02,3.2607710281e-02,3.2640804608e-02,3.2669491043e-02,3.2694443387e-02,3.2716222991e-02,3.2735294715e-02,3.2752042091e-02,3.2766783011e-02,3.2781875425e-02,3.2797420000e-02,3.2813546073e-02,3.2830424507e-02,3.2848284314e-02,3.2867437541e-02,3.2888317431e-02,3.2911538340e-02,3.2937992452e-02,3.2969010511e-02,3.3006637847e-02,3.3054125953e-02,3.3116844636e-02,3.3204055422e-02,3.3332549527e-02,3.3534592399e-02,3.3876604696e-02,3.4507185128e-02,3.5794920777e-02,4.1543044025e-01,3.9438681180e-01,3.9637555501e-01,3.9866982239e-01,4.0102071735e-01,4.0325180137e-01,4.0525864442e-01,4.0699513259e-01,4.0845566476e-01,4.0965887338e-01,4.1063524858e-01,4.1141892910e-01,4.1204291841e-01,4.1253672013e-01,4.1292549426e-01,4.1323006690e-01,4.1346735399e-01,4.1365093703e-01,4.1379164950e-01,4.1389810773e-01,4.1397716215e-01,4.1403456656e-01,4.1408796729e-01,4.1411312252e-01,4.1407208191e-01,4.1392228424e-01,4.1362722568e-01,4.1314541992e-01,4.1239889714e-01,4.1124935476e-01,4.0947377731e-01,4.0671629236e-01,4.0240030898e-01,3.9557169622e-01,3.8461538522e-01,3.6675059019e-01,3.3721753383e-01,2.8845075068e-01,2.1167662577e-01,1.1014624045e-01,2.8797815736e-02,3.3266697990e-03,6.5933718758e-04,5.6476261211e-04,5.6358065042e-04,5.6357525151e-04,5.6357524224e-04,5.6357524224e-04,5.6357524224e-04,5.6357524224e-04,5.6357524224e-04,5.6357524224e-04,5.6357524224e-04,5.6357524224e-04,5.6357524224e-04,5.6357524224e-04,5.6357524224e-04,5.6357524074e-04,5.6357491687e-04,5.6354950192e-04,5.6285402435e-04,5.5651464541e-04,5.3758802896e-04,5.1584575416e-04,5.0082805154e-04,4.9223229111e-04,4.8758706957e-04,4.8507890454e-04,4.8369199750e-04,4.8289979210e-04,4.8243235666e-04,4.8214868564e-04,4.8197265653e-04,4.8186159313e-04,4.8179068134e-04,4.8174502970e-04,4.8171547192e-04,4.8169625767e-04,4.8168373176e-04,4.8167555058e-04,4.8167020095e-04,4.8166670056e-04,4.8166320106e-04,4.8165970259e-04,4.8165620275e-04,4.8165270247e-04,4.8164919922e-04,4.8164569193e-04,4.8164217987e-04,4.8163865938e-04,4.8163512940e-04,4.8163158588e-04,4.8162802537e-04,4.8162444331e-04,4.8162083390e-04,4.8161719087e-04,4.8161350516e-04,4.8160976695e-04,4.8160596425e-04,4.8160208056e-04,4.8159809919e-04,4.8159396090e-04
3.3925967418e-03,1.0020892353e-07,1.0007112492e-07,9.9933461739e-08,9.9795926900e-08,9.9658512962e-08,9.9521215533e-08,9.9384031503e-08,9.9246955340e-08,9.9109985434e-08,9.8973118580e-08,9.8836353282e-08,9.8699686966e-08,9.8563118559e-08,9.8426645723e-08,9.8290268306e-08,9.8153984857e-08,9.8017793865e-08,9.7881694863e-08,9.7745686994e-08,9.7609768957e-08,9.7473941204e-08,9.7338204423e-08,9.7136540941e-08,9.6837044303e-08,9.6392501223e-08,9.5733199216e-08,9.4756520009e-08,9.3312052624e-08,9.1180610679e-08,8.8045360437e-08,8.3454245844e-08,7.6780903228e-08,6.7235888159e-08,5.4179158570e-08,3.8558637389e-08,2.5874301149e-08,2.1256897902e-08,2.0647047815e-08,2.0607037031e-08,2.0568654394e-08,2.0496766163e-08,2.0426878848e-08,2.0401767816e-08,2.0398732236e-08,2.0398604316e-08,2.0398602340e-08,2.0398602328e-08,2.0398602328e-08,2.0398602328e-08,2.0398602328e-08,2.0398602328e-08,2.0398602328e-08,2.0398602328e-08,2.0398602328e-08,2.0398602328e-08,2.0398602558e-08,2.0398709286e-08,2.0418502205e-08,2.1852394081e-08,6.1292969580e-08,4.6242663392e-07,1.9840278007e-06,4.4611060778e-06,6.8843826306e-06,9.7463852846e-06,3.4501677308e-05,2.3551810119e-04,8.7633918174e-04,1.8063605007e-03,2.6951122640e-03,3.4156308774e-03,3.9613799452e-03,4.3605865291e-03,4.6460166399e-03,4.8466880215e-03,4.9859875025e-03,5.0817751053e-03,5.1471909478e-03,5.1916471732e-03,5.2217568334e-03,5.2421025235e-03,5.2558290782e-03,5.2695905765e-03,5.2833866072e-03,5.2972169299e-03,5.3110812148e-03,5.3249790262e-03,5.3389098025e-03,5.3528728321e-03,5.3668672262e-03,5.3808918843e-03,5.3949454540e-03,5.4090262819e-03,5.4231323550e-03,5.4372612294e-03,5.4514099446e-03,5.4655749229e-03,5.4797518537e-03,5.4939355700e-03,5.5081199356e-03,5.5222977921e-03,5.5393282954e-03,5.4396059267e-03,5.4690450142e-03,5.4957050880e-03,5.5185607187e-03,5.5372908259e-03,5.5520602410e-03,5.5633103385e-03,5.5715966997e-03,5.5774820034e-03,5.5814763867e-03,5.5840118520e-03,5.5854378420e-03,5.5860281185e-03,5.5859923693e-03,5.5854887143e-03,5.5846351654e-03,5.5835192674e-03,5.5822057938e-03,5.5807426769e-03,5.5791654744e-03,5.5775016629e-03,5.5754863881e-03,5.5730643338e-03,5.5701726549e-03,5.5667412229e-03,5.5626910826e-03,5.5579323361e-03,5.5523614062e-03,5.5458576445e-03,5.5382793172e-03,5.5294590713e-03,5.5191990000e-03,5.5072653080e-03,5.4933823661e-03,5.4772257997e-03,5.4584141152e-03,5.4364984486e-03,5.4109500797e-03,5.3811453256e-03,5.3463472968e-03,5.3056840130e-03,5.2581223074e-03,5.2024368914e-03,5.1371742408e-03,5.0606112727e-03,4.9707099357e-03,4.8650702891e-03,4.7408882719e-03,4.5949294437e-03,4.4235390948e-03,4.2227231596e-03,3.9883547797e-03,3.7165864980e-03,3.4045756044e-03,3.0516382133e-03,2.6608985479e-03,2.2413211192e-03,1.8096103735e-03,1.3908120498e-03,1.0158223894e-03,7.1428456886e-04,5.0384912811e-04,3.8145741645e-04,3.2469583045e-04,3.0458606110e-04,2.9933682124e-04,2.9835352701e-04,2.9822350633e-04,2.9821147666e-04,2.9821070471e-04,2.9821067575e-04,2.9821068155e-04,2.9821068915e-04,2.9821069726e-04,2.9821070545e-04,2.9821071312e-04,2.9821071965e-04,2.9821072453e-04,2.9821072760e-04,2.9821072917e-04,2.9821072978e-04,2.9821072996e-04,2.9821073000e-04,2.9821073001e-04,2.9821073001e-04,2.9821073001e-04,2.9821073001e-04,2.9821073001e-04,2.9821073001e-04,2.9821073001e-04,2.9821073001e-04,2.9821073001e-04,2.9821073001e-04,2.9821073001e-04,2.9821073001e-04,2.9821073001e-04,2.9821073001e-04,2.9821073001e-04,2.9821073001e-04,2.9821073001e-04,2.9821073001e-04,2.9821073001e-04,2.9821073001e-04,2.9821073001e-04,2.9821073001e-04,2.9821073001e-04,2.9821073001e-04,2.9821073001e-04,2.9821073001e-04,2.9821073001e-04,2.9821073001e-04,2.9821073001e-04,2.9821073002e-04,2.9821073060e-04,2.9821074716e-04,2.9821107800e-04,2.9821567691e-04,2.9826020403e-04,2.9856190497e-04,3.0000827997e-04,3.0501197253e-04,3.1788328809e-04,3.4348973145e-04,3.8467788603e-04,4.4064134443e-04,5.0740018100e-04,5.7955957212e-04,6.5200047521e-04,7.2083266826e-04,7.8363028135e-04,8.3924041847e-04,8.8743891543e-04,9.2864024062e-04,9.6411697920e-04,9.9876803569e-04,1.0520585399e-03,1.1812139370e-03,1.4994818384e-03,2.1511328876e-03,3.2401652305e-03,4.7706052462e-03,6.6460580162e-03,8.7155230262e-03,1.0825408681e-02,1.2852777488e-02,1.4716716089e-02,1.6375235028e-02,1.7815932689e-02,1.9045835331e-02,2.0082945216e-02,2.0950177420e-02,2.1671468623e-02,2.2269540343e-02,2.2764792204e-02,2.3174903565e-02,2.3514842835e-02,2.3797086795e-02,2.4031928467e-02,2.4227803839e-02,2.4391600796e-02,2.4528933593e-02,2.4644377680e-02,2.4741665739e-02,2.4823848710e-02,2.4893426648e-02,2.4952454353e-02,2.5002626408e-02,2.5045345713e-02,2.5081778967e-02,2.5112901736e-02,2.5139534853e-02,2.5162373154e-02,2.5182007366e-02,2.5198940212e-02,2.5213598210e-02,2.5226340807e-02,2.5237468184e-02,2.5247228600e-02,2.5255825588e-02,2.5263424981e-02,2.5270162878e-02,2.5277117565e-02,2.5284352135e-02,2.5291948220e-02,2.5300014812e-02,2.5308699643e-02,2.5318206311e-02,2.5328820657e-02,2.5340952243e-02,2.5355201242e-02,2.5372469168e-02,2.5394147700e-02,2.5422451411e-02,2.5461026202e-02,2.5516109701e-02,2.5598853702e-02,2.5730239840e-02,2.5952191036e-02,2.6354739315e-02,2.7149119858e-02,3.3388061384e-01,3.1510075058e-01,3.1735526639e-01,3.1969014225e-01,3.2192222595e-01,3.2394076795e-01,3.2569478559e-01,3.2717543406e-01,3.2839945324e-01,3.2939638795e-01,3.3020001383e-01,3.3084328527e-01,3.3135579954e-01,3.3176285554e-01,3.3208541477e-01,3.3234050504e-01,3.3254179119e-01,3.3270016354e-01,3.3282427319e-01,3.3292098796e-01,3.3299576648e-01,3.3305316134e-01,3.3311337807e-01,3.3316003811e-01,3.3316742361e-01,3.3310875579e-01,3.3296626751e-01,3.3272439548e-01,3.3234791325e-01,3.3176863828e-01,3.3087540314e-01,3.2949158048e-01,3.2733291153e-01,3.2393231480e-01,3.1850269660e-01,3.0968222337e-01,2.9506872596e-01,2.7045446511e-01,2.2906174055e-01,1.6332350068e-01,7.8563592871e-02,1.7930590530e-02,1.9921149834e-03,6.0504524587e-04,5.6400731173e-04,5.6357690290e-04,5.6357524464e-04,5.6357524224e-04,5.6357524223e-04,5.6357524224e-04,5.6357524224e-04,5.6357524224e-04,5.6357524224e-04,5.6357524224e-04,5.6357524224e-04,5.6357524224e-04,5.6357524182e-04,5.6357513453e-04,5.6356510010e-04,5.6323621422e-04,5.5963267693e-04,5.4683802336e-04,5.3040050097e-04,5.1876498119e-04,5.1219673151e-04,5.0875775871e-04,5.0697453814e-04,5.0603051796e-04,5.0551348456e-04,5.0521952069e-04,5.0504645664e-04,5.0494154195e-04,5.0487647130e-04,5.0483542574e-04,5.0480922203e-04,5.0479235357e-04,5.0478143222e-04,5.0477433275e-04,5.0476970478e-04,5.0476668182e-04,5.0476470528e-04,5.0476341224e-04,5.0476211921e-04,5.0476082635e-04,5.0475953331e-04,5.0475824015e-04,5.0475694593e-04,5.0475564995e-04,5.0475435261e-04,5.0475305185e-04,5.0475174751e-04,5.0475043868e-04,5.0474912321e-04,5.0474780002e-04,5.0474646660e-04,5.0474512081e-04,5.0474375980e-04,5.0474237874e-04,5.0474097450e-04,5.0473954035e-04,5.0473807017e-04,5.0473653624e-04
6.5651872870e-03,9.0991487540e-08,9.0853903426e-08,9.0716575626e-08,9.0579499578e-08,9.0442673663e-08,9.0306095036e-08,9.0169761937e-08,9.0033673006e-08,8.9897826684e-08,8.9762222232e-08,8.9626856981e-08,8.9491731831e-08,8.9356844391e-08,8.9222194674e-08,8.9087781284e-08,8.8953603567e-08,8.8819661191e-08,8.8685952414e-08,8.8552477731e-08,8.8419236319e-08,8.8286226385e-08,8.8153451247e-08,8.7956454953e-08,8.7664481872e-08,8.7232415111e-08,8.6594510928e-08,8.5655920566e-08,8.4281859400e-08,8.2285156487e-08,7.9415012305e-08,7.5354006447e-08,6.9737657162e-08,6.2221837698e-08,5.2643053025e-08,4.1379614487e-08,3.0170357081e-08,2.2854869552e-08,2.0736088639e-08,2.0516500993e-08,2.0509081047e-08,2.0491996857e-08,2.0450807047e-08,2.0412063375e-08,2.0399902358e-08,2.0398646620e-08,2.0398601467e-08,2.0398600870e-08,2.0398600867e-08,2.0398600867e-08,2.0398600867e-08,2.0398600867e-08,2.0398600867e-08,2.0398600867e-08,2.0398600866e-08,2.0398600943e-08,2.0398641404e-08,2.0407310368e-08,2.1133980815e-08,4.4275136456e-08,3.1569940636e-07,1.4797470251e-06,3.5034247751e-06,5.4560077329e-06,7.2612463246e-06,1.8553285962e-05,1.2408255367e-04,5.2437203718e-04,1.2076954151e-03,1.9612599963e-03,2.6564849109e-03,3.2434402656e-03,3.7107923118e-03,4.0667810561e-03,4.3288157837e-03,4.5167492104e-03,4.6489737894e-03,4.7407206068e-03,4.8037555727e-03,4.8467656286e-03,4.8759730841e-03,4.8957436860e-03,4.9090976675e-03,4.9224979182e-03,4.9359438785e-03,4.9494351199e-03,4.9629710704e-03,4.9765509861e-03,4.9901739193e-03,5.0038386786e-03,5.0175437846e-03,5.0312874159e-03,5.0450673491e-03,5.0588808877e-03,5.0727247839e-03,5.0865951541e-03,5.1004873923e-03,5.1143960936e-03,5.1283150115e-03,5.1422370920e-03,5.1561546770e-03,5.1700600433e-03,5.1869755939e-03,5.0431431962e-03,5.0767759022e-03,5.1081550818e-03,5.1355076399e-03,5.1580645270e-03,5.1758062714e-03,5.1891777909e-03,5.1988466970e-03,5.2055329754e-03,5.2099074801e-03,5.2125435748e-03,5.2139036573e-03,5.2143453195e-03,5.2141365167e-03,5.2134731802e-03,5.2124958379e-03,5.2113037074e-03,5.2099659601e-03,5.2085302964e-03,5.2070293092e-03,5.2054867058e-03,5.2036606988e-03,5.2015149360e-03,5.1990057719e-03,5.1960825038e-03,5.1926852279e-03,5.1887426727e-03,5.1841701867e-03,5.1788678782e-03,5.1727187261e-03,5.1655863788e-03,5.1573124221e-03,5.1477129695e-03,5.1365745306e-03,5.1236491110e-03,5.1086484918e-03,5.0912375548e-03,5.0710265093e-03,5.0475618371e-03,5.0203156889e-03,4.9886736030e-03,4.9519201578e-03,4.9092224173e-03,4.8596108500e-03,4.8019576627e-03,4.7349526367e-03,4.6570768518e-03,4.5665756396e-03,4.4614332526e-03,4.3393538699e-03,4.1977579431e-03,4.0338077125e-03,3.8444867216e-03,3.6267697071e-03,3.3779393685e-03,3.0961235856e-03,2.7811383456e-03,2.4356950245e-03,2.0669210525e-03,1.6878752321e-03,1.3182671618e-03,9.8304435034e-04,7.0745632711e-04,5.0870208269e-04,3.8782177613e-04,3.2850011261e-04,3.0602488693e-04,2.9969970981e-04,2.9841532302e-04,2.9823065442e-04,2.9821204863e-04,2.9821074409e-04,2.9821068488e-04,2.9821068836e-04,2.9821069460e-04,2.9821070131e-04,2.9821070814e-04,2.9821071464e-04,2.9821072029e-04,2.9821072466e-04,2.9821072754e-04,2.9821072909e-04,2.9821072974e-04,2.9821072995e-04,2.9821073000e-04,2.9821073001e-04,2.9821073001e-04,2.9821073001e-04,2.9821073001e-04,2.9821073001e-04,2.9821073001e-04,2.9821073001e-04,2.9821073001e-04,2.9821073001e-04,2.9821073001e-04,2.9821073001e-04,2.9821073001e-04,2.9821073001e-04,2.9821073001e-04,2.9821073001e-04,2.9821073001e-04,2.9821073001e-04,2.9821073001e-04,2.9821073001e-04,2.9821073001e-04,2.9821073001e-04,2.9821073001e-04,2.9821073001e-04,2.9821073001e-04,2.9821073001e-04,2.9821073003e-04,2.9821073107e-04,2.9821075856e-04,2.9821126599e-04,2.9821777793e-04,2.9827596072e-04,2.9864003209e-04,3.0025586712e-04,3.0545507797e-04,3.1798175520e-04,3.4152787049e-04,3.7764568704e-04,4.2484727962e-04,4.7939595308e-04,5.3683949148e-04,5.9326203015e-04,6.4588097159e-04,6.9310536459e-04,7.3431237928e-04,7.6955032110e-04,7.9933825189e-04,8.2507218433e-04,8.5222150879e-04,9.0136741249e-04,1.0281349112e-03,1.3325205771e-03,1.9278452341e-03,2.8796367421e-03,4.1669181297e-03,5.6942185500e-03,7.3339086687e-03,8.9663345733e-03,1.0502014276e-02,1.1886714589e-02,1.3096477015e-02,1.4129052510e-02,1.4995573531e-02,1.5714040030e-02,1.6304873519e-02,1.6788212358e-02,1.7182469209e-02,1.7503714164e-02,1.7765551575e-02,1.7979263361e-02,1.8154075038e-02,1.8297459877e-02,1.8415435311e-02,1.8512829693e-02,1.8593511339e-02,1.8660579404e-02,1.8716519761e-02,1.8763330585e-02,1.8802622589e-02,1.8835698537e-02,1.8863616090e-02,1.8887237403e-02,1.8907268323e-02,1.8924289519e-02,1.8938781401e-02,1.8951144186e-02,1.8961713929e-02,1.8970774975e-02,1.8978569172e-02,1.8985302374e-02,1.8991148975e-02,1.8996255320e-02,1.9000742659e-02,1.9004710041e-02,1.9008237291e-02,1.9011388023e-02,1.9014213544e-02,1.9017166437e-02,1.9020284461e-02,1.9023616758e-02,1.9027229543e-02,1.9031213392e-02,1.9035694257e-02,1.9040850435e-02,1.9046939235e-02,1.9054339840e-02,1.9063623861e-02,1.9075674660e-02,1.9091895268e-02,1.9114583161e-02,1.9147632155e-02,1.9197905961e-02,1.9278065870e-02,1.9412747304e-02,1.9653032312e-02,2.0113355169e-02,2.6734733732e-01,2.5210739928e-01,2.5419957099e-01,2.5623472362e-01,2.5809861608e-01,2.5973390241e-01,2.6112480360e-01,2.6228174129e-01,2.6322900530e-01,2.6399622126e-01,2.6461316190e-01,2.6510702298e-01,2.6550130225e-01,2.6581561051e-01,2.6606595865e-01,2.6626524077e-01,2.6642375816e-01,2.6654970736e-01,2.6664960180e-01,2.6672862059e-01,2.6679088982e-01,2.6683983467e-01,2.6689359366e-01,2.6694089842e-01,2.6696400050e-01,2.6694546358e-01,2.6687659811e-01,2.6675308817e-01,2.6655959908e-01,2.6626205127e-01,2.6580394022e-01,2.6509583577e-01,2.6399483915e-01,2.6226821813e-01,2.5952745278e-01,2.5510482354e-01,2.4781863319e-01,2.3553569167e-01,2.1444983889e-01,1.7843561376e-01,1.2133718974e-01,5.1791272135e-02,9.9295478157e-03,1.1809823237e-03,5.7793061905e-04,5.6369565230e-04,5.6357561698e-04,5.6357524269e-04,5.6357524224e-04,5.6357524223e-04,5.6357524224e-04,5.6357524224e-04,5.6357524224e-04,5.6357524224e-04,5.6357524224e-04,5.6357524215e-04,5.6357521508e-04,5.6357205652e-04,5.6344201055e-04,5.6163859513e-04,5.5356188970e-04,5.4118712917e-04,5.3185886993e-04,5.2656206197e-04,5.2384296691e-04,5.2247939952e-04,5.2178655138e-04,5.2142333334e-04,5.2122534626e-04,5.2111303942e-04,5.2104699539e-04,5.2100697965e-04,5.2098216722e-04,5.2096651784e-04,5.2095652776e-04,5.2095009690e-04,5.2094593340e-04,5.2094322687e-04,5.2094146249e-04,5.2094031023e-04,5.2093955677e-04,5.2093906350e-04,5.2093857079e-04,5.2093807806e-04,5.2093758530e-04,5.2093709181e-04,5.2093659894e-04,5.2093610451e-04,5.2093561040e-04,5.2093511407e-04,5.2093461730e-04,5.2093411813e-04,5.2093361707e-04,5.2093311232e-04,5.2093260439e-04,5.2093209142e-04,5.2093157262e-04,5.2093104687e-04,5.2093051129e-04,5.2092996533e-04,5.2092940518e-04,5.2092881794e-04
1.3179247179e-02,8.6969665798e-08,8.6832133545e-08,8.6694883526e-08,8.6557913629e-08,8.6421222071e-08,8.6284809482e-08,8.6148673161e-08,8.6012813614e-08,8.5877228714e-08,8.5741918526e-08,8.5606882548e-08,8.5472119084e-08,8.5337627687e-08,8.5203408745e-08,8.5069459838e-08,8.4935782145e-08,8.4802373730e-08,8.4669234056e-08,8.4536363630e-08,8.4403760773e-08,8.4271424811e-08,8.4139358692e-08,8.3943480978e-08,8.3653314565e-08,8.3224251389e-08,8.2591513811e-08,8.1662152758e-08,8.0305223404e-08,7.8341478638e-08,7.5536668653e-08,7.1607950121e-08,6.6261732382e-08,5.9290933016e-08,5.0756958284e-08,4.1235463289e-08,3.1989946433e-08,2.4832756118e-08,2.1293567182e-08,2.0495551002e-08,2.0435764958e-08,2.0442045726e-08,2.0440355527e-08,2.0422762955e-08,2.0404521212e-08,2.0399122512e-08,2.0398615699e-08,2.0398599277e-08,2.0398599081e-08,2.0398599080e-08,2.0398599080e-08,2.0398599080e-08,2.0398599080e-08,2.0398599081e-08,2.0398599111e-08,2.0398616523e-08,2.0402744248e-08,2.0785241128e-08,3.4214668745e-08,2.0644007318e-07,9.9438990926e-07,2.3670599781e-06,3.5766545711e-06,4.4513372691e-06,8.5398328023e-06,5.3048237062e-05,2.5996103147e-04,7.0507446960e-04,1.3178877482e-03,1.9956158596e-03,2.6510558106e-03,3.2273953490e-03,3.6994292914e-03,4.0658221511e-03,4.3389489639e-03,4.5365283874e-03,4.6763583141e-03,4.7737723969e-03,4.8408840251e-03,4.8867601398e-03,4.9179523900e-03,4.9390839014e-03,4.9533649146e-03,4.9677016899e-03,4.9820935786e-03,4.9965400710e-03,5.0110404802e-03,5.0255939044e-03,5.0401991884e-03,5.0548548756e-03,5.0695591538e-03,5.0843097945e-03,5.0991040844e-03,5.1139387495e-03,5.1288098823e-03,5.1437128714e-03,5.1586423549e-03,5.1735922249e-03,5.1885557379e-03,5.2035258275e-03,5.2184958081e-03,5.2334608119e-03,5.2518615207e-03,5.0523254933e-03,5.0931655586e-03,5.1329594273e-03,5.1686093415e-03,5.1984594500e-03,5.2220490982e-03,5.2397339982e-03,5.2523188252e-03,5.2607726304e-03,5.2660448886e-03,5.2689674470e-03,5.2702175932e-03,5.2703181145e-03,5.2696560359e-03,5.2685080597e-03,5.2670659621e-03,5.2654587276e-03,5.2637704418e-03,5.2620539001e-03,5.2603407434e-03,5.2586513611e-03,5.2567266265e-03,5.2545510841e-03,5.2521004979e-03,5.2493418833e-03,5.2462299183e-03,5.2427041843e-03,5.2386877395e-03,5.2340870234e-03,5.2287924633e-03,5.2226788724e-03,5.2156047319e-03,5.2074099932e-03,5.1979124782e-03,5.1869033144e-03,5.1741417678e-03,5.1593496417e-03,5.1422051495e-03,5.1223361749e-03,5.0993123904e-03,5.0726366929e-03,5.0417351283e-03,5.0059457537e-03,4.9645060954e-03,4.9165393252e-03,4.8610392371e-03,4.7968543597e-03,4.7226716937e-03,4.6370014840e-03,4.5381643774e-03,4.4242846745e-03,4.2932937567e-03,4.1429525870e-03,3.9709039043e-03,3.7747740448e-03,3.5523480980e-03,3.3018580734e-03,3.0224285145e-03,2.7147303382e-03,2.3818730707e-03,2.0304951621e-03,1.6718428510e-03,1.3223243285e-03,1.0026361199e-03,7.3439186496e-04,5.3393604453e-04,4.0535008273e-04,3.3751529063e-04,3.0938231062e-04,3.0058429460e-04,2.9857748103e-04,2.9825115874e-04,2.9821383748e-04,2.9821085709e-04,2.9821069481e-04,2.9821069310e-04,2.9821069820e-04,2.9821070386e-04,2.9821070967e-04,2.9821071530e-04,2.9821072035e-04,2.9821072441e-04,2.9821072725e-04,2.9821072889e-04,2.9821072965e-04,2.9821072992e-04,2.9821072999e-04,2.9821073000e-04,2.9821073001e-04,2.9821073001e-04,2.9821073001e-04,2.9821073001e-04,2.9821073001e-04,2.9821073001e-04,2.9821073001e-04,2.9821073001e-04,2.9821073001e-04,2.9821073001e-04,2.9821073001e-04,2.9821073001e-04,2.9821073001e-04,2.9821073001e-04,2.9821073001e-04,2.9821073001e-04,2.9821073001e-04,2.9821073001e-04,2.9821073001e-04,2.9821073001e-04,2.9821073009e-04,2.9821073275e-04,2.9821079526e-04,2.9821181554e-04,2.9822337585e-04,2.9831457068e-04,2.9881944547e-04,3.0081200040e-04,3.0656303292e-04,3.1914518182e-04,3.4093403805e-04,3.7217999006e-04,4.1085782044e-04,4.5364960726e-04,4.9714796597e-04,5.3864534706e-04,5.7640371224e-04,6.0957535192e-04,6.3797654941e-04,6.6185669241e-04,6.8182678765e-04,6.9963829915e-04,7.2233724768e-04,7.7380885843e-04,9.0997894781e-04,1.2161533915e-03,1.7702066256e-03,2.5963477333e-03,3.6502620754e-03,4.8417969444e-03,6.0706488687e-03,7.2529408527e-03,8.3323650122e-03,9.2797201637e-03,1.0086865421e-02,1.0759493249e-02,1.1310942622e-02,1.1757740971e-02,1.2116778544e-02,1.2403735955e-02,1.2632360917e-02,1.2814265916e-02,1.2959014086e-02,1.3074342828e-02,1.3166435298e-02,1.3240190451e-02,1.3299467624e-02,1.3347296440e-02,1.3386050907e-02,1.3417590529e-02,1.3443372872e-02,1.3464542357e-02,1.3481999747e-02,1.3496456241e-02,1.3508475419e-02,1.3518505715e-02,1.3526905528e-02,1.3533962664e-02,1.3539909419e-02,1.3544934387e-02,1.3549191769e-02,1.3552808778e-02,1.3555891464e-02,1.3558529131e-02,1.3560797491e-02,1.3562760782e-02,1.3564473156e-02,1.3565979671e-02,1.3567317159e-02,1.3568515107e-02,1.3569596599e-02,1.3570579300e-02,1.3571477036e-02,1.3572434054e-02,1.3573468736e-02,1.3574605228e-02,1.3575876525e-02,1.3577328390e-02,1.3579025312e-02,1.3581059699e-02,1.3583566339e-02,1.3586745606e-02,1.3590901488e-02,1.3596505481e-02,1.3604306888e-02,1.3615529186e-02,1.3632232091e-02,1.3658006388e-02,1.3699370349e-02,1.3768730843e-02,1.3891072068e-02,1.4120249479e-02,2.0911541390e-01,1.9815685765e-01,1.9976642021e-01,2.0127442279e-01,2.0262134241e-01,2.0378383455e-01,2.0476272992e-01,2.0557272795e-01,2.0623488439e-01,2.0677179739e-01,2.0720489747e-01,2.0755317060e-01,2.0783275549e-01,2.0805701727e-01,2.0823684373e-01,2.0838101630e-01,2.0849657791e-01,2.0858916257e-01,2.0866327507e-01,2.0872252043e-01,2.0876978912e-01,2.0880747448e-01,2.0884994527e-01,2.0888964939e-01,2.0891462107e-01,2.0891359939e-01,2.0888253636e-01,2.0882185685e-01,2.0872588876e-01,2.0857836540e-01,2.0835159814e-01,2.0800192680e-01,2.0746015856e-01,2.0661483434e-01,2.0528238060e-01,2.0315184978e-01,1.9967924381e-01,1.9388217758e-01,1.8395015317e-01,1.6659679677e-01,1.3652647535e-01,8.8935806196e-02,3.4149093922e-02,5.7789746325e-03,8.5153192227e-04,5.6918952560e-04,5.6361491207e-04,5.6357534683e-04,5.6357524229e-04,5.6357524226e-04,5.6357524222e-04,5.6357524224e-04,5.6357524224e-04,5.6357524224e-04,5.6357524222e-04,5.6357523427e-04,5.6357412741e-04,5.6351942865e-04,5.6260336742e-04,5.5764499093e-04,5.4876031876e-04,5.4160482194e-04,5.3749853555e-04,5.3541919294e-04,5.3440454974e-04,5.3390747315e-04,5.3365768335e-04,5.3352743362e-04,5.3345662105e-04,5.3341650426e-04,5.3339292738e-04,5.3337864648e-04,5.3336979261e-04,5.3336420877e-04,5.3336064436e-04,5.3335834988e-04,5.3335686437e-04,5.3335589874e-04,5.3335526921e-04,5.3335485827e-04,5.3335458929e-04,5.3335441327e-04,5.3335423769e-04,5.3335406164e-04,5.3335388577e-04,5.3335370997e-04,5.3335353405e-04,5.3335335772e-04,5.3335318144e-04,5.3335300441e-04,5.3335282685e-04,5.3335264912e-04,5.3335247046e-04,5.3335229029e-04,5.3335210899e-04,5.3335192625e-04,5.3335174142e-04,5.3335155366e-04,5.3335136277e-04,5.3335116811e-04,5.3335096890e-04,5.3335075783e-04
2.6456603383e-02,8.6043146131e-08,8.5905619657e-08,8.5768378445e-08,8.5631419345e-08,8.5494743539e-08,8.5358348228e-08,8.5222234750e-08,8.5086400945e-08,8.4950846555e-08,8.4815571432e-08,8.4680574352e-08,8.4545855239e-08,8.4411412799e-08,8.4277246610e-08,8.4143356534e-08,8.4009742006e-08,8.3876401796e-08,8.3743335425e-08,8.3610542628e-08,8.3478022557e-08,8.3345775467e-08,8.3213802078e-08,8.3018072333e-08,8.2728146149e-08,8.2299486385e-08,8.1667449853e-08,8.0739355331e-08,7.9384804370e-08,7.7425686955e-08,7.4630152280e-08,7.0720445739e-08,6.5413705321e-08,5.8524871325e-08,5.0157373245e-08,4.0952219270e-08,3.2211927795e-08,2.5536438722e-08,2.1842892272e-08,2.0604141630e-08,2.0408782154e-08,2.0402314988e-08,2.0409045790e-08,2.0412270220e-08,2.0407327242e-08,2.0400682145e-08,2.0398768551e-08,2.0398602865e-08,2.0398597988e-08,2.0398597935e-08,2.0398597935e-08,2.0398597935e-08,2.0398597935e-08,2.0398597944e-08,2.0398603996e-08,2.0400188264e-08,2.0561914420e-08,2.6783533409e-08,1.1306152526e-07,5.2518514446e-07,1.2092182214e-06,1.6922247583e-06,1.8988542389e-06,2.6951558405e-06,1.4772765421e-05,9.2331906452e-05,3.3050937691e-04,7.7739179661e-04,1.3952849657e-03,2.0935064977e-03,2.7799311058e-03,3.3907465756e-03,3.8957266703e-03,4.2907279688e-03,4.5870498328e-03,4.8024911172e-03,4.9555531308e-03,5.0624924224e-03,5.1363196718e-03,5.1868609693e-03,5.2212606390e-03,5.2445816622e-03,5.2603500658e-03,5.2761863500e-03,5.2920899191e-03,5.3080603474e-03,5.3240970156e-03,5.3401990727e-03,5.3563653906e-03,5.3725945128e-03,5.3888845967e-03,5.4052333484e-03,5.4216379493e-03,5.4380949811e-03,5.4546003564e-03,5.4711492595e-03,5.4877361242e-03,5.5043546977e-03,5.5209982483e-03,5.5376600699e-03,5.5543345290e-03,5.5710191292e-03,5.5912808575e-03,5.3706777990e-03,5.4136373246e-03,5.4576960371e-03,5.4984526061e-03,5.5331866553e-03,5.5607641448e-03,5.5812502299e-03,5.5954481358e-03,5.6044981548e-03,5.6095941105e-03,5.6118170708e-03,5.6120609504e-03,5.6110175561e-03,5.6091947503e-03,5.6069482803e-03,5.6045163045e-03,5.6020502499e-03,5.5996406160e-03,5.5973362164e-03,5.5951589345e-03,5.5931176478e-03,5.5909052924e-03,5.5885342987e-03,5.5860054223e-03,5.5833070207e-03,5.5804092347e-03,5.5772606472e-03,5.5737878013e-03,5.5698977883e-03,5.5654824154e-03,5.5604221308e-03,5.5545876647e-03,5.5478389334e-03,5.5400214348e-03,5.5309611447e-03,5.5204591893e-03,5.5082864071e-03,5.4941779618e-03,5.4778276431e-03,5.4588812868e-03,5.4369297578e-03,5.4115005047e-03,5.3820483537e-03,5.3479449583e-03,5.3084671346e-03,5.2627839698e-03,5.2099428130e-03,5.1488545472e-03,5.0782784200e-03,4.9968077726e-03,4.9028575266e-03,4.7946564468e-03,4.6702479343e-03,4.5275044927e-03,4.3641649270e-03,4.1779067907e-03,3.9664711463e-03,3.7278651046e-03,3.4606704122e-03,3.1644961706e-03,2.8406024843e-03,2.4927037817e-03,2.1278886483e-03,1.7574579616e-03,1.3972581062e-03,1.0668138085e-03,7.8645548300e-04,5.7215015504e-04,4.2938335363e-04,3.4974370420e-04,3.1415177299e-04,3.0194861123e-04,2.9885496920e-04,2.9829056284e-04,2.9821771442e-04,2.9821112425e-04,2.9821071090e-04,2.9821069660e-04,2.9821070061e-04,2.9821070553e-04,2.9821071064e-04,2.9821071567e-04,2.9821072027e-04,2.9821072411e-04,2.9821072692e-04,2.9821072866e-04,2.9821072954e-04,2.9821072988e-04,2.9821072998e-04,2.9821073000e-04,2.9821073001e-04,2.9821073001e-04,2.9821073001e-04,2.9821073001e-04,2.9821073001e-04,2.9821073001e-04,2.9821073001e-04,2.9821073001e-04,2.9821073001e-04,2.9821073001e-04,2.9821073001e-04,2.9821073001e-04,2.9821073001e-04,2.9821073001e-04,2.9821073001e-04,2.9821073001e-04,2.9821073022e-04,2.9821073652e-04,2.9821086778e-04,2.9821276391e-04,2.9823175435e-04,2.9836420568e-04,2.9901427463e-04,3.0130244296e-04,3.0725074677e-04,3.1912676748e-04,3.3817308150e-04,3.6382935431e-04,3.9402729807e-04,4.2610429762e-04,4.5763992119e-04,4.8689303631e-04,5.1287392084e-04,5.3521301199e-04,5.5396799332e-04,5.6946655939e-04,5.8237810357e-04,5.9490696801e-04,6.1569292471e-04,6.7053748461e-04,8.1112848096e-04,1.1030379683e-03,1.5909750415e-03,2.2703238518e-03,3.0889757345e-03,3.9718211567e-03,4.8467729732e-03,5.6600380185e-03,6.3799899299e-03,6.9940841951e-03,7.5032326408e-03,7.9163226546e-03,8.2459891847e-03,8.5058067109e-03,8.7086580389e-03,8.8659356952e-03,8.9872693431e-03,9.0805518450e-03,9.1521131517e-03,9.2069503888e-03,9.2489631545e-03,9.2811687489e-03,9.3058872128e-03,9.3248943522e-03,9.3395450332e-03,9.3508707286e-03,9.3596556888e-03,9.3664958505e-03,9.3718440740e-03,9.3760446982e-03,9.3793598320e-03,9.3819893028e-03,9.3840857605e-03,9.3857660991e-03,9.3871200876e-03,9.3882168936e-03,9.3891100233e-03,9.3898410785e-03,9.3904426326e-03,9.3909404398e-03,9.3913551145e-03,9.3917033723e-03,9.3919989062e-03,9.3922529818e-03,9.3924748391e-03,9.3926719789e-03,9.3928503841e-03,9.3930147010e-03,9.3931683995e-03,9.3933139212e-03,9.3934531198e-03,9.3936088785e-03,9.3937872950e-03,9.3939965994e-03,9.3942484661e-03,9.3945596736e-03,9.3949546580e-03,9.3954694969e-03,9.3961582201e-03,9.3971029775e-03,9.3984307380e-03,9.4003413180e-03,9.4031555990e-03,9.4074008409e-03,9.4139665534e-03,9.4243999551e-03,9.4414903033e-03,9.4704829225e-03,9.5217517021e-03,9.6171008086e-03,1.6294226523e-01,1.5589342600e-01,1.5691926514e-01,1.5787097345e-01,1.5871843017e-01,1.5945117806e-01,1.6007150383e-01,1.6058882731e-01,1.6101574189e-01,1.6136552268e-01,1.6165073478e-01,1.6188257555e-01,1.6207066268e-01,1.6222306595e-01,1.6234645625e-01,1.6244629644e-01,1.6252703498e-01,1.6259228353e-01,1.6264496986e-01,1.6268746748e-01,1.6272170140e-01,1.6274926688e-01,1.6278086110e-01,1.6281142889e-01,1.6283285750e-01,1.6283765598e-01,1.6282382269e-01,1.6279318737e-01,1.6274410832e-01,1.6266867349e-01,1.6255290020e-01,1.6237480848e-01,1.6209986480e-01,1.6167311296e-01,1.6100548385e-01,1.5994906488e-01,1.5825064445e-01,1.5546153090e-01,1.5075981220e-01,1.4260931033e-01,1.2819474475e-01,1.0302630326e-01,6.3662989192e-02,2.1738058067e-02,3.3393851088e-03,6.9182530450e-04,5.6567373015e-04,5.6358775301e-04,5.6357527016e-04,5.6357524228e-04,5.6357524224e-04,5.6357524224e-04,5.6357524224e-04,5.6357524223e-04,5.6357524002e-04,5.6357487175e-04,5.6355299860e-04,5.6310984876e-04,5.6019703056e-04,5.5399628385e-04,5.4854220917e-04,5.4534114195e-04,5.4372742277e-04,5.4295479525e-04,5.4258716726e-04,5.4240916041e-04,5.4232020581e-04,5.4227394671e-04,5.4224883032e-04,5.4223461051e-04,5.4222625605e-04,5.4222119637e-04,5.4221805969e-04,5.4221608155e-04,5.4221481885e-04,5.4221400604e-04,5.4221347977e-04,5.4221313774e-04,5.4221291465e-04,5.4221276908e-04,5.4221267402e-04,5.4221261139e-04,5.4221254926e-04,5.4221248713e-04,5.4221242445e-04,5.4221236241e-04,5.4221229993e-04,5.4221223773e-04,5.4221217497e-04,5.4221211258e-04,5.4221204977e-04,5.4221198652e-04,5.4221192326e-04,5.4221185983e-04,5.4221179533e-04,5.4221173075e-04,5.4221166518e-04,5.4221159855e-04,5.4221153146e-04,5.4221146224e-04,5.4221139191e-04,5.4221131654e-04
5.1197524886e-02,8.5991395983e-08,8.5853869285e-08,8.5716627142e-08,8.5579667569e-08,8.5442990207e-08,8.5306594075e-08,8.5170479288e-08,8.5034644404e-08,8.4899089313e-08,8.4763813026e-08,8.4628815241e-08,8.4494095643e-08,8.4359653024e-08,8.4225486948e-08,8.4091597012e-08,8.3957982748e-08,8.3824643079e-08,8.3691578218e-08,8.3558786719e-08,8.3426268741e-08,8.3294023265e-08,8.3162051979e-08,8.2966326370e-08,8.2676407750e-08,8.2247761566e-08,8.1615752105e-08,8.0687712516e-08,7.9333275446e-08,7.7374398970e-08,7.4579379855e-08,7.0670784997e-08,6.5366447887e-08,5.8482789099e-08,5.0126265411e-08,4.0943495019e-08,3.2244779878e-08,2.5629999876e-08,2.1973377189e-08,2.0676436536e-08,2.0420088628e-08,2.0396563107e-08,2.0397592250e-08,2.0400167639e-08,2.0401922391e-08,2.0400877531e-08,2.0399102618e-08,2.0398634485e-08,2.0398598927e-08,2.0398598019e-08,2.0398598010e-08,2.0398598011e-08,2.0398598011e-08,2.0398599170e-08,2.0398948924e-08,2.0439994224e-08,2.2245966004e-08,5.0508123492e-08,1.9703818262e-07,4.3082283817e-07,5.4003507995e-07,5.2458563873e-07,5.3512119176e-07,2.1702930163e-06,1.9826765082e-05,1.0935746104e-04,3.6293334835e-04,8.3215209304e-04,1.4795398504e-03,2.2117618549e-03,2.9337346693e-03,3.5790003767e-03,4.1152184997e-03,4.5368829526e-03,4.8547700315e-03,5.0868713339e-03,5.2523342453e-03,5.3682429267e-03,5.4484210819e-03,5.5033908123e-03,5.5408448586e-03,5.5662563248e-03,5.5834476919e-03,5.6007210747e-03,5.6180762859e-03,5.6355133736e-03,5.6530322469e-03,5.6706326447e-03,5.6883141038e-03,5.7060759175e-03,5.7239170966e-03,5.7418363174e-03,5.7598318703e-03,5.7779016098e-03,5.7960429047e-03,5.8142526117e-03,5.8325270797e-03,5.8508622366e-03,5.8692538028e-03,5.8876977792e-03,5.9061914013e-03,5.9247349713e-03,5.9453787671e-03,5.8210642722e-03,5.8507549127e-03,5.8816795705e-03,5.9102886330e-03,5.9342667749e-03,5.9525815893e-03,5.9652324408e-03,5.9728822240e-03,5.9765100145e-03,5.9771526363e-03,5.9757476984e-03,5.9730617336e-03,5.9696744613e-03,5.9659963661e-03,5.9622990182e-03,5.9587487701e-03,5.9554362864e-03,5.9524012446e-03,5.9496502432e-03,5.9471701947e-03,5.9449412864e-03,5.9426276998e-03,5.9402590546e-03,5.9378515198e-03,5.9354053074e-03,5.9328987468e-03,5.9302853813e-03,5.9274953105e-03,5.9244399814e-03,5.9210189821e-03,5.9171257836e-03,5.9126505839e-03,5.9074795069e-03,5.9014905133e-03,5.8945484884e-03,5.8864998700e-03,5.8771678923e-03,5.8663480153e-03,5.8538036070e-03,5.8392603286e-03,5.8224005436e-03,5.8028565661e-03,5.7802028530e-03,5.7539472082e-03,5.7235206953e-03,5.6882661963e-03,5.6474256108e-03,5.6001255378e-03,5.5453616213e-03,5.4819816473e-03,5.4086681154e-03,5.3239210433e-03,5.2260424622e-03,5.1131254760e-03,4.9830518853e-03,4.8335047543e-03,4.6620052922e-03,4.4659889153e-03,4.2429390578e-03,3.9906074330e-03,3.7073536625e-03,3.3926416146e-03,3.0477240709e-03,2.6765132280e-03,2.2865595129e-03,1.8899131861e-03,1.5034136965e-03,1.1477059247e-03,8.4422585179e-04,6.0995348995e-04,4.5128507226e-04,3.6046525094e-04,3.1835265478e-04,3.0319915690e-04,2.9912632729e-04,2.9833232192e-04,2.9822220627e-04,2.9821146284e-04,2.9821073155e-04,2.9821070000e-04,2.9821070282e-04,2.9821070714e-04,2.9821071169e-04,2.9821071623e-04,2.9821072046e-04,2.9821072407e-04,2.9821072679e-04,2.9821072854e-04,2.9821072947e-04,2.9821072985e-04,2.9821072997e-04,2.9821073000e-04,2.9821073001e-04,2.9821073001e-04,2.9821073001e-04,2.9821073001e-04,2.9821073001e-04,2.9821073001e-04,2.9821073001e-04,2.9821073001e-04,2.9821073001e-04,2.9821073001e-04,2.9821073001e-04,2.9821073002e-04,2.9821073035e-04,2.9821073976e-04,2.9821092238e-04,2.9821337081e-04,2.9823609058e-04,2.9838284102e-04,2.9905078528e-04,3.0123936118e-04,3.0656910358e-04,3.1662076408e-04,3.3198674763e-04,3.5188349564e-04,3.7455281091e-04,3.9798706311e-04,4.2049497260e-04,4.4094691500e-04,4.5877004706e-04,4.7382174476e-04,4.8623966723e-04,4.9634128387e-04,5.0478134058e-04,5.1388807131e-04,5.3237491780e-04,5.8393835845e-04,7.1103856368e-04,9.6042995088e-04,1.3556748235e-03,1.8812626367e-03,2.4904793104e-03,3.1260080861e-03,3.7377935291e-03,4.2916613377e-03,4.7700065631e-03,5.1683305796e-03,5.4907051499e-03,5.7458055099e-03,5.9440589225e-03,6.0958723034e-03,6.2106862923e-03,6.2965800594e-03,6.3602037780e-03,6.4068832489e-03,6.4407987951e-03,6.4651821951e-03,6.4825025905e-03,6.4946286725e-03,6.5029636160e-03,6.5085538898e-03,6.5121751219e-03,6.5143988048e-03,6.5156435176e-03,6.5162139071e-03,6.5163301473e-03,6.5161500736e-03,6.5157857352e-03,6.5153157194e-03,6.5147942934e-03,6.5142581586e-03,6.5137314240e-03,6.5132292514e-03,6.5127605174e-03,6.5123297448e-03,6.5119384939e-03,6.5115863512e-03,6.5112716171e-03,6.5109917725e-03,6.5107437964e-03,6.5105243952e-03,6.5103301966e-03,6.5101579308e-03,6.5100045982e-03,6.5098676007e-03,6.5097448130e-03,6.5096345819e-03,6.5095356629e-03,6.5094471182e-03,6.5093683116e-03,6.5092871367e-03,6.5092039752e-03,6.5091195758e-03,6.5090354310e-03,6.5089542534e-03,6.5088807402e-03,6.5088228047e-03,6.5087935771e-03,6.5088146951e-03,6.5089217919e-03,6.5091738147e-03,6.5096691864e-03,6.5105745403e-03,6.5121773198e-03,6.5149853651e-03,6.5199230175e-03,6.5287353826e-03,6.5448678153e-03,6.5755056093e-03,1.2928319747e-01,1.2515315829e-01,1.2569427574e-01,1.2620842584e-01,1.2667743917e-01,1.2709289069e-01,1.2745308842e-01,1.2776050446e-01,1.2801985544e-01,1.2823680179e-01,1.2841714090e-01,1.2856635301e-01,1.2868937939e-01,1.2879054314e-01,1.2887355281e-01,1.2894154586e-01,1.2899715285e-01,1.2904256551e-01,1.2907960137e-01,1.2910976363e-01,1.2913429352e-01,1.2915422514e-01,1.2917739236e-01,1.2920036463e-01,1.2921748554e-01,1.2922346112e-01,1.2921705002e-01,1.2920017450e-01,1.2917270314e-01,1.2913046944e-01,1.2906574009e-01,1.2896637941e-01,1.2881347143e-01,1.2857725916e-01,1.2821027995e-01,1.2763536451e-01,1.2672381191e-01,1.2525409289e-01,1.2283111869e-01,1.1872633479e-01,1.1157175629e-01,9.8871506902e-02,7.6811592995e-02,4.3553935644e-02,1.2642342093e-02,1.8344526508e-03,6.1049063614e-04,5.6419211459e-04,5.6357822012e-04,5.6357524770e-04,5.6357524222e-04,5.6357524224e-04,5.6357524224e-04,5.6357524178e-04,5.6357514546e-04,5.6356794169e-04,5.6338255563e-04,5.6182236941e-04,5.5763016741e-04,5.5337481635e-04,5.5075702130e-04,5.4942504369e-04,5.4879293756e-04,5.4849823957e-04,5.4835970046e-04,5.4829299562e-04,5.4825975085e-04,5.4824248507e-04,5.4823311657e-04,5.4822781419e-04,5.4822469939e-04,5.4822281312e-04,5.4822164378e-04,5.4822090638e-04,5.4822043566e-04,5.4822013265e-04,5.4821993646e-04,5.4821980898e-04,5.4821972585e-04,5.4821967145e-04,5.4821963601e-04,5.4821961301e-04,5.4821958959e-04,5.4821956634e-04,5.4821954301e-04,5.4821952023e-04,5.4821949665e-04,5.4821947342e-04,5.4821944998e-04,5.4821942691e-04,5.4821940348e-04,5.4821937994e-04,5.4821935599e-04,5.4821933261e-04,5.4821930869e-04,5.4821928474e-04,5.4821926019e-04,5.4821923523e-04,5.4821921058e-04,5.4821918462e-04,5.4821915825e-04,5.4821913005e-04
9.9074946108e-02,8.5999068668e-08,8.5861542299e-08,8.5724300339e-08,8.5587340334e-08,8.5450662148e-08,8.5314265565e-08,8.5178149978e-08,8.5042314139e-08,8.4906758172e-08,8.4771480751e-08,8.4636482174e-08,8.4501761190e-08,8.4367317672e-08,8.4233150785e-08,8.4099259684e-08,8.3965644480e-08,8.3832303798e-08,8.3699237416e-08,8.3566445325e-08,8.3433925776e-08,8.3301679142e-08,8.3169707421e-08,8.2973979861e-08,8.2684058986e-08,8.2255409397e-08,8.1623395033e-08,8.0695348378e-08,7.9340901827e-08,7.7382012814e-08,7.4586978916e-08,7.0678370451e-08,6.5374031217e-08,5.8490408075e-08,5.0134018148e-08,4.0951604893e-08,3.2253687355e-08,2.5640353002e-08,2.1985328995e-08,2.0687342711e-08,2.0426118049e-08,2.0399243602e-08,2.0398093811e-08,2.0398383188e-08,2.0398833594e-08,2.0399178380e-08,2.0398982005e-08,2.0398674147e-08,2.0398603367e-08,2.0398598733e-08,2.0398598632e-08,2.0398598631e-08,2.0398598759e-08,2.0398643591e-08,2.0404713863e-08,2.0711357190e-08,2.6154313896e-08,5.7034599433e-08,1.0431921523e-07,1.1232684817e-07,9.1647172848e-08,7.1178488389e-08,1.6007629772e-07,2.2271381715e-06,2.1833596745e-05,1.1673204752e-04,3.8033558281e-04,8.6349128679e-04,1.5272051070e-03,2.2768971986e-03,3.0164873965e-03,3.6785987968e-03,4.2300745997e-03,4.6648263206e-03,4.9933754624e-03,5.2337755338e-03,5.4054572733e-03,5.5258900247e-03,5.6092879351e-03,5.6665132033e-03,5.7055293309e-03,5.7320135731e-03,5.7499371749e-03,5.7679518581e-03,5.7860579312e-03,5.8042560055e-03,5.8225466361e-03,5.8409303083e-03,5.8594074217e-03,5.8779782718e-03,5.8966430300e-03,5.9154017213e-03,5.9342542028e-03,5.9532001421e-03,5.9722390022e-03,5.9913700396e-03,6.0105923234e-03,6.0299047986e-03,6.0493064245e-03,6.0687964415e-03,6.0883748642e-03,6.1080433671e-03,6.1277076769e-03,6.1388736352e-03,6.1475953811e-03,6.1549642173e-03,6.1602295948e-03,6.1631043127e-03,6.1637047869e-03,6.1624145851e-03,6.1597377834e-03,6.1561810948e-03,6.1521828374e-03,6.1480793519e-03,6.1441040451e-03,6.1404003047e-03,6.1370413245e-03,6.1340513536e-03,6.1314214854e-03,6.1291241244e-03,6.1271228377e-03,6.1253769165e-03,6.1238477724e-03,6.1224997574e-03,6.1211220031e-03,6.1197215695e-03,6.1182962032e-03,6.1168311666e-03,6.1152981003e-03,6.1136551110e-03,6.1118490806e-03,6.1098195466e-03,6.1075024438e-03,6.1048318776e-03,6.1017400915e-03,6.0981548758e-03,6.0939960956e-03,6.0891721100e-03,6.0835770101e-03,6.0770876143e-03,6.0695610493e-03,6.0608312561e-03,6.0507056792e-03,6.0389609462e-03,6.0253376906e-03,6.0095350355e-03,5.9912037662e-03,5.9699387184e-03,5.9452697091e-03,5.9166513175e-03,5.8834509760e-03,5.8449353673e-03,5.8002550026e-03,5.7484267822e-03,5.6883146786e-03,5.6186087034e-03,5.5378028929e-03,5.4441733157e-03,5.3357584183e-03,5.2103454583e-03,5.0654690255e-03,4.8984311255e-03,4.7063574698e-03,4.4863123194e-03,4.2355011394e-03,3.9516031360e-03,3.6332809278e-03,3.2809133400e-03,2.8975693724e-03,2.4901609287e-03,2.0705499371e-03,1.6561213245e-03,1.2690299743e-03,9.3321766600e-04,6.6884101640e-04,4.8539408527e-04,3.7711169184e-04,3.2489941861e-04,3.0518133223e-04,2.9957032146e-04,2.9840377803e-04,2.9823032435e-04,2.9821211187e-04,2.9821077154e-04,2.9821070492e-04,2.9821070558e-04,2.9821070906e-04,2.9821071290e-04,2.9821071684e-04,2.9821072063e-04,2.9821072398e-04,2.9821072661e-04,2.9821072839e-04,2.9821072938e-04,2.9821072982e-04,2.9821072996e-04,2.9821073000e-04,2.9821073001e-04,2.9821073001e-04,2.9821073001e-04,2.9821073001e-04,2.9821073001e-04,2.9821073001e-04,2.9821073001e-04,2.9821073002e-04,2.9821073052e-04,2.9821074359e-04,2.9821098076e-04,2.9821394324e-04,2.9823949862e-04,2.9839284617e-04,2.9904217120e-04,3.0102928303e-04,3.0557854215e-04,3.1371178912e-04,3.2560154802e-04,3.4044016903e-04,3.5683813530e-04,3.7335669756e-04,3.8886718529e-04,4.0267347745e-04,4.1447254611e-04,4.2424737414e-04,4.3215768663e-04,4.3848719651e-04,4.4387088098e-04,4.5069688094e-04,4.6736136252e-04,5.1454337454e-04,6.2519010649e-04,8.3018872924e-04,1.1386993147e-03,1.5313233312e-03,1.9699304351e-03,2.4133178085e-03,2.8285497537e-03,3.1952064595e-03,3.5045117281e-03,3.7562111351e-03,3.9551966052e-03,4.1088017128e-03,4.2249822510e-03,4.3112620370e-03,4.3742263456e-03,4.4193596758e-03,4.4510755974e-03,4.4728382301e-03,4.4873153821e-03,4.4965309372e-03,4.5020012225e-03,4.5048499225e-03,4.5059012918e-03,4.5057538259e-03,4.5048374177e-03,4.5034570932e-03,4.5018261233e-03,4.5000908779e-03,4.4983493474e-03,4.4966648568e-03,4.4950761584e-03,4.4936048159e-03,4.4922605719e-03,4.4910452220e-03,4.4899553890e-03,4.4889844898e-03,4.4881241129e-03,4.4873649678e-03,4.4866975260e-03,4.4861124376e-03,4.4856007854e-03,4.4851542165e-03,4.4847649819e-03,4.4844259144e-03,4.4841303821e-03,4.4838722575e-03,4.4836459278e-03,4.4834463484e-03,4.4832691165e-03,4.4831105289e-03,4.4829675965e-03,4.4828380049e-03,4.4827200250e-03,4.4826123960e-03,4.4825142161e-03,4.4824100896e-03,4.4822989029e-03,4.4821793511e-03,4.4820499369e-03,4.4819089732e-03,4.4817546128e-03,4.4815849284e-03,4.4813980829e-03,4.4811926634e-03,4.4809683130e-03,4.4807269067e-03,4.4804747414e-03,4.4802266521e-03,4.4800138888e-03,4.4798995665e-03,4.4800099527e-03,4.4806003662e-03,4.4822007896e-03,4.4859568770e-03,1.0395757512e-01,1.0203381743e-01,1.0221537654e-01,1.0240568738e-01,1.0259373234e-01,1.0277198900e-01,1.0293590719e-01,1.0308323009e-01,1.0321333627e-01,1.0332668233e-01,1.0342437524e-01,1.0350786230e-01,1.0357872212e-01,1.0363852922e-01,1.0368877446e-01,1.0373082248e-01,1.0376589228e-01,1.0379505623e-01,1.0381924532e-01,1.0383926027e-01,1.0385578371e-01,1.0386939799e-01,1.0388552607e-01,1.0390199261e-01,1.0391494911e-01,1.0392052091e-01,1.0391760243e-01,1.0390771118e-01,1.0389126677e-01,1.0386596410e-01,1.0382722677e-01,1.0376786863e-01,1.0367676340e-01,1.0353658388e-01,1.0332008956e-01,1.0298386936e-01,1.0245742303e-01,1.0162334311e-01,1.0027988813e-01,9.8067985466e-02,9.4327337558e-02,8.7825364611e-02,7.6353512901e-02,5.6779338798e-02,2.8927825678e-02,7.1159291715e-03,1.1142407436e-03,5.7982124269e-04,5.6374725741e-04,5.6357591686e-04,5.6357524325e-04,5.6357524224e-04,5.6357524215e-04,5.6357521854e-04,5.6357299225e-04,5.6350019368e-04,5.6271461628e-04,5.6002118927e-04,5.5676930413e-04,5.5463631521e-04,5.5353024624e-04,5.5300600862e-04,5.5276474344e-04,5.5265378631e-04,5.5260194818e-04,5.5257706115e-04,5.5256467499e-04,5.5255824653e-04,5.5255475957e-04,5.5255278633e-04,5.5255162728e-04,5.5255092540e-04,5.5255049030e-04,5.5255021590e-04,5.5255004076e-04,5.5254992803e-04,5.5254985501e-04,5.5254980762e-04,5.5254977662e-04,5.5254975655e-04,5.5254974317e-04,5.5254973450e-04,5.5254972616e-04,5.5254971728e-04,5.5254970874e-04,5.5254969995e-04,5.5254969146e-04,5.5254968274e-04,5.5254967393e-04,5.5254966548e-04,5.5254965668e-04,5.5254964790e-04,5.5254963931e-04,5.5254963033e-04,5.5254962141e-04,5.5254961264e-04,5.5254960333e-04,5.5254959427e-04,5.5254958486e-04,5.5254957549e-04,5.5254956584e-04,5.5254955497e-04
1.9888742646e-01,8.5999989635e-08,8.5862461619e-08,8.5725219678e-08,8.5588259231e-08,8.5451581065e-08,8.5315184516e-08,8.5179068678e-08,8.5043232531e-08,8.4907676701e-08,8.4772399122e-08,8.4637400068e-08,8.4502679374e-08,8.4368235367e-08,8.4234068164e-08,8.4100177373e-08,8.3966561464e-08,8.3833220733e-08,8.3700154589e-08,8.3567361625e-08,8.3434842561e-08,8.3302595398e-08,8.3170623460e-08,8.2974895781e-08,8.2684974367e-08,8.2256324253e-08,8.1624308902e-08,8.0696261008e-08,7.9341812449e-08,7.7382920608e-08,7.4587882625e-08,7.0679268342e-08,6.5374921091e-08,5.8491287204e-08,5.0134883650e-08,4.0952454360e-08,3.2254519920e-08,2.5641169840e-08,2.1986130697e-08,2.0688118055e-08,2.0426825637e-08,2.0399838320e-08,2.0398521132e-08,2.0398527281e-08,2.0398571769e-08,2.0398619086e-08,2.0398647929e-08,2.0398628082e-08,2.0398604134e-08,2.0398599391e-08,2.0398599120e-08,2.0398599124e-08,2.0398601739e-08,2.0398999134e-08,2.0421388194e-08,2.0859667911e-08,2.3512832242e-08,2.7237277150e-08,2.6060667818e-08,2.2000927174e-08,1.8305319548e-08,1.8456430512e-08,1.2752610854e-07,2.2645114959e-06,2.2145368287e-05,1.1741653653e-04,3.8045168124e-04,8.6074205606e-04,1.5187988685e-03,2.2605349261e-03,2.9908547054e-03,3.6434207226e-03,4.1859284705e-03,4.6128509313e-03,4.9349680087e-03,5.1703418635e-03,5.3382505250e-03,5.4559377271e-03,5.5373839180e-03,5.5932451749e-03,5.6313194669e-03,5.6571588237e-03,5.6746434040e-03,5.6922147177e-03,5.7098730127e-03,5.7276188304e-03,5.7454526522e-03,5.7633748834e-03,5.7813858343e-03,5.7994856966e-03,5.8176745162e-03,5.8359521582e-03,5.8543182678e-03,5.8727722211e-03,5.8913130685e-03,5.9099394653e-03,5.9286495916e-03,5.9474410549e-03,5.9663107744e-03,5.9852548383e-03,6.0042683271e-03,6.0233450792e-03,6.0426708804e-03,6.0300666845e-03,6.0269092796e-03,6.0239907038e-03,6.0215538949e-03,6.0197603052e-03,6.0186746357e-03,6.0182738963e-03,6.0184711811e-03,6.0191438517e-03,6.0201582276e-03,6.0213879674e-03,6.0227243980e-03,6.0240809947e-03,6.0253935493e-03,6.0266178879e-03,6.0277264112e-03,6.0287044897e-03,6.0295470329e-03,6.0302557505e-03,6.0308367590e-03,6.0312984457e-03,6.0316983011e-03,6.0320000273e-03,6.0321646131e-03,6.0321526523e-03,6.0319278554e-03,6.0314604320e-03,6.0307290582e-03,6.0297205324e-03,6.0284267435e-03,6.0268394685e-03,6.0249445999e-03,6.0227175165e-03,6.0201206615e-03,6.0171031213e-03,6.0136011592e-03,6.0095384317e-03,6.0048253579e-03,5.9993576693e-03,5.9930141989e-03,5.9856541184e-03,5.9771138580e-03,5.9672032906e-03,5.9557013743e-03,5.9423510567e-03,5.9268532927e-03,5.9088600701e-03,5.8879662270e-03,5.8636999193e-03,5.8355114417e-03,5.8027602262e-03,5.7646997035e-03,5.7204597893e-03,5.6690267791e-03,5.6092205143e-03,5.5396689239e-03,5.4587804249e-03,5.3647153748e-03,5.2553589536e-03,5.1282997874e-03,4.9808217880e-03,4.8099214720e-03,4.6123702522e-03,4.3848513229e-03,4.1242139608e-03,3.8279026208e-03,3.4946279547e-03,3.1253384767e-03,2.7244967493e-03,2.3015202570e-03,1.8719704386e-03,1.4576765432e-03,1.0846555824e-03,7.7793472037e-04,5.5386519505e-04,4.1322121045e-04,3.4024950453e-04,3.1022133205e-04,3.0080067116e-04,2.9862068762e-04,2.9825742957e-04,2.9821449345e-04,2.9821092295e-04,2.9821071614e-04,2.9821070967e-04,2.9821071188e-04,2.9821071468e-04,2.9821071773e-04,2.9821072084e-04,2.9821072377e-04,2.9821072625e-04,2.9821072806e-04,2.9821072918e-04,2.9821072973e-04,2.9821072993e-04,2.9821072999e-04,2.9821073000e-04,2.9821073001e-04,2.9821073001e-04,2.9821073004e-04,2.9821073102e-04,2.9821075453e-04,2.9821113796e-04,2.9821542675e-04,2.9824847888e-04,2.9842571566e-04,2.9909889884e-04,3.0096137297e-04,3.0486108322e-04,3.1132550746e-04,3.2020739141e-04,3.3074813688e-04,3.4192650234e-04,3.5280437850e-04,3.6271536014e-04,3.7129866088e-04,3.7844435053e-04,3.8421114752e-04,3.8875646549e-04,3.9233782775e-04,3.9566044984e-04,4.0145865557e-04,4.1828870537e-04,4.6417502408e-04,5.6295830929e-04,7.3131949944e-04,9.6727019825e-04,1.2505189713e-03,1.5522438121e-03,1.8455203525e-03,2.1112058363e-03,2.3390939765e-03,2.5263156627e-03,2.6748715621e-03,2.7893819811e-03,2.8754501096e-03,2.9386481460e-03,2.9839854246e-03,3.0156960454e-03,3.0372134580e-03,3.0512403104e-03,3.0598568014e-03,3.0646357890e-03,3.0667488927e-03,3.0670572652e-03,3.0661857828e-03,3.0645818724e-03,3.0625611723e-03,3.0603424201e-03,3.0580737884e-03,3.0558525704e-03,3.0537397742e-03,3.0517708595e-03,3.0499635798e-03,3.0483236673e-03,3.0468489207e-03,3.0455321157e-03,3.0443630551e-03,3.0433299905e-03,3.0424205915e-03,3.0416225883e-03,3.0409241820e-03,3.0403142920e-03,3.0397826888e-03,3.0393200492e-03,3.0389179585e-03,3.0385688774e-03,3.0382660846e-03,3.0380036073e-03,3.0377761478e-03,3.0375790186e-03,3.0374080908e-03,3.0372597550e-03,3.0371308865e-03,3.0370188077e-03,3.0369212412e-03,3.0368362578e-03,3.0367622208e-03,3.0366977339e-03,3.0366415963e-03,3.0365927628e-03,3.0365435281e-03,3.0364938824e-03,3.0364438365e-03,3.0363934247e-03,3.0363427168e-03,3.0362918343e-03,3.0362409754e-03,3.0361904489e-03,3.0361407311e-03,3.0360925485e-03,3.0360470110e-03,3.0360058287e-03,3.0359716743e-03,3.0359488069e-03,3.0359441886e-03,3.0359695563e-03,3.0360454511e-03,3.0362094638e-03,3.0365341970e-03,8.4514691264e-02,8.4542021199e-02,8.4461628156e-02,8.4397632916e-02,8.4350977999e-02,8.4320539376e-02,8.4304014275e-02,8.4298624406e-02,8.4301600499e-02,8.4310455372e-02,8.4323112269e-02,8.4337931189e-02,8.4353675798e-02,8.4369459021e-02,8.4384676446e-02,8.4398941823e-02,8.4412032698e-02,8.4423849513e-02,8.4434374640e-02,8.4443645444e-02,8.4451734530e-02,8.4458729337e-02,8.4467515818e-02,8.4477212151e-02,8.4485687331e-02,8.4490104165e-02,8.4488967153e-02,8.4483006446e-02,8.4472770181e-02,8.4456985804e-02,8.4432839068e-02,8.4395887137e-02,8.4339285223e-02,8.4252457514e-02,8.4118969015e-02,8.3913061477e-02,8.3593866030e-02,8.3095412137e-02,8.2308711930e-02,8.1048355987e-02,7.8988209161e-02,7.5536547767e-02,6.9606971316e-02,5.9308282412e-02,4.2204553265e-02,1.9431490949e-02,4.2476627736e-03,8.2159285257e-04,5.6994520454e-04,5.6363215054e-04,5.6357543233e-04,5.6357524258e-04,5.6357523554e-04,5.6357447387e-04,5.6354423905e-04,5.6314549924e-04,5.6147445262e-04,5.5911136589e-04,5.5745675230e-04,5.5658035118e-04,5.5616398422e-04,5.5597387215e-04,5.5588779637e-04,5.5584849844e-04,5.5583019997e-04,5.5582142872e-04,5.5581706656e-04,5.5581480341e-04,5.5581357603e-04,5.5581288153e-04,5.5581247361e-04,5.5581222658e-04,5.5581207347e-04,5.5581197689e-04,5.5581191527e-04,5.5581187557e-04,5.5581184988e-04,5.5581183323e-04,5.5581182227e-04,5.5581181520e-04,5.5581181056e-04,5.5581180737e-04,5.5581180445e-04,5.5581180154e-04,5.5581179833e-04,5.5581179529e-04,5.5581179239e-04,5.5581178930e-04,5.5581178635e-04,5.5581178290e-04,5.5581178031e-04,5.5581177695e-04,5.5581177405e-04,5.5581177067e-04,5.5581176774e-04,5.5581176455e-04,5.5581176147e-04,5.5581175806e-04,5.5581175480e-04,5.5581175178e-04,5.5581174820e-04,5.5581174429e-04
3.9925541174e-01,8.6000050129e-08,8.5862522069e-08,8.5725279156e-08,8.5588319524e-08,8.5451641130e-08,8.5315244444e-08,8.5179128754e-08,8.5043292655e-08,8.4907736398e-08,8.4772459421e-08,8.4637460205e-08,8.4502739246e-08,8.4368295530e-08,8.4234128107e-08,8.4100237102e-08,8.3966621433e-08,8.3833281018e-08,8.3700214444e-08,8.3567421778e-08,8.3434902430e-08,8.3302655913e-08,8.3170683144e-08,8.2974955824e-08,8.2685034484e-08,8.2256384076e-08,8.1624368769e-08,8.0696320814e-08,7.9341872046e-08,7.7382980372e-08,7.4587942647e-08,7.0679329614e-08,6.5374977938e-08,5.8491346134e-08,5.0134948214e-08,4.0952504060e-08,3.2254539149e-08,2.5641160993e-08,2.1986164411e-08,2.0688237420e-08,2.0426893224e-08,2.0398257249e-08,2.0399625260e-08,2.0398535939e-08,2.0398525998e-08,2.0398578275e-08,2.0398594005e-08,2.0398599307e-08,2.0398599700e-08,2.0398599307e-08,2.0398599249e-08,2.0398599292e-08,2.0398604221e-08,2.0398926806e-08,2.0406138037e-08,2.0453178583e-08,2.0484414305e-08,2.0202598402e-08,1.9435172754e-08,1.8183527700e-08,1.6635612909e-08,1.7564544866e-08,1.2383923650e-07,2.2051484241e-06,2.1548081987e-05,1.1415127035e-04,3.6955578098e-04,8.3521072828e-04,1.4717577879e-03,2.1869824134e-03,2.8884141246e-03,3.5123256969e-03,4.0285237993e-03,4.4328341110e-03,4.7365862415e-03,4.9577331978e-03,5.1150315958e-03,5.2250345829e-03,5.3010358841e-03,5.3530994895e-03,5.3885546046e-03,5.4126017350e-03,5.4288666385e-03,5.4452064764e-03,5.4616212519e-03,5.4781112236e-03,5.4946765676e-03,5.5113173560e-03,5.5280335298e-03,5.5448248709e-03,5.5616909604e-03,5.5786311307e-03,5.5956444093e-03,5.6127294374e-03,5.6298843801e-03,5.6471067980e-03,5.6643934949e-03,5.6817403067e-03,5.6991418201e-03,5.7165909870e-03,5.7340785845e-03,5.7515924270e-03,5.7701654689e-03,5.6974603348e-03,5.6906429849e-03,5.6865458426e-03,5.6852467546e-03,5.6865043475e-03,5.6898608767e-03,5.6947594465e-03,5.7006447011e-03,5.7070259266e-03,5.7135090726e-03,5.7198047773e-03,5.7257184773e-03,5.7311355034e-03,5.7359997084e-03,5.7402990679e-03,5.7440507866e-03,5.7472882430e-03,5.7500568432e-03,5.7524036656e-03,5.7543784887e-03,5.7560264317e-03,5.7575836913e-03,5.7589889758e-03,5.7601815477e-03,5.7611085992e-03,5.7617302108e-03,5.7620255435e-03,5.7619941112e-03,5.7616532258e-03,5.7610307940e-03,5.7601559183e-03,5.7590493144e-03,5.7577173046e-03,5.7561505185e-03,5.7543247235e-03,5.7522042444e-03,5.7497438846e-03,5.7468888477e-03,5.7435773456e-03,5.7397350420e-03,5.7352767319e-03,5.7301033026e-03,5.7240993580e-03,5.7171308385e-03,5.7090416229e-03,5.6996500951e-03,5.6887446977e-03,5.6760788642e-03,5.6613651337e-03,5.6442680149e-03,5.6243958187e-03,5.6012907466e-03,5.5744173539e-03,5.5431489826e-03,5.5067515921e-03,5.4643649469e-03,5.4149805897e-03,5.3574164095e-03,5.2902876987e-03,5.2119750291e-03,5.1205900483e-03,5.0139416325e-03,4.8895071829e-03,4.7444177540e-03,4.5754713493e-03,4.3791997929e-03,4.1520255979e-03,3.8905655584e-03,3.5921567487e-03,3.2556923748e-03,2.8828365139e-03,2.4795942955e-03,2.0579787919e-03,1.6370954708e-03,1.2424418357e-03,9.0202831482e-04,6.3889801792e-04,4.6234420667e-04,3.6326593610e-04,3.1861537132e-04,3.0309386472e-04,2.9907583703e-04,2.9832171177e-04,2.9822088208e-04,2.9821137203e-04,2.9821074272e-04,2.9821071467e-04,2.9821071529e-04,2.9821071715e-04,2.9821071931e-04,2.9821072163e-04,2.9821072397e-04,2.9821072611e-04,2.9821072782e-04,2.9821072898e-04,2.9821072963e-04,2.9821072995e-04,2.9821073041e-04,2.9821073395e-04,2.9821077400e-04,2.9821131649e-04,2.9821684151e-04,2.9825515974e-04,2.9844008471e-04,2.9907480708e-04,3.0067498197e-04,3.0376410780e-04,3.0854779100e-04,3.1476365035e-04,3.2181037875e-04,3.2900187188e-04,3.3576945916e-04,3.4174864135e-04,3.4677418285e-04,3.5083104445e-04,3.5399781550e-04,3.5640841382e-04,3.5830101764e-04,3.6046491612e-04,3.6584561266e-04,3.8250155902e-04,4.2484541145e-04,5.0840192673e-04,6.4010681918e-04,8.1312189044e-04,1.0102589158e-03,1.2116043752e-03,1.4006874342e-03,1.5670943335e-03,1.7062728352e-03,1.8180182855e-03,1.9047514863e-03,1.9701223087e-03,2.0180728523e-03,2.0523017648e-03,2.0760142509e-03,2.0918492356e-03,2.1019031750e-03,2.1077981045e-03,2.1107633169e-03,2.1117146068e-03,2.1113239024e-03,2.1100770506e-03,2.1083200489e-03,2.1062951131e-03,2.1041683075e-03,2.1020504202e-03,2.1000125620e-03,2.0980977155e-03,2.0963292126e-03,2.0947169092e-03,2.0932616433e-03,2.0919584259e-03,2.0907986999e-03,2.0897719173e-03,2.0888666241e-03,2.0880711883e-03,2.0873742739e-03,2.0867651344e-03,2.0862337805e-03,2.0857710612e-03,2.0853686859e-03,2.0850192083e-03,2.0847159864e-03,2.0844531289e-03,2.0842254360e-03,2.0840283421e-03,2.0838578715e-03,2.0837106148e-03,2.0835837291e-03,2.0834749456e-03,2.0833825554e-03,2.0833053417e-03,2.0832424510e-03,2.0831932203e-03,2.0831570017e-03,2.0831330239e-03,2.0831203120e-03,2.0831176741e-03,2.0831237373e-03,2.0831370578e-03,2.0831597480e-03,2.0831943175e-03,2.0832439803e-03,2.0833129429e-03,2.0834067793e-03,2.0835329672e-03,2.0837016871e-03,2.0839270256e-03,2.0842288217e-03,2.0846355770e-03,2.0851891317e-03,2.0859523775e-03,2.0870223812e-03,2.0885533667e-03,2.0907985290e-03,2.0941892033e-03,2.0994920549e-03,2.1081387031e-03,2.1229628486e-03,7.0870762177e-02,7.3034963376e-02,7.2761457484e-02,7.2468890810e-02,7.2183427192e-02,7.1921943039e-02,7.1693333030e-02,7.1500541356e-02,7.1342581540e-02,7.1216224591e-02,7.1117197800e-02,7.1040996691e-02,7.0983358131e-02,7.0940476396e-02,7.0909129482e-02,7.0886650179e-02,7.0870882688e-02,7.0860136583e-02,7.0853077414e-02,7.0848688032e-02,7.0846186437e-02,7.0844993136e-02,7.0844859107e-02,7.0846568882e-02,7.0849928419e-02,7.0852847834e-02,7.0852722836e-02,7.0849067955e-02,7.0842380540e-02,7.0832014150e-02,7.0816160763e-02,7.0791919776e-02,7.0754833885e-02,7.0698050342e-02,7.0610998852e-02,7.0477293760e-02,7.0271347698e-02,6.9952775914e-02,6.9456868671e-02,6.8677783015e-02,6.7437767190e-02,6.5429078137e-02,6.2103874990e-02,5.6480591617e-02,4.6922219743e-02,3.1620964968e-02,1.2966039095e-02,2.5912924022e-03,6.8170125048e-04,5.6601891043e-04,5.6359372835e-04,5.6357531924e-04,5.6357499265e-04,5.6356298819e-04,5.6336919697e-04,5.6237236719e-04,5.6069499265e-04,5.5942013427e-04,5.5872510602e-04,5.5839241200e-04,5.5824095595e-04,5.5817306527e-04,5.5814257543e-04,5.5812870585e-04,5.5812225843e-04,5.5811917031e-04,5.5811763509e-04,5.5811683873e-04,5.5811640688e-04,5.5811616253e-04,5.5811601901e-04,5.5811593211e-04,5.5811587823e-04,5.5811584426e-04,5.5811582258e-04,5.5811580861e-04,5.5811579958e-04,5.5811579371e-04,5.5811578978e-04,5.5811578749e-04,5.5811578556e-04,5.5811578488e-04,5.5811578357e-04,5.5811578259e-04,5.5811578135e-04,5.5811578035e-04,5.5811577936e-04,5.5811577830e-04,5.5811577709e-04,5.5811577606e-04,5.5811577513e-04,5.5811577398e-04,5.5811577268e-04,5.5811577187e-04,5.5811577059e-04,5.5811576966e-04,5.5811576846e-04,5.5811576726e-04,5.5811576620e-04,5.5811576527e-04,5.5811576382e-04,5.5811576242e-04
7.7261954536e-01,8.5999963083e-08,8.5862437279e-08,8.5725194761e-08,8.5588234588e-08,8.5451556832e-08,8.5315160061e-08,8.5179043923e-08,8.5043208507e-08,8.4907651957e-08,8.4772374665e-08,8.4637375454e-08,8.4502654808e-08,8.4368210929e-08,8.4234043520e-08,8.4100152596e-08,8.3966536996e-08,8.3833196410e-08,8.3700129702e-08,8.3567337178e-08,8.3434817901e-08,8.3302571091e-08,8.3170598709e-08,8.2974871119e-08,8.2684949550e-08,8.2256299323e-08,8.1624284104e-08,8.0696235994e-08,7.9341787643e-08,7.7382896001e-08,7.4587858888e-08,7.0679246077e-08,6.5374895418e-08,5.8491253309e-08,5.0134844384e-08,4.0952416935e-08,3.2254523512e-08,2.5641255206e-08,2.1986190867e-08,2.0688278505e-08,2.0427082160e-08,2.0400273195e-08,2.0398104570e-08,2.0398521228e-08,2.0398563953e-08,2.0398576131e-08,2.0398592775e-08,2.0398597939e-08,2.0398599122e-08,2.0398599237e-08,2.0398599263e-08,2.0398599258e-08,2.0398599614e-08,2.0398604141e-08,2.0398374331e-08,2.0391804143e-08,2.0328958127e-08,2.0037300150e-08,1.9264256841e-08,1.7909502681e-08,1.6150193084e-08,1.6689322062e-08,1.1828000644e-07,2.1150220712e-06,2.0675370560e-05,1.0951907989e-04,3.5439550422e-04,8.0015086603e-04,1.4078000939e-03,2.0878232307e-03,2.7513796750e-03,3.3382355331e-03,3.8208967632e-03,4.1967892494e-03,4.4777598572e-03,4.6814547214e-03,4.8258547915e-03,4.9265815907e-03,4.9960442840e-03,5.0435648744e-03,5.0758954140e-03,5.0978086967e-03,5.1126234478e-03,5.1275007826e-03,5.1424405067e-03,5.1574426448e-03,5.1725071217e-03,5.1876337377e-03,5.2028221484e-03,5.2180718212e-03,5.2333819727e-03,5.2487515560e-03,5.2641791369e-03,5.2796628336e-03,5.2952001971e-03,5.3107880336e-03,5.3264222171e-03,5.3420973883e-03,5.3578065919e-03,5.3735407381e-03,5.3892878077e-03,5.4050317301e-03,5.4224425675e-03,5.3019656466e-03,5.2930665273e-03,5.2888198719e-03,5.2890845146e-03,5.2932419981e-03,5.3004030980e-03,5.3096050061e-03,5.3199487806e-03,5.3306914338e-03,5.3412738417e-03,5.3513115966e-03,5.3605656990e-03,5.3689180271e-03,5.3763295244e-03,5.3828219815e-03,5.3884478902e-03,5.3932805289e-03,5.3974025602e-03,5.4008972788e-03,5.4038434486e-03,5.4063160774e-03,5.4086742758e-03,5.4108382692e-03,5.4127326033e-03,5.4142937094e-03,5.4154789787e-03,5.4162733796e-03,5.4166903285e-03,5.4167679965e-03,5.4165593913e-03,5.4161184142e-03,5.4154887899e-03,5.4146975830e-03,5.4137524780e-03,5.4126458330e-03,5.4113594952e-03,5.4098658937e-03,5.4081332101e-03,5.4061238472e-03,5.4037915838e-03,5.4010857667e-03,5.3979460682e-03,5.3943024621e-03,5.3900736117e-03,5.3851648279e-03,5.3794658824e-03,5.3728486844e-03,5.3651634523e-03,5.3562358375e-03,5.3458624254e-03,5.3338054182e-03,5.3197867252e-03,5.3034810217e-03,5.2845069782e-03,5.2624171560e-03,5.2366859729e-03,5.2066951282e-03,5.1717164789e-03,5.1308914647e-03,5.0832069105e-03,5.0274666418e-03,4.9622587793e-03,4.8859187631e-03,4.7964896087e-03,4.6916819878e-03,4.5688399401e-03,4.4249234868e-03,4.2565265999e-03,4.0599629040e-03,3.8314706949e-03,3.5676094546e-03,3.2659498592e-03,2.9261622361e-03,2.5515605228e-03,2.1509789419e-03,1.7404605022e-03,1.3436225077e-03,9.8905855065e-04,7.0361728010e-04,5.0287128765e-04,3.8391706358e-04,3.2685255835e-04,3.0556955717e-04,2.9961888880e-04,2.9840671102e-04,2.9823025252e-04,2.9821209837e-04,2.9821078542e-04,2.9821071951e-04,2.9821071824e-04,2.9821071958e-04,2.9821072128e-04,2.9821072337e-04,2.9821072616e-04,2.9821073085e-04,2.9821074240e-04,2.9821078253e-04,2.9821095583e-04,2.9821182751e-04,2.9821683597e-04,2.9824930231e-04,2.9839972925e-04,2.9888943102e-04,3.0006399826e-04,3.0223363907e-04,3.0546901934e-04,3.0954004864e-04,3.1402727207e-04,3.1848963685e-04,3.2258353244e-04,3.2610515999e-04,3.2897798800e-04,3.3121665145e-04,3.3288982128e-04,3.3410106258e-04,3.3505652126e-04,3.3650262136e-04,3.4108724583e-04,3.5541078458e-04,3.9003763044e-04,4.5474063089e-04,5.5198480513e-04,6.7482763265e-04,8.1044054100e-04,9.4543215689e-04,1.0695222966e-03,1.1767442120e-03,1.2649567553e-03,1.3346862510e-03,1.3879651140e-03,1.4274482970e-03,1.4558498798e-03,1.4756388884e-03,1.4889112179e-03,1.4973660642e-03,1.5023365660e-03,1.5048429630e-03,1.5056505551e-03,1.5053236150e-03,1.5042715754e-03,1.5027867509e-03,1.5010741501e-03,1.4992745176e-03,1.4974818480e-03,1.4957565290e-03,1.4941350964e-03,1.4926374118e-03,1.4912718948e-03,1.4900393054e-03,1.4889354517e-03,1.4879531079e-03,1.4870833542e-03,1.4863164978e-03,1.4856426918e-03,1.4850523375e-03,1.4845363339e-03,1.4840862212e-03,1.4836942478e-03,1.4833533918e-03,1.4830573456e-03,1.4828004827e-03,1.4825778126e-03,1.4823849276e-03,1.4822179510e-03,1.4820734832e-03,1.4819485575e-03,1.4818406098e-03,1.4817474764e-03,1.4816674392e-03,1.4815993092e-03,1.4815425110e-03,1.4814971078e-03,1.4814637043e-03,1.4814432223e-03,1.4814365943e-03,1.4814444573e-03,1.4814669232e-03,1.4815034616e-03,1.4815529038e-03,1.4816135426e-03,1.4816834133e-03,1.4817736706e-03,1.4818899998e-03,1.4820397359e-03,1.4822326504e-03,1.4824819222e-03,1.4828055879e-03,1.4832287366e-03,1.4837868504e-03,1.4845310620e-03,1.4855365316e-03,1.4869161583e-03,1.4888435745e-03,1.4915928179e-03,1.4956090570e-03,1.5016392692e-03,1.5109840881e-03,1.5260069141e-03,1.5512226067e-03,1.5957846521e-03,6.1998669681e-02,6.6948435746e-02,6.6510621177e-02,6.5962983492e-02,6.5377572186e-02,6.4806612486e-02,6.4282904434e-02,6.3823304258e-02,6.3433202012e-02,6.3110534134e-02,6.2849131234e-02,6.2640901223e-02,6.2477395205e-02,6.2350558519e-02,6.2253254236e-02,6.2179353053e-02,6.2123769159e-02,6.2082355266e-02,6.2051820524e-02,6.2029554998e-02,6.2013488180e-02,6.2002039439e-02,6.1991113135e-02,6.1983674865e-02,6.1981880010e-02,6.1983795819e-02,6.1984729880e-02,6.1982640590e-02,6.1978091630e-02,6.1970947371e-02,6.1960019272e-02,6.1943316514e-02,6.1917780086e-02,6.1878719591e-02,6.1818929595e-02,6.1727308544e-02,6.1586676762e-02,6.1370275054e-02,6.1036025406e-02,6.0516860904e-02,5.9703887375e-02,5.8416033930e-02,5.6343883268e-02,5.2946235853e-02,4.7279731784e-02,3.7865788289e-02,2.3513729734e-02,8.2287964060e-03,1.5611364491e-03,6.0977522275e-04,5.6434369159e-04,5.6358220069e-04,5.6357132984e-04,5.6348864203e-04,5.6293881239e-04,5.6177009082e-04,5.6076023027e-04,5.6018311377e-04,5.5990229034e-04,5.5977408773e-04,5.5971689600e-04,5.5969148479e-04,5.5968011693e-04,5.5967495481e-04,5.5967255706e-04,5.5967140904e-04,5.5967083842e-04,5.5967054245e-04,5.5967038196e-04,5.5967029115e-04,5.5967023781e-04,5.5967020552e-04,5.5967018549e-04,5.5967017288e-04,5.5967016482e-04,5.5967015961e-04,5.5967015625e-04,5.5967015409e-04,5.5967015263e-04,5.5967015178e-04,5.5967015127e-04,5.5967015068e-04,5.5967015025e-04,5.5967014989e-04,5.5967014971e-04,5.5967014883e-04,5.5967014901e-04,5.5967014825e-04,5.5967014803e-04,5.5967014751e-04,5.5967014703e-04,5.5967014663e-04,5.5967014665e-04,5.5967014587e-04,5.5967014539e-04,5.5967014517e-04,5.5967014477e-04,5.5967014424e-04,5.5967014392e-04,5.5967014325e-04,5.5967014317e-04,5.5967014246e-04
1.3893874150e+00,8.6000000087e-08,8.5862473480e-08,8.5725231281e-08,8.5588271151e-08,8.5451593203e-08,8.5315196358e-08,8.5179080567e-08,8.5043244523e-08,8.4907688316e-08,8.4772410906e-08,8.4637412344e-08,8.4502691155e-08,8.4368246906e-08,8.4234080398e-08,8.4100188611e-08,8.3966573520e-08,8.3833232703e-08,8.3700166274e-08,8.3567373472e-08,8.3434854219e-08,8.3302607539e-08,8.3170635281e-08,8.2974907495e-08,8.2684986145e-08,8.2256336100e-08,8.1624320689e-08,8.0696272238e-08,7.9341823989e-08,7.7382932298e-08,7.4587894214e-08,7.0679280544e-08,6.5374934338e-08,5.8491300366e-08,5.0134905930e-08,4.0952451233e-08,3.2254522865e-08,2.5641212674e-08,2.1986170293e-08,2.0688003302e-08,2.0426813046e-08,2.0399907092e-08,2.0397325760e-08,2.0399396328e-08,2.0398525870e-08,2.0398580156e-08,2.0398593439e-08,2.0398597782e-08,2.0398599122e-08,2.0398599201e-08,2.0398599265e-08,2.0398599255e-08,2.0398599199e-08,2.0398590856e-08,2.0398203924e-08,2.0390621512e-08,2.0321994098e-08,2.0006776869e-08,1.9173941419e-08,1.7712072373e-08,1.5799745089e-08,1.6038266702e-08,1.1249319410e-07,2.0135167964e-06,1.9684599643e-05,1.0424854084e-04,3.3713806436e-04,7.6029260048e-04,1.3353092383e-03,1.9759409630e-03,2.5976215212e-03,3.1440856998e-03,3.5907431223e-03,3.9365798318e-03,4.1937799210e-03,4.3794722175e-03,4.5106878251e-03,4.6019980440e-03,4.6648566511e-03,4.7078051579e-03,4.7369989420e-03,4.7567736996e-03,4.7701367922e-03,4.7835514756e-03,4.7970173640e-03,4.8105342791e-03,4.8241019173e-03,4.8377198133e-03,4.8513873505e-03,4.8651036700e-03,4.8788676403e-03,4.8926778022e-03,4.9065322322e-03,4.9204285262e-03,4.9343635057e-03,4.9483331821e-03,4.9623324082e-03,4.9763545063e-03,4.9903908900e-03,5.0044302913e-03,5.0184577554e-03,5.0324533954e-03,5.0487726135e-03,4.8743859071e-03,4.8646487578e-03,4.8617122490e-03,4.8650164425e-03,4.8734118041e-03,4.8854787861e-03,4.8998009009e-03,4.9151582111e-03,4.9305779087e-03,4.9453843797e-03,4.9591423938e-03,4.9716236456e-03,4.9827255971e-03,4.9924660972e-03,5.0009113447e-03,5.0081711302e-03,5.0143633287e-03,5.0196180057e-03,5.0240509882e-03,5.0277800046e-03,5.0309042844e-03,5.0338810677e-03,5.0366188719e-03,5.0390286666e-03,5.0410419612e-03,5.0426146789e-03,5.0437388271e-03,5.0444405619e-03,5.0447754314e-03,5.0448137009e-03,5.0446287428e-03,5.0442799122e-03,5.0438066539e-03,5.0432272920e-03,5.0425445167e-03,5.0417490750e-03,5.0408247162e-03,5.0397547717e-03,5.0385102564e-03,5.0370681529e-03,5.0353943321e-03,5.0334528171e-03,5.0311990172e-03,5.0285838350e-03,5.0255481408e-03,5.0220239638e-03,5.0179322839e-03,5.0131803830e-03,5.0076607403e-03,5.0012477383e-03,4.9937944612e-03,4.9851292380e-03,4.9750512310e-03,4.9633249213e-03,4.9496738702e-03,4.9337731337e-03,4.9152401465e-03,4.8936236060e-03,4.8683901878e-03,4.8389084652e-03,4.8044294880e-03,4.7640634425e-03,4.7167516677e-03,4.6612336154e-03,4.5960081966e-03,4.5192904822e-03,4.4289645857e-03,4.3225376040e-03,4.1971032038e-03,4.0493306565e-03,3.8755093285e-03,3.6716956846e-03,3.4340404814e-03,3.1594020851e-03,2.8463795337e-03,2.4968655766e-03,2.1180665023e-03,1.7245249796e-03,1.3389833303e-03,9.9024023637e-04,7.0648618686e-04,5.0522273924e-04,3.8520069135e-04,3.2736019207e-04,3.0571662093e-04,2.9964992998e-04,2.9841146704e-04,2.9823079992e-04,2.9821217472e-04,2.9821083721e-04,2.9821079389e-04,2.9821083777e-04,2.9821092652e-04,2.9821110900e-04,2.9821151353e-04,2.9821248680e-04,2.9821503912e-04,2.9822235221e-04,2.9824522670e-04,2.9832285376e-04,2.9860437411e-04,2.9930647891e-04,3.0063111377e-04,3.0263344304e-04,3.0517222900e-04,3.0797642830e-04,3.1075555310e-04,3.1328145928e-04,3.1541923623e-04,3.1712006587e-04,3.1839709447e-04,3.1930002941e-04,3.1990173766e-04,3.2034403483e-04,3.2113905614e-04,3.2411914148e-04,3.3389407724e-04,3.5790546800e-04,4.0309797649e-04,4.7127261295e-04,5.5753898589e-04,6.5279486934e-04,7.4752603168e-04,8.3443891754e-04,9.0932147681e-04,9.7069027891e-04,1.0189578500e-03,1.0556002248e-03,1.0825260797e-03,1.1016764726e-03,1.1148102131e-03,1.1234151877e-03,1.1286936193e-03,1.1315854380e-03,1.1328072282e-03,1.1328942182e-03,1.1322390683e-03,1.1311249630e-03,1.1297525541e-03,1.1282611753e-03,1.1267452148e-03,1.1252665141e-03,1.1238636517e-03,1.1225588136e-03,1.1213628294e-03,1.1202788342e-03,1.1193049009e-03,1.1184359167e-03,1.1176649020e-03,1.1169839243e-03,1.1163847195e-03,1.1158591018e-03,1.1153992245e-03,1.1149977356e-03,1.1146478592e-03,1.1143434290e-03,1.1140788863e-03,1.1138492584e-03,1.1136501253e-03,1.1134775749e-03,1.1133281612e-03,1.1131988575e-03,1.1130870135e-03,1.1129903130e-03,1.1129067404e-03,1.1128345494e-03,1.1127722628e-03,1.1127187068e-03,1.1126731101e-03,1.1126352599e-03,1.1126056496e-03,1.1125855327e-03,1.1125768047e-03,1.1125816815e-03,1.1126022945e-03,1.1126402544e-03,1.1126963319e-03,1.1127703115e-03,1.1128609863e-03,1.1129662976e-03,1.1130837997e-03,1.1132323584e-03,1.1134209754e-03,1.1136613530e-03,1.1139692735e-03,1.1143663162e-03,1.1148824270e-03,1.1155598725e-03,1.1164592952e-03,1.1176694011e-03,1.1193224961e-03,1.1216202753e-03,1.1248775207e-03,1.1295983782e-03,1.1366141833e-03,1.1473416359e-03,1.1642879113e-03,1.1920893731e-03,1.2397757671e-03,1.3260591756e-03,5.6631162530e-02,6.5121108023e-02,6.4531739982e-02,6.3682521351e-02,6.2714474844e-02,6.1735070933e-02,6.0815488778e-02,5.9995681006e-02,5.9292058575e-02,5.8705369310e-02,5.8227175392e-02,5.7844529818e-02,5.7542845298e-02,5.7308045533e-02,5.7127300261e-02,5.6989610460e-02,5.6885642005e-02,5.6807876994e-02,5.6750241679e-02,5.6707924115e-02,5.6677196889e-02,5.6655041558e-02,5.6633526663e-02,5.6618243883e-02,5.6613440493e-02,5.6616360146e-02,5.6619166152e-02,5.6618398989e-02,5.6615209270e-02,5.6610049311e-02,5.6602149454e-02,5.6590077515e-02,5.6571627079e-02,5.6543419383e-02,5.6500274573e-02,5.6434236583e-02,5.6333050296e-02,5.6177757847e-02,5.5938846682e-02,5.5569948109e-02,5.4997250435e-02,5.4101143209e-02,5.2683364236e-02,5.0407009862e-02,4.6689605075e-02,4.0545722354e-02,3.0583646483e-02,1.6491291563e-02,4.5996323443e-03,9.4478312150e-04,5.7645168302e-04,5.6380720298e-04,5.6355535198e-04,5.6329101782e-04,5.6251930919e-04,5.6168285449e-04,5.6116162200e-04,5.6089937104e-04,5.6077827038e-04,5.6072419840e-04,5.6070030632e-04,5.6068973491e-04,5.6068501445e-04,5.6068287268e-04,5.6068187823e-04,5.6068140218e-04,5.6068116558e-04,5.6068104286e-04,5.6068097632e-04,5.6068093867e-04,5.6068091656e-04,5.6068090317e-04,5.6068089487e-04,5.6068088963e-04,5.6068088629e-04,5.6068088413e-04,5.6068088278e-04,5.6068088185e-04,5.6068088120e-04,5.6068088090e-04,5.6068088054e-04,5.6068088055e-04,5.6068088038e-04,5.6068088007e-04,5.6068087997e-04,5.6068087972e-04,5.6068087966e-04,5.6068087927e-04,5.6068087928e-04,5.6068087916e-04,5.6068087895e-04,5.6068087906e-04,5.6068087859e-04,5.6068087831e-04,5.6068087847e-04,5.6068087815e-04,5.6068087797e-04,5.6068087761e-04,5.6068087755e-04,5.6068087752e-04,5.6068087748e-04,5.6068087702e-04
2.2381810675e+00,8.6000011131e-08,8.5862485140e-08,8.5725242705e-08,8.5588282633e-08,8.5451604491e-08,8.5315207678e-08,8.5179091626e-08,8.5043255876e-08,8.4907699731e-08,8.4772422598e-08,8.4637423370e-08,8.4502702675e-08,8.4368258443e-08,8.4234091663e-08,8.4100200182e-08,8.3966584588e-08,8.3833244131e-08,8.3700177637e-08,8.3567385249e-08,8.3434865417e-08,8.3302618753e-08,8.3170646665e-08,8.2974918811e-08,8.2684997555e-08,8.2256347414e-08,8.1624332025e-08,8.0696284110e-08,7.9341835476e-08,7.7382943570e-08,7.4587905480e-08,7.0679291042e-08,6.5374943579e-08,5.8491309390e-08,5.0134905425e-08,4.0952475694e-08,3.2254540712e-08,2.5641190196e-08,2.1986150479e-08,2.0688137667e-08,2.0426844245e-08,2.0399864031e-08,2.0398526676e-08,2.0398529790e-08,2.0398557454e-08,2.0398579483e-08,2.0398592671e-08,2.0398597886e-08,2.0398599095e-08,2.0398599244e-08,2.0398599253e-08,2.0398599253e-08,2.0398599180e-08,2.0398590120e-08,2.0398178625e-08,2.0390193089e-08,2.0318321808e-08,1.9989211853e-08,1.9120373639e-08,1.7593187883e-08,1.5586152063e-08,1.5595735940e-08,1.0709657477e-07,1.9144016616e-06,1.8713331324e-05,9.9077679916e-05,3.2021515898e-04,7.2128391463e-04,1.2646125038e-03,1.8673527748e-03,2.4492379739e-03,2.9578484216e-03,3.3712510547e-03,3.6897098883e-03,3.9255217886e-03,4.0951796908e-03,4.2147461794e-03,4.2977885462e-03,4.3548784422e-03,4.3938508217e-03,4.4203271125e-03,4.4382550666e-03,4.4503677101e-03,4.4625253214e-03,4.4747278326e-03,4.4869753889e-03,4.4992681086e-03,4.5116060766e-03,4.5239893376e-03,4.5364178865e-03,4.5488916588e-03,4.5614105174e-03,4.5739742385e-03,4.5865824946e-03,4.5992348348e-03,4.6119306622e-03,4.6246692091e-03,4.6374495087e-03,4.6502703634e-03,4.6631303135e-03,4.6760276001e-03,4.6889601283e-03,4.7019254506e-03,4.7018926217e-03,4.7018572513e-03,4.7018175467e-03,4.7017740375e-03,4.7017273044e-03,4.7016779395e-03,4.7016264869e-03,4.7015734260e-03,4.7015191611e-03,4.7014640247e-03,4.7014082593e-03,4.7013520713e-03,4.7012955871e-03,4.7012389260e-03,4.7011821569e-03,4.7011253325e-03,4.7010684886e-03,4.7010116476e-03,4.7009548238e-03,4.7008980258e-03,4.7008412570e-03,4.7007754650e-03,4.7006992209e-03,4.7006108689e-03,4.7005084859e-03,4.7003898373e-03,4.7002523259e-03,4.7000929321e-03,4.6999081472e-03,4.6996938964e-03,4.6994454517e-03,4.6991573294e-03,4.6988231708e-03,4.6984356019e-03,4.6979860688e-03,4.6974646458e-03,4.6968598128e-03,4.6961581980e-03,4.6953442719e-03,4.6944000032e-03,4.6933044449e-03,4.6920332586e-03,4.6905581575e-03,4.6888462525e-03,4.6868592902e-03,4.6845527556e-03,4.6818748207e-03,4.6787651058e-03,4.6751532202e-03,4.6709570365e-03,4.6660806480e-03,4.6604119414e-03,4.6538197068e-03,4.6461501851e-03,4.6372229292e-03,4.6268258288e-03,4.6147091065e-03,4.6005780509e-03,4.5840841924e-03,4.5648145590e-03,4.5422785640e-03,4.5158919865e-03,4.4849573956e-03,4.4486402771e-03,4.4059400526e-03,4.3556552043e-03,4.2963419262e-03,4.2262663173e-03,4.1433514254e-03,4.0451230409e-03,3.9286629583e-03,3.7905869986e-03,3.6270795617e-03,3.4340395008e-03,3.2074253436e-03,2.9439278758e-03,2.6421259059e-03,2.3042430562e-03,1.9384098071e-03,1.5607981995e-03,1.1961216569e-03,8.7432018480e-04,6.2220258117e-04,4.5261615138e-04,3.5828329149e-04,3.1657651910e-04,3.0247163170e-04,2.9894074340e-04,2.9830241323e-04,2.9822068979e-04,2.9821391720e-04,2.9821454056e-04,2.9821634520e-04,2.9821951470e-04,2.9822530136e-04,2.9823645466e-04,2.9825921915e-04,2.9830845941e-04,2.9842103154e-04,2.9869079381e-04,2.9935639054e-04,3.0047020406e-04,3.0199096246e-04,3.0376280413e-04,3.0558449734e-04,3.0727796689e-04,3.0872482472e-04,3.0987105774e-04,3.1071356687e-04,3.1128160535e-04,3.1162233387e-04,3.1180941400e-04,3.1206369647e-04,3.1324073954e-04,3.1786187262e-04,3.3081759813e-04,3.5789439721e-04,4.0226689944e-04,4.6212372895e-04,5.3150298825e-04,6.0305784302e-04,6.7051605074e-04,7.2982472893e-04,7.7916444718e-04,8.1840055983e-04,8.4842397878e-04,8.7060761504e-04,8.8643986596e-04,8.9731530024e-04,9.0443766075e-04,9.0879236188e-04,9.1115659474e-04,9.1212640277e-04,9.1214875008e-04,9.1155237661e-04,9.1057472010e-04,9.0938411320e-04,9.0809742877e-04,9.0679375634e-04,9.0552480806e-04,9.0432272375e-04,9.0320585683e-04,9.0218301964e-04,9.0125656824e-04,9.0042462203e-04,8.9968264349e-04,8.9902454857e-04,8.9844347501e-04,8.9793230333e-04,8.9748400029e-04,8.9709183632e-04,8.9674951419e-04,8.9645123630e-04,8.9619173014e-04,8.9596624606e-04,8.9577053745e-04,8.9560083012e-04,8.9545378611e-04,8.9532646501e-04,8.9521628511e-04,8.9512098589e-04,8.9503859255e-04,8.9496738322e-04,8.9490585900e-04,8.9485271689e-04,8.9480682544e-04,8.9476720306e-04,8.9473299870e-04,8.9470347458e-04,8.9467799084e-04,8.9465599210e-04,8.9463699587e-04,8.9462058301e-04,8.9460639000e-04,8.9459410252e-04,8.9458345025e-04,8.9457420186e-04,8.9456616052e-04,8.9455915930e-04,8.9455305684e-04,8.9454773339e-04,8.9454234073e-04,8.9453686303e-04,8.9453128089e-04,8.9452557029e-04,8.9451970128e-04,8.9451363631e-04,8.9450732831e-04,8.9450071763e-04,8.9449372819e-04,8.9448626212e-04,8.9447819209e-04,8.9446935009e-04,8.9445951124e-04,8.9444836885e-04,8.9443549482e-04,8.9442027602e-04,8.9440180529e-04,8.9437868662e-04,8.9434866729e-04,5.3627883281e-02,5.3627831148e-02,5.3627756264e-02,5.3627672467e-02,5.3627580892e-02,5.3627482531e-02,5.3627378339e-02,5.3627269148e-02,5.3627155659e-02,5.3627038541e-02,5.3626918323e-02,5.3626795638e-02,5.3626670785e-02,5.3626544231e-02,5.3626416141e-02,5.3626287028e-02,5.3626156968e-02,5.3626026263e-02,5.3625894831e-02,5.3625763066e-02,5.3625630814e-02,5.3625498347e-02,5.3625295525e-02,5.3624985032e-02,5.3624509846e-02,5.3623783129e-02,5.3622672544e-02,5.3620975903e-02,5.3618384077e-02,5.3614424610e-02,5.3608375460e-02,5.3599132892e-02,5.3585009048e-02,5.3563421271e-02,5.3530414177e-02,5.3479921696e-02,5.3402621436e-02,5.3284141782e-02,5.3102223390e-02,5.2822151442e-02,5.2389242049e-02,5.1716134879e-02,5.0660611882e-02,4.8985748151e-02,4.6287729888e-02,4.1873509509e-02,3.4625658539e-02,2.3331447010e-02,9.6876944736e-03,2.0736817324e-03,6.5428596931e-04,5.6642396603e-04,5.6364660451e-04,5.6307177575e-04,5.6235867110e-04,5.6183454089e-04,5.6155212869e-04,5.6141811585e-04,5.6135773184e-04,5.6133105138e-04,5.6131931581e-04,5.6131413352e-04,5.6131182150e-04,5.6131077290e-04,5.6131028611e-04,5.6131005310e-04,5.6130993730e-04,5.6130987724e-04,5.6130984467e-04,5.6130982624e-04,5.6130981542e-04,5.6130980887e-04,5.6130980480e-04,5.6130980225e-04,5.6130980060e-04,5.6130979955e-04,5.6130979888e-04,5.6130979847e-04,5.6130979809e-04,5.6130979805e-04,5.6130979759e-04,5.6130979791e-04,5.6130979765e-04,5.6130979774e-04,5.6130979740e-04,5.6130979746e-04,5.6130979719e-04,5.6130979723e-04,5.6130979730e-04,5.6130979723e-04,5.6130979700e-04,5.6130979690e-04,5.6130979697e-04,5.6130979654e-04,5.6130979693e-04,5.6130979644e-04,5.6130979638e-04,5.6130979643e-04,5.6130979640e-04,5.6130979640e-04,5.6130979608e-04,5.6130979607e-04
3.1135271511e+00,8.6000008598e-08,8.5862484890e-08,8.5725242450e-08,8.5588282641e-08,8.5451604230e-08,8.5315207763e-08,8.5179091764e-08,8.5043255934e-08,8.4907699539e-08,8.4772422149e-08,8.4637423663e-08,8.4502702332e-08,8.4368258348e-08,8.4234091338e-08,8.4100200260e-08,8.3966584829e-08,8.3833243753e-08,8.3700177604e-08,8.3567384801e-08,8.3434865755e-08,8.3302618738e-08,8.3170646386e-08,8.2974918863e-08,8.2684997436e-08,8.2256347307e-08,8.1624331953e-08,8.0696283994e-08,7.9341835388e-08,7.7382943487e-08,7.4587905393e-08,7.0679290958e-08,6.5374943493e-08,5.8491309303e-08,5.0134905297e-08,4.0952475627e-08,3.2254540611e-08,2.5641190108e-08,2.1986150112e-08,2.0688137421e-08,2.0426846693e-08,2.0399885464e-08,2.0398511587e-08,2.0398529518e-08,2.0398557566e-08,2.0398579447e-08,2.0398592678e-08,2.0398597886e-08,2.0398599095e-08,2.0398599244e-08,2.0398599253e-08,2.0398599253e-08,2.0398599176e-08,2.0398589776e-08,2.0398165899e-08,2.0389970487e-08,2.0316367343e-08,1.9979700090e-08,1.9091028963e-08,1.7527562424e-08,1.5467453441e-08,1.5323392219e-08,1.0297283438e-07,1.8369354031e-06,1.7953010073e-05,9.5029962774e-05,3.0697962817e-04,6.9083602618e-04,1.2096073254e-03,1.7832204557e-03,2.3348247966e-03,2.8149586836e-03,3.2036335431e-03,3.5019544393e-03,3.7221813635e-03,3.8802442561e-03,3.9914358685e-03,4.0685586440e-03,4.1215285888e-03,4.1576644970e-03,4.1822025800e-03,4.1988129259e-03,4.2100329785e-03,4.2212927568e-03,4.2325921744e-03,4.2439313443e-03,4.2553103557e-03,4.2667292695e-03,4.2781881114e-03,4.2896868645e-03,4.3012254608e-03,4.3128037702e-03,4.3244215879e-03,4.3360786204e-03,4.3477744683e-03,4.3595086073e-03,4.3712803664e-03,4.3830889038e-03,4.3949331803e-03,4.4068119293e-03,4.4187236276e-03,4.4306664596e-03,4.4426383111e-03,4.4426118702e-03,4.4425847535e-03,4.4425545323e-03,4.4425216123e-03,4.4424863938e-03,4.4424493403e-03,4.4424108888e-03,4.4423713618e-03,4.4423310646e-03,4.4422902282e-03,4.4422490125e-03,4.4422075715e-03,4.4421659829e-03,4.4421243209e-03,4.4420826244e-03,4.4420409299e-03,4.4419992516e-03,4.4419576030e-03,4.4419159875e-03,4.4418744087e-03,4.4418328640e-03,4.4417847309e-03,4.4417289655e-03,4.4416643584e-03,4.4415895047e-03,4.4415027711e-03,4.4414022586e-03,4.4412857589e-03,4.4411507066e-03,4.4409941222e-03,4.4408125498e-03,4.4406019810e-03,4.4403577692e-03,4.4400745254e-03,4.4397459990e-03,4.4393649382e-03,4.4389229246e-03,4.4384101883e-03,4.4378153842e-03,4.4371253383e-03,4.4363247482e-03,4.4353958357e-03,4.4343179389e-03,4.4330670376e-03,4.4316151957e-03,4.4299299082e-03,4.4279733349e-03,4.4257013987e-03,4.4230627220e-03,4.4199973716e-03,4.4164353714e-03,4.4122949379e-03,4.4074803772e-03,4.4018795743e-03,4.3953609833e-03,4.3877700063e-03,4.3789246220e-03,4.3686100868e-03,4.3565724882e-03,4.3425108724e-03,4.3260675981e-03,4.3068164822e-03,4.2842481987e-03,4.2577522748e-03,4.2265949002e-03,4.1898916476e-03,4.1465741356e-03,4.0953497274e-03,4.0346537007e-03,3.9625942339e-03,3.8768925194e-03,3.7748242299e-03,3.6531758357e-03,3.5082421592e-03,3.3359130739e-03,3.1319304415e-03,2.8924409357e-03,2.6150134958e-03,2.3002867242e-03,1.9542552075e-03,1.5907221239e-03,1.2325351610e-03,9.0928940850e-04,6.4966395630e-04,4.7014926866e-04,3.6717420832e-04,3.2004677027e-04,3.0348406300e-04,2.9916119096e-04,2.9834556777e-04,2.9823856152e-04,2.9823289797e-04,2.9823962482e-04,2.9825136894e-04,2.9827070329e-04,2.9830369872e-04,2.9836234465e-04,2.9847090111e-04,2.9867942401e-04,2.9909125401e-04,2.9991189422e-04,3.0101934112e-04,3.0229327334e-04,3.0358316394e-04,3.0475900471e-04,3.0573712694e-04,3.0648239013e-04,3.0699728570e-04,3.0730770425e-04,3.0745266519e-04,3.0749619835e-04,3.0764566762e-04,3.0869797589e-04,3.1291047358e-04,3.2445258511e-04,3.4795865762e-04,3.8561484523e-04,4.3547572353e-04,4.9241297355e-04,5.5043260562e-04,6.0458749877e-04,6.5179156216e-04,6.9075351160e-04,7.2149953645e-04,7.4483601995e-04,7.6191919967e-04,7.7397113817e-04,7.8212121788e-04,7.8733550432e-04,7.9039953886e-04,7.9192946014e-04,7.9239545873e-04,7.9214841781e-04,7.9144508979e-04,7.9046984087e-04,7.8935245958e-04,7.8818224470e-04,7.8701888254e-04,7.8590069631e-04,7.8485081509e-04,7.8388173361e-04,7.8299864782e-04,7.8220187045e-04,7.8148856232e-04,7.8085395889e-04,7.8029222715e-04,7.7979705417e-04,7.7936204183e-04,7.7898096333e-04,7.7864792158e-04,7.7835743917e-04,7.7810450130e-04,7.7788456686e-04,7.7769355885e-04,7.7752784181e-04,7.7738419180e-04,7.7725976254e-04,7.7715205044e-04,7.7705885999e-04,7.7697827077e-04,7.7690860653e-04,7.7684840679e-04,7.7679640092e-04,7.7675148495e-04,7.7671270071e-04,7.7667921730e-04,7.7665031474e-04,7.7662536937e-04,7.7660384095e-04,7.7658526124e-04,7.7656922392e-04,7.7655537609e-04,7.7654341121e-04,7.7653306336e-04,7.7652410280e-04,7.7651633191e-04,7.7650958189e-04,7.7650370920e-04,7.7649859249e-04,7.7649412897e-04,7.7649023170e-04,7.7648627990e-04,7.7648226109e-04,7.7647815974e-04,7.7647395698e-04,7.7646962907e-04,7.7646514614e-04,7.7646047098e-04,7.7645555603e-04,7.7645034100e-04,7.7644474766e-04,7.7643867449e-04,7.7643198685e-04,7.7642450434e-04,7.7641597941e-04,7.7640606433e-04,7.7639425695e-04,7.7637980652e-04,7.7636153810e-04,7.7633751400e-04,5.2127545929e-02,5.2127509551e-02,5.2127444352e-02,5.2127372641e-02,5.2127295393e-02,5.2127213432e-02,5.2127127326e-02,5.2127037498e-02,5.2126944525e-02,5.2126848729e-02,5.2126750349e-02,5.2126649812e-02,5.2126547453e-02,5.2126443771e-02,5.2126338639e-02,5.2126232320e-02,5.2126125463e-02,5.2126017819e-02,5.2125909686e-02,5.2125800840e-02,5.2125691870e-02,5.2125582601e-02,5.2125415247e-02,5.2125159154e-02,5.2124766839e-02,5.2124166856e-02,5.2123249892e-02,5.2121849049e-02,5.2119709120e-02,5.2116440070e-02,5.2111445874e-02,5.2103815544e-02,5.2092156252e-02,5.2074337419e-02,5.2047097517e-02,5.2005438056e-02,5.1941685353e-02,5.1844028090e-02,5.1694215245e-02,5.1463881083e-02,5.1108563701e-02,5.0557719848e-02,4.9697539185e-02,4.8340413520e-02,4.6169530744e-02,4.2640463758e-02,3.6836758351e-02,2.7476333344e-02,1.4391917039e-02,3.8686465972e-03,8.5815740142e-04,5.7710870761e-04,5.6449481416e-04,5.6306208327e-04,5.6238464960e-04,5.6200662147e-04,5.6182049500e-04,5.6173518650e-04,5.6169729386e-04,5.6168065252e-04,5.6167335186e-04,5.6167013167e-04,5.6166869574e-04,5.6166804464e-04,5.6166774241e-04,5.6166759775e-04,5.6166752585e-04,5.6166748857e-04,5.6166746835e-04,5.6166745691e-04,5.6166745019e-04,5.6166744612e-04,5.6166744360e-04,5.6166744201e-04,5.6166744099e-04,5.6166744032e-04,5.6166743994e-04,5.6166743966e-04,5.6166743939e-04,5.6166743941e-04,5.6166743927e-04,5.6166743921e-04,5.6166743910e-04,5.6166743926e-04,5.6166743889e-04,5.6166743914e-04,5.6166743895e-04,5.6166743884e-04,5.6166743908e-04,5.6166743883e-04,5.6166743876e-04,5.6166743860e-04,5.6166743863e-04,5.6166743858e-04,5.6166743875e-04,5.6166743828e-04,5.6166743863e-04,5.6166743829e-04,5.6166743851e-04,5.6166743820e-04,5.6166743824e-04,5.6166743818e-04
4.1752404600e+00,8.6000010905e-08,8.5862485478e-08,8.5725242788e-08,8.5588282486e-08,8.5451604941e-08,8.5315208079e-08,8.5179091703e-08,8.5043256361e-08,8.4907699922e-08,8.4772422532e-08,8.4637423892e-08,8.4502702463e-08,8.4368259038e-08,8.4234091530e-08,8.4100200901e-08,8.3966584730e-08,8.3833244206e-08,8.3700178075e-08,8.3567385014e-08,8.3434866132e-08,8.3302619065e-08,8.3170646686e-08,8.2974919209e-08,8.2684997640e-08,8.2256347667e-08,8.1624332309e-08,8.0696284312e-08,7.9341835715e-08,7.7382943803e-08,7.4587905722e-08,7.0679291282e-08,6.5374943823e-08,5.8491309635e-08,5.0134905746e-08,4.0952475969e-08,3.2254541045e-08,2.5641190407e-08,2.1986150560e-08,2.0688137205e-08,2.0426844482e-08,2.0399872801e-08,2.0398521109e-08,2.0398529629e-08,2.0398557337e-08,2.0398579492e-08,2.0398592678e-08,2.0398597887e-08,2.0398599095e-08,2.0398599244e-08,2.0398599253e-08,2.0398599253e-08,2.0398599173e-08,2.0398589541e-08,2.0398157027e-08,2.0389812649e-08,2.0314963683e-08,1.9972806394e-08,1.9069637917e-08,1.7479567585e-08,1.5380270216e-08,1.5102780600e-08,9.9066414626e-08,1.7625603349e-06,1.7222428948e-05,9.1141233883e-05,2.9427449780e-04,6.6165955409e-04,1.1570431730e-03,1.7031050651e-03,2.2263067289e-03,2.6799763551e-03,3.0458821519e-03,3.3258165510e-03,3.5319160852e-03,3.6795288192e-03,3.7832055789e-03,3.8550337887e-03,3.9043272933e-03,3.9379361664e-03,3.9607494112e-03,3.9761880935e-03,3.9866148343e-03,3.9970769757e-03,4.0075744214e-03,4.0181072605e-03,4.0286755619e-03,4.0392793691e-03,4.0499186959e-03,4.0605935186e-03,4.0713037691e-03,4.0820493255e-03,4.0928300006e-03,4.1036455313e-03,4.1144955620e-03,4.1253796291e-03,4.1362971412e-03,4.1472473594e-03,4.1582293720e-03,4.1692420708e-03,4.1802841211e-03,4.1913539339e-03,4.2024496604e-03,4.2024279467e-03,4.2024069545e-03,4.2023836800e-03,4.2023584077e-03,4.2023314817e-03,4.2023032693e-03,4.2022740555e-03,4.2022441330e-03,4.2022136769e-03,4.2021828870e-03,4.2021518762e-03,4.2021207333e-03,4.2020895273e-03,4.2020582993e-03,4.2020270776e-03,4.2019958792e-03,4.2019647122e-03,4.2019335835e-03,4.2019024936e-03,4.2018714399e-03,4.2018404211e-03,4.2018044908e-03,4.2017628721e-03,4.2017146627e-03,4.2016588153e-03,4.2015941115e-03,4.2015191339e-03,4.2014322353e-03,4.2013315011e-03,4.2012147081e-03,4.2010792788e-03,4.2009222223e-03,4.2007400736e-03,4.2005288136e-03,4.2002837810e-03,4.1999995676e-03,4.1996698964e-03,4.1992874804e-03,4.1988438622e-03,4.1983292165e-03,4.1977321368e-03,4.1970393673e-03,4.1962355054e-03,4.1953026461e-03,4.1942199674e-03,4.1929632449e-03,4.1915042811e-03,4.1898102360e-03,4.1878428361e-03,4.1855574424e-03,4.1829019462e-03,4.1798154594e-03,4.1762267544e-03,4.1720524019e-03,4.1671945398e-03,4.1615381882e-03,4.1549480088e-03,4.1472643743e-03,4.1382985835e-03,4.1278270099e-03,4.1155839176e-03,4.1012526054e-03,4.0844544530e-03,4.0647353318e-03,4.0415487164e-03,4.0142346797e-03,3.9819938086e-03,3.9438549466e-03,3.8986356276e-03,3.8448942611e-03,3.7808737686e-03,3.7044379703e-03,3.6130053517e-03,3.5034913623e-03,3.3722823791e-03,3.2152852882e-03,3.0281302153e-03,2.8066520119e-03,2.5478294539e-03,2.2513789099e-03,1.9220741925e-03,1.5724028251e-03,1.2242101704e-03,9.0687371045e-04,6.4982070345e-04,4.7087738088e-04,3.6770304598e-04,3.2029926881e-04,3.0358605387e-04,2.9921327590e-04,2.9839044282e-04,2.9828955774e-04,2.9829565996e-04,2.9832006899e-04,2.9835840217e-04,2.9841851998e-04,2.9851534813e-04,2.9867554597e-04,2.9894670090e-04,2.9941166711e-04,3.0020350236e-04,3.0111636416e-04,3.0203774894e-04,3.0286872201e-04,3.0354515704e-04,3.0404036586e-04,3.0435706870e-04,3.0451638365e-04,3.0454974644e-04,3.0450847257e-04,3.0455956616e-04,3.0535079902e-04,3.0873288902e-04,3.1815214034e-04,3.3747413971e-04,3.6855990178e-04,4.0983185381e-04,4.5703603951e-04,5.0517136711e-04,5.5009775096e-04,5.8922794002e-04,6.2147807420e-04,6.4686964324e-04,6.6607901596e-04,6.8007600388e-04,6.8988520699e-04,6.9645289293e-04,7.0058777976e-04,7.0294673974e-04,7.0404429380e-04,7.0427243644e-04,7.0392310065e-04,7.0320935936e-04,7.0228371725e-04,7.0125307693e-04,7.0019056668e-04,6.9914466361e-04,6.9814610489e-04,6.9721304982e-04,6.9635489007e-04,6.9557503227e-04,6.9487290931e-04,6.9424541845e-04,6.9368793707e-04,6.9319502968e-04,6.9276093090e-04,6.9237986726e-04,6.9204626398e-04,6.9175487058e-04,6.9150082999e-04,6.9127970896e-04,6.9108750257e-04,6.9092062197e-04,6.9077587183e-04,6.9065042199e-04,6.9054177636e-04,6.9044774116e-04,6.9036639395e-04,6.9029605412e-04,6.9023525546e-04,6.9018272100e-04,6.9013734019e-04,6.9009814840e-04,6.9006430860e-04,6.9003509516e-04,6.9000987944e-04,6.8998811715e-04,6.8996933717e-04,6.8995313161e-04,6.8993914705e-04,6.8992707694e-04,6.8991665501e-04,6.8990765005e-04,6.8989986134e-04,6.8989311563e-04,6.8988726407e-04,6.8988217938e-04,6.8987775352e-04,6.8987389516e-04,6.8987052726e-04,6.8986758476e-04,6.8986459869e-04,6.8986155930e-04,6.8985845446e-04,6.8985526871e-04,6.8985198316e-04,6.8984857388e-04,6.8984501140e-04,6.8984125748e-04,6.8983726399e-04,6.8983296815e-04,6.8982828848e-04,6.8982311674e-04,6.8981730746e-04,6.8981065963e-04,6.8980288979e-04,6.8979358599e-04,6.8978212127e-04,6.8976749950e-04,6.8974803026e-04,5.1126095821e-02,5.1126072397e-02,5.1126012968e-02,5.1125949196e-02,5.1125882026e-02,5.1125811954e-02,5.1125739420e-02,5.1125664545e-02,5.1125587272e-02,5.1125507918e-02,5.1125426420e-02,5.1125343015e-02,5.1125258196e-02,5.1125171971e-02,5.1125084345e-02,5.1124995981e-02,5.1124906700e-02,5.1124816940e-02,5.1124726503e-02,5.1124635844e-02,5.1124544498e-02,5.1124452914e-02,5.1124312880e-02,5.1124098170e-02,5.1123769551e-02,5.1123266607e-02,5.1122497929e-02,5.1121323621e-02,5.1119529766e-02,5.1116789431e-02,5.1112603049e-02,5.1106207127e-02,5.1096434497e-02,5.1081500118e-02,5.1058672236e-02,5.1023766174e-02,5.0970362034e-02,5.0888588548e-02,5.0763216073e-02,5.0570628700e-02,5.0273931904e-02,4.9814860311e-02,4.9099993506e-02,4.7976489602e-02,4.6188116074e-02,4.3295291346e-02,3.8542367027e-02,3.0743835570e-02,1.8919874598e-02,6.4995165077e-03,1.3109815111e-03,6.1146322719e-04,5.6849563000e-04,5.6375655917e-04,5.6266026590e-04,5.6226024585e-04,5.6209350702e-04,5.6202196926e-04,5.6199104927e-04,5.6197762656e-04,5.6197176729e-04,5.6196918850e-04,5.6196803969e-04,5.6196751900e-04,5.6196727736e-04,5.6196716170e-04,5.6196710423e-04,5.6196707442e-04,5.6196705826e-04,5.6196704912e-04,5.6196704375e-04,5.6196704049e-04,5.6196703848e-04,5.6196703720e-04,5.6196703639e-04,5.6196703588e-04,5.6196703553e-04,5.6196703531e-04,5.6196703516e-04,5.6196703502e-04,5.6196703522e-04,5.6196703470e-04,5.6196703518e-04,5.6196703460e-04,5.6196703509e-04,5.6196703468e-04,5.6196703490e-04,5.6196703463e-04,5.6196703489e-04,5.6196703462e-04,5.6196703437e-04,5.6196703476e-04,5.6196703450e-04,5.6196703447e-04,5.6196703449e-04,5.6196703419e-04,5.6196703442e-04,5.6196703432e-04,5.6196703441e-04,5.6196703407e-04,5.6196703421e-04,5.6196703414e-04
5.3973641874e+00,8.6000011993e-08,8.5862485559e-08,8.5725242960e-08,8.5588283029e-08,8.5451604498e-08,8.5315208123e-08,8.5179092372e-08,8.5043256235e-08,8.4907700016e-08,8.4772422393e-08,8.4637423997e-08,8.4502702622e-08,8.4368259227e-08,8.4234091792e-08,8.4100200363e-08,8.3966585186e-08,8.3833244154e-08,8.3700177950e-08,8.3567385493e-08,8.3434865931e-08,8.3302618980e-08,8.3170647047e-08,8.2974919164e-08,8.2684997835e-08,8.2256347690e-08,8.1624332424e-08,8.0696284411e-08,7.9341835786e-08,7.7382943888e-08,7.4587905799e-08,7.0679291373e-08,6.5374943919e-08,5.8491309771e-08,5.0134905804e-08,4.0952476097e-08,3.2254540990e-08,2.5641190460e-08,2.1986151273e-08,2.0688137774e-08,2.0426846169e-08,2.0399877867e-08,2.0398516259e-08,2.0398530105e-08,2.0398557192e-08,2.0398579480e-08,2.0398592677e-08,2.0398597887e-08,2.0398599095e-08,2.0398599244e-08,2.0398599253e-08,2.0398599253e-08,2.0398599171e-08,2.0398589377e-08,2.0398150672e-08,2.0389697739e-08,2.0313929371e-08,1.9967683092e-08,1.9053655293e-08,1.7443601569e-08,1.5314667929e-08,1.4921997619e-08,9.5494811981e-08,1.6940046953e-06,1.6548686104e-05,8.7555690230e-05,2.8256889960e-04,6.3482207193e-04,1.1088149499e-03,1.6298352894e-03,2.1274175153e-03,2.5574126172e-03,2.9031143062e-03,3.1668526068e-03,3.3605841043e-03,3.4990925496e-03,3.5962463589e-03,3.6634911866e-03,3.7096081656e-03,3.7410365380e-03,3.7623628408e-03,3.7767920934e-03,3.7865356586e-03,3.7963111364e-03,3.8061184247e-03,3.8159575960e-03,3.8258287049e-03,3.8357317832e-03,3.8456668366e-03,3.8556338377e-03,3.8656327202e-03,3.8756633701e-03,3.8857256173e-03,3.8958192220e-03,3.9059438660e-03,3.9160991342e-03,3.9262845001e-03,3.9364993058e-03,3.9467427428e-03,3.9570138264e-03,3.9673113719e-03,3.9776339683e-03,3.9879799781e-03,3.9879617777e-03,3.9879452602e-03,3.9879270111e-03,3.9879072629e-03,3.9878863010e-03,3.9878643861e-03,3.9878417318e-03,3.9878185781e-03,3.9877950328e-03,3.9877712846e-03,3.9877473763e-03,3.9877234130e-03,3.9876994239e-03,3.9876754393e-03,3.9876514758e-03,3.9876275382e-03,3.9876036440e-03,3.9875797836e-03,3.9875559637e-03,3.9875321745e-03,3.9875084180e-03,3.9874809050e-03,3.9874490399e-03,3.9874121350e-03,3.9873693862e-03,3.9873198626e-03,3.9872624781e-03,3.9871959726e-03,3.9871188804e-03,3.9870294984e-03,3.9869258543e-03,3.9868056606e-03,3.9866662637e-03,3.9865045901e-03,3.9863170714e-03,3.9860995703e-03,3.9858472829e-03,3.9855546364e-03,3.9852151551e-03,3.9848213281e-03,3.9843644252e-03,3.9838343067e-03,3.9832191912e-03,3.9825053838e-03,3.9816769601e-03,3.9807153952e-03,3.9795991287e-03,3.9783030529e-03,3.9767979125e-03,3.9750495899e-03,3.9730182681e-03,3.9706574301e-03,3.9679126738e-03,3.9647202941e-03,3.9610055863e-03,3.9566808057e-03,3.9516427045e-03,3.9457695458e-03,3.9389174670e-03,3.9309160320e-03,3.9215627646e-03,3.9106164012e-03,3.8977885260e-03,3.8827331600e-03,3.8650337631e-03,3.8441869623e-03,3.8195821634e-03,3.7904760175e-03,3.7559605447e-03,3.7149236181e-03,3.6660005956e-03,3.6075163857e-03,3.5374186466e-03,3.4532058825e-03,3.3518604937e-03,3.2298087120e-03,3.0829506078e-03,2.9068386494e-03,2.6971356372e-03,2.4505443042e-03,2.1664295797e-03,1.8492332036e-03,1.5112878991e-03,1.1745804371e-03,8.6878220740e-04,6.2323947282e-04,4.5483343961e-04,3.5977243914e-04,3.1726666392e-04,3.0275735065e-04,2.9910094387e-04,2.9844861403e-04,2.9838695111e-04,2.9841561754e-04,2.9846850188e-04,2.9854749551e-04,2.9866641403e-04,2.9884820848e-04,2.9912918922e-04,2.9956360995e-04,3.0022098705e-04,3.0089148798e-04,3.0149650594e-04,3.0198259388e-04,3.0232586368e-04,3.0252673543e-04,3.0260137140e-04,3.0257463906e-04,3.0248462594e-04,3.0244659599e-04,3.0291928854e-04,3.0528980057e-04,3.1231440426e-04,3.2734054979e-04,3.5229719318e-04,3.8624826001e-04,4.2579918903e-04,4.6668623330e-04,5.0523467443e-04,5.3905711466e-04,5.6707831309e-04,5.8921799624e-04,6.0600246699e-04,6.1824253562e-04,6.2681604454e-04,6.3254383397e-04,6.3613255738e-04,6.3815881170e-04,6.3907555085e-04,6.3922847950e-04,6.3887530631e-04,6.3820418520e-04,6.3734975083e-04,6.3640629969e-04,6.3543823689e-04,6.3448814871e-04,6.3358292449e-04,6.3273833186e-04,6.3196239451e-04,6.3125785887e-04,6.3062397633e-04,6.3005777685e-04,6.2955496778e-04,6.2911055861e-04,6.2871928717e-04,6.2837590280e-04,6.2807534764e-04,6.2781286617e-04,6.2758406469e-04,6.2738493673e-04,6.2721186563e-04,6.2706161235e-04,6.2693129444e-04,6.2681835982e-04,6.2672055839e-04,6.2663591311e-04,6.2656269184e-04,6.2649938060e-04,6.2644465879e-04,6.2639737638e-04,6.2635653335e-04,6.2632126115e-04,6.2629080618e-04,6.2626451519e-04,6.2624182230e-04,6.2622223763e-04,6.2620533726e-04,6.2619075445e-04,6.2617817181e-04,6.2616731443e-04,6.2615794386e-04,6.2614985304e-04,6.2614286217e-04,6.2613681502e-04,6.2613157714e-04,6.2612703261e-04,6.2612308256e-04,6.2611964322e-04,6.2611664341e-04,6.2611402402e-04,6.2611173454e-04,6.2610940978e-04,6.2610704178e-04,6.2610462108e-04,6.2610213478e-04,6.2609956817e-04,6.2609690147e-04,6.2609411109e-04,6.2609116596e-04,6.2608802711e-04,6.2608464376e-04,6.2608094977e-04,6.2607685748e-04,6.2607224766e-04,6.2606695780e-04,6.2606075380e-04,6.2605329408e-04,6.2604405259e-04,6.2603217335e-04,6.2601616022e-04,5.0470784083e-02,5.0470771047e-02,5.0470714948e-02,5.0470656404e-02,5.0470596367e-02,5.0470535296e-02,5.0470473010e-02,5.0470409453e-02,5.0470344587e-02,5.0470278046e-02,5.0470209617e-02,5.0470139975e-02,5.0470068806e-02,5.0469996134e-02,5.0469922555e-02,5.0469847722e-02,5.0469772371e-02,5.0469696216e-02,5.0469619637e-02,5.0469542487e-02,5.0469464919e-02,5.0469387267e-02,5.0469268218e-02,5.0469085406e-02,5.0468805975e-02,5.0468377930e-02,5.0467723693e-02,5.0466724224e-02,5.0465197467e-02,5.0462865180e-02,5.0459302216e-02,5.0453858862e-02,5.0445541969e-02,5.0432832843e-02,5.0413407801e-02,5.0383708368e-02,5.0338277861e-02,5.0268731923e-02,5.0162148494e-02,4.9998520975e-02,4.9746664065e-02,4.9357485861e-02,4.8752614012e-02,4.7804513494e-02,4.6300553674e-02,4.3876841371e-02,3.9901070782e-02,3.3318938305e-02,2.2847691031e-02,9.6998888429e-03,2.1112579297e-03,6.9543846032e-04,5.8150342067e-04,5.6683678035e-04,5.6381764495e-04,5.6292917857e-04,5.6260810816e-04,5.6247988735e-04,5.6242625856e-04,5.6240331449e-04,5.6239336293e-04,5.6238899536e-04,5.6238705211e-04,5.6238617184e-04,5.6238576343e-04,5.6238556798e-04,5.6238547086e-04,5.6238542049e-04,5.6238539318e-04,5.6238537773e-04,5.6238536865e-04,5.6238536316e-04,5.6238535975e-04,5.6238535760e-04,5.6238535623e-04,5.6238535535e-04,5.6238535482e-04,5.6238535437e-04,5.6238535412e-04,5.6238535412e-04,5.6238535379e-04,5.6238535384e-04,5.6238535396e-04,5.6238535351e-04,5.6238535381e-04,5.6238535344e-04,5.6238535341e-04,5.6238535360e-04,5.6238535328e-04,5.6238535342e-04,5.6238535311e-04,5.6238535309e-04,5.6238535328e-04,5.6238535295e-04,5.6238535290e-04,5.6238535273e-04,5.6238535280e-04,5.6238535275e-04,5.6238535272e-04,5.6238535272e-04,5.6238535227e-04,5.6238535243e-04
6.9772125584e+00,8.6000008167e-08,8.5862485253e-08,8.5725243203e-08,8.5588282898e-08,8.5451604793e-08,8.5315208196e-08,8.5179092039e-08,8.5043256190e-08,8.4907699973e-08,8.4772422665e-08,8.4637424079e-08,8.4502702647e-08,8.4368259028e-08,8.4234091801e-08,8.4100200820e-08,8.3966584846e-08,8.3833244370e-08,8.3700177958e-08,8.3567385552e-08,8.3434865724e-08,8.3302619410e-08,8.3170646631e-08,8.2974919289e-08,8.2684997830e-08,8.2256347763e-08,8.1624332388e-08,8.0696284419e-08,7.9341835830e-08,7.7382943897e-08,7.4587905810e-08,7.0679291378e-08,6.5374943897e-08,5.8491309740e-08,5.0134905820e-08,4.0952475987e-08,3.2254541143e-08,2.5641190298e-08,2.1986150957e-08,2.0688137781e-08,2.0426840639e-08,2.0399808136e-08,2.0398565863e-08,2.0398529882e-08,2.0398557343e-08,2.0398579456e-08,2.0398592666e-08,2.0398597886e-08,2.0398599095e-08,2.0398599244e-08,2.0398599253e-08,2.0398599253e-08,2.0398599169e-08,2.0398589234e-08,2.0398145020e-08,2.0389594146e-08,2.0312987535e-08,1.9962985053e-08,1.9038934483e-08,1.7410391085e-08,1.5253912120e-08,1.4745712605e-08,9.1810542426e-08,1.6230143403e-06,1.5850864830e-05,8.3842743475e-05,2.7045639264e-04,6.0709523491e-04,1.0591093782e-03,1.5545530261e-03,2.0261555980e-03,2.4323269213e-03,2.7578477241e-03,3.0055152325e-03,3.1870415547e-03,3.3166041638e-03,3.4073692024e-03,3.4701354365e-03,3.5131536624e-03,3.5424573766e-03,3.5623359675e-03,3.5757829537e-03,3.5848619710e-03,3.5939697058e-03,3.6031060536e-03,3.6122710728e-03,3.6214648059e-03,3.6306872765e-03,3.6399384842e-03,3.6492183992e-03,3.6585269591e-03,3.6678640573e-03,3.6772295395e-03,3.6866231910e-03,3.6960447251e-03,3.7054937721e-03,3.7149698653e-03,3.7244724197e-03,3.7340007187e-03,3.7435538917e-03,3.7531308871e-03,3.7627304536e-03,3.7723511407e-03,3.7723359178e-03,3.7723231246e-03,3.7723090583e-03,3.7722938433e-03,3.7722776855e-03,3.7722608641e-03,3.7722435468e-03,3.7722258043e-03,3.7722078272e-03,3.7721896967e-03,3.7721714835e-03,3.7721532515e-03,3.7721350119e-03,3.7721167828e-03,3.7720985878e-03,3.7720804166e-03,3.7720622903e-03,3.7720441951e-03,3.7720261357e-03,3.7720081036e-03,3.7719901005e-03,3.7719692506e-03,3.7719451070e-03,3.7719171492e-03,3.7718847672e-03,3.7718472546e-03,3.7718037910e-03,3.7717534196e-03,3.7716950303e-03,3.7716273343e-03,3.7715488373e-03,3.7714578049e-03,3.7713522309e-03,3.7712297842e-03,3.7710877655e-03,3.7709230377e-03,3.7707319679e-03,3.7705103376e-03,3.7702532359e-03,3.7699549803e-03,3.7696089629e-03,3.7692075048e-03,3.7687416886e-03,3.7682011474e-03,3.7675738282e-03,3.7668457115e-03,3.7660004821e-03,3.7650191443e-03,3.7638795651e-03,3.7625559405e-03,3.7610181601e-03,3.7592310554e-03,3.7571535064e-03,3.7547373749e-03,3.7519262288e-03,3.7486538075e-03,3.7448421718e-03,3.7403994610e-03,3.7352171629e-03,3.7291667745e-03,3.7220956970e-03,3.7138221655e-03,3.7041289574e-03,3.6927555451e-03,3.6793882722e-03,3.6636480037e-03,3.6450745623e-03,3.6231070756e-03,3.5970591593e-03,3.5660876532e-03,3.5291534545e-03,3.4849729774e-03,3.4319591339e-03,3.3681518854e-03,3.2911412237e-03,3.1979913633e-03,3.0851865747e-03,2.9486405118e-03,2.7838476354e-03,2.5863118269e-03,2.3524574380e-03,2.0812698177e-03,1.7767988931e-03,1.4511390378e-03,1.1263346014e-03,8.3228833736e-04,5.9822598172e-04,4.4008148308e-04,3.5270184451e-04,3.1468239534e-04,3.0211840335e-04,2.9907113578e-04,2.9856096459e-04,2.9853515276e-04,2.9858801039e-04,2.9867105370e-04,2.9879019149e-04,2.9896126036e-04,2.9920659859e-04,2.9955356907e-04,3.0002473819e-04,3.0044932080e-04,3.0078361762e-04,3.0100677658e-04,3.0111770244e-04,3.0112856205e-04,3.0105887946e-04,3.0093706081e-04,3.0084221314e-04,3.0109504048e-04,3.0272122147e-04,3.0789551250e-04,3.1947087775e-04,3.3935392428e-04,3.6710794536e-04,4.0007557957e-04,4.3465732267e-04,4.6761540372e-04,4.9676314284e-04,5.2105001198e-04,5.4031584467e-04,5.5495917176e-04,5.6565193771e-04,5.7314225066e-04,5.7813933909e-04,5.8125870122e-04,5.8300510656e-04,5.8377638813e-04,5.8387682184e-04,5.8353352136e-04,5.8291240679e-04,5.8213221217e-04,5.8127605918e-04,5.8040065989e-04,5.7954344268e-04,5.7872796341e-04,5.7796795282e-04,5.7727030575e-04,5.7663726436e-04,5.7606799538e-04,5.7555971682e-04,5.7510849261e-04,5.7470978448e-04,5.7435882793e-04,5.7405088151e-04,5.7378138610e-04,5.7354606052e-04,5.7334095306e-04,5.7316246287e-04,5.7300734127e-04,5.7287268011e-04,5.7275589229e-04,5.7265468794e-04,5.7256704860e-04,5.7249120115e-04,5.7242559234e-04,5.7236886477e-04,5.7231983453e-04,5.7227747076e-04,5.7224087711e-04,5.7220927514e-04,5.7218198949e-04,5.7215843475e-04,5.7213810382e-04,5.7212055775e-04,5.7210541675e-04,5.7209235233e-04,5.7208108044e-04,5.7207135532e-04,5.7206296415e-04,5.7205572240e-04,5.7204946980e-04,5.7204406711e-04,5.7203939368e-04,5.7203534523e-04,5.7203183202e-04,5.7202877781e-04,5.7202611785e-04,5.7202379708e-04,5.7202176994e-04,5.7201999722e-04,5.7201819654e-04,5.7201636162e-04,5.7201448441e-04,5.7201255519e-04,5.7201056203e-04,5.7200848938e-04,5.7200631799e-04,5.7200402359e-04,5.7200157468e-04,5.7199893111e-04,5.7199604046e-04,5.7199283249e-04,5.7198921266e-04,5.7198504960e-04,5.7198015563e-04,5.7197425159e-04,5.7196690276e-04,5.7195738103e-04,5.7194436497e-04,4.9992613871e-02,4.9992609654e-02,4.9992555758e-02,4.9992501259e-02,4.9992447214e-02,4.9992393759e-02,4.9992340908e-02,4.9992287518e-02,4.9992234064e-02,4.9992178841e-02,4.9992122493e-02,4.9992064873e-02,4.9992005823e-02,4.9991945589e-02,4.9991883601e-02,4.9991821814e-02,4.9991759109e-02,4.9991694751e-02,4.9991630075e-02,4.9991564675e-02,4.9991500506e-02,4.9991434498e-02,4.9991334079e-02,4.9991179940e-02,4.9990943711e-02,4.9990582255e-02,4.9990029635e-02,4.9989185360e-02,4.9987895669e-02,4.9985925541e-02,4.9982915870e-02,4.9978317889e-02,4.9971292818e-02,4.9960558148e-02,4.9944151889e-02,4.9919070184e-02,4.9880708510e-02,4.9821995793e-02,4.9732043055e-02,4.9594012162e-02,4.9381703822e-02,4.9053980578e-02,4.8545397857e-02,4.7749926314e-02,4.6491618113e-02,4.4470154296e-02,4.1160236523e-02,3.5650239712e-02,2.6588976231e-02,1.3656171956e-02,3.5269119244e-03,8.9697379346e-04,6.2161741779e-04,5.7851133393e-04,5.6869107398e-04,5.6571467021e-04,5.6463637224e-04,5.6420672865e-04,5.6402734973e-04,5.6395067811e-04,5.6391743795e-04,5.6390285235e-04,5.6389636341e-04,5.6389342412e-04,5.6389206040e-04,5.6389140782e-04,5.6389108353e-04,5.6389091535e-04,5.6389082416e-04,5.6389077256e-04,5.6389074226e-04,5.6389072391e-04,5.6389071254e-04,5.6389070536e-04,5.6389070077e-04,5.6389069785e-04,5.6389069594e-04,5.6389069469e-04,5.6389069381e-04,5.6389069340e-04,5.6389069306e-04,5.6389069286e-04,5.6389069246e-04,5.6389069245e-04,5.6389069186e-04,5.6389069191e-04,5.6389069163e-04,5.6389069155e-04,5.6389069114e-04,5.6389069096e-04,5.6389069092e-04,5.6389069042e-04,5.6389069006e-04,5.6389069009e-04,5.6389068997e-04,5.6389068961e-04,5.6389068935e-04,5.6389068903e-04,5.6389068873e-04,5.6389068886e-04,5.6389068829e-04,5.6389068808e-04
8.3815622670e+00,8.6000011338e-08,8.5862485210e-08,8.5725242982e-08,8.5588282870e-08,8.5451604822e-08,8.5315207944e-08,8.5179092036e-08,8.5043256414e-08,8.4907700025e-08,8.4772422355e-08,8.4637424082e-08,8.4502702600e-08,8.4368258944e-08,8.4234091865e-08,8.4100200636e-08,8.3966584685e-08,8.3833244261e-08,8.3700178237e-08,8.3567385150e-08,8.3434866022e-08,8.3302619016e-08,8.3170646921e-08,8.2974919135e-08,8.2684997757e-08,8.2256347722e-08,8.1624332296e-08,8.0696284377e-08,7.9341835763e-08,7.7382943844e-08,7.4587905759e-08,7.0679291331e-08,6.5374943861e-08,5.8491309701e-08,5.0134905782e-08,4.0952476048e-08,3.2254540978e-08,2.5641190435e-08,2.1986151257e-08,2.0688136979e-08,2.0426842443e-08,2.0399829759e-08,2.0398550308e-08,2.0398530020e-08,2.0398557399e-08,2.0398579455e-08,2.0398592681e-08,2.0398597884e-08,2.0398599095e-08,2.0398599245e-08,2.0398599253e-08,2.0398599253e-08,2.0398599168e-08,2.0398589136e-08,2.0398141152e-08,2.0389522766e-08,2.0312335409e-08,1.9959721036e-08,1.9028684509e-08,1.7387235778e-08,1.5211470690e-08,1.4619921349e-08,8.9123839021e-08,1.5711747843e-06,1.5341291357e-05,8.1132098895e-05,2.6161988137e-04,5.8689606597e-04,1.0229759931e-03,1.4999727977e-03,1.9529528539e-03,2.3421575557e-03,2.6533950632e-03,2.8897502112e-03,3.0627236673e-03,3.1860392462e-03,3.2723544869e-03,3.3320072260e-03,3.3728740729e-03,3.4007040544e-03,3.4195791001e-03,3.4323454781e-03,3.4409641674e-03,3.4496094698e-03,3.4582812801e-03,3.4669796493e-03,3.4757046124e-03,3.4844561882e-03,3.4932343724e-03,3.5020391359e-03,3.5108704173e-03,3.5197281180e-03,3.5286120926e-03,3.5375221428e-03,3.5464580051e-03,3.5554193391e-03,3.5644057163e-03,3.5734165990e-03,3.5824513316e-03,3.5915091151e-03,3.6005889867e-03,3.6096897981e-03,3.6188102189e-03,3.6187968277e-03,3.6187862344e-03,3.6187746262e-03,3.6187621028e-03,3.6187488417e-03,3.6187350226e-03,3.6187207763e-03,3.6187062370e-03,3.6186915285e-03,3.6186766784e-03,3.6186618065e-03,3.6186469079e-03,3.6186320101e-03,3.6186171301e-03,3.6186022891e-03,3.6185874819e-03,3.6185727036e-03,3.6185579557e-03,3.6185432409e-03,3.6185285519e-03,3.6185138870e-03,3.6184969080e-03,3.6184772474e-03,3.6184544804e-03,3.6184281140e-03,3.6183975724e-03,3.6183621858e-03,3.6183211755e-03,3.6182736375e-03,3.6182185254e-03,3.6181546177e-03,3.6180805066e-03,3.6179945554e-03,3.6178948690e-03,3.6177792493e-03,3.6176451438e-03,3.6174895947e-03,3.6173091570e-03,3.6170998522e-03,3.6168570467e-03,3.6165753594e-03,3.6162485433e-03,3.6158693394e-03,3.6154293121e-03,3.6149186516e-03,3.6143259513e-03,3.6136379358e-03,3.6128391497e-03,3.6119115890e-03,3.6108342639e-03,3.6095826862e-03,3.6081282578e-03,3.6064375464e-03,3.6044714221e-03,3.6021840220e-03,3.5995215083e-03,3.5964205707e-03,3.5928066106e-03,3.5885915337e-03,3.5836710479e-03,3.5779213446e-03,3.5711949971e-03,3.5633158698e-03,3.5540727634e-03,3.5432114490e-03,3.5304246364e-03,3.5153392920e-03,3.4975005654e-03,3.4763513736e-03,3.4512064802e-03,3.4212196586e-03,3.3853423373e-03,3.3422721311e-03,3.2903900124e-03,3.2276862887e-03,3.1516787358e-03,3.0593332189e-03,2.9470108218e-03,2.8104908597e-03,2.6451625240e-03,2.4465434897e-03,2.2113604939e-03,1.9394536094e-03,1.6365712939e-03,1.3174004388e-03,1.0067526766e-03,7.3560259214e-04,5.3040627849e-04,4.0058172551e-04,3.3443230198e-04,3.0827412997e-04,3.0052134959e-04,2.9886278013e-04,2.9863970234e-04,2.9866544521e-04,2.9873902221e-04,2.9884406841e-04,2.9898958286e-04,2.9918886370e-04,2.9945460018e-04,2.9978792922e-04,3.0005751358e-04,3.0023891677e-04,3.0032573632e-04,3.0032490651e-04,3.0025119615e-04,3.0012483547e-04,2.9998801424e-04,3.0000595563e-04,3.0078215934e-04,3.0383293383e-04,3.1158061414e-04,3.2623512160e-04,3.4828414780e-04,3.7603346635e-04,4.0645744038e-04,4.3645212561e-04,4.6368339178e-04,4.8684655778e-04,5.0553117202e-04,5.1993606231e-04,5.3059177673e-04,5.3815407707e-04,5.4327550039e-04,5.4653858665e-04,5.4843001246e-04,5.4933840280e-04,5.4956392388e-04,5.4933238600e-04,5.4880987280e-04,5.4811598956e-04,5.4733501973e-04,5.4652490665e-04,5.4572426848e-04,5.4495775875e-04,5.4424009510e-04,5.4357904649e-04,5.4297762232e-04,5.4243565903e-04,5.4195095716e-04,5.4152008617e-04,5.4113894592e-04,5.4080315117e-04,5.4050828866e-04,5.4025008298e-04,5.4002449821e-04,5.3982779457e-04,5.3965655428e-04,5.3950768676e-04,5.3937842038e-04,5.3926628592e-04,5.3916909526e-04,5.3908491777e-04,5.3901205611e-04,5.3894902244e-04,5.3889451578e-04,5.3884740093e-04,5.3880668902e-04,5.3877151994e-04,5.3874114652e-04,5.3871492035e-04,5.3869227928e-04,5.3867273627e-04,5.3865586968e-04,5.3864131466e-04,5.3862875562e-04,5.3861791975e-04,5.3860857114e-04,5.3860050573e-04,5.3859354689e-04,5.3858754143e-04,5.3858235633e-04,5.3857787601e-04,5.3857400036e-04,5.3857064273e-04,5.3856772899e-04,5.3856519543e-04,5.3856298927e-04,5.3856106359e-04,5.3855938097e-04,5.3855790950e-04,5.3855641423e-04,5.3855489032e-04,5.3855333093e-04,5.3855172763e-04,5.3855007035e-04,5.3854834596e-04,5.3854653882e-04,5.3854462791e-04,5.3854258738e-04,5.3854038307e-04,5.3853797082e-04,5.3853529211e-04,5.3853226666e-04,5.3852878453e-04,5.3852468634e-04,5.3851973546e-04,5.3851355414e-04,5.3850549794e-04,5.3849436139e-04,4.9744506513e-02,4.9744507415e-02,4.9744454647e-02,4.9744402465e-02,4.9744352134e-02,4.9744303800e-02,4.9744256647e-02,4.9744210398e-02,4.9744163738e-02,4.9744116619e-02,4.9744068099e-02,4.9744018645e-02,4.9743966699e-02,4.9743914670e-02,4.9743860769e-02,4.9743806318e-02,4.9743750976e-02,4.9743695082e-02,4.9743638445e-02,4.9743581791e-02,4.9743523859e-02,4.9743466860e-02,4.9743378371e-02,4.9743242288e-02,4.9743034192e-02,4.9742715331e-02,4.9742227937e-02,4.9741483410e-02,4.9740346095e-02,4.9738608747e-02,4.9735954699e-02,4.9731900056e-02,4.9725705220e-02,4.9716239407e-02,4.9701772894e-02,4.9679657815e-02,4.9645836205e-02,4.9594078370e-02,4.9514795703e-02,4.9393171712e-02,4.9206177309e-02,4.8917708107e-02,4.8470447357e-02,4.7771784454e-02,4.6668498003e-02,4.4899598125e-02,4.2007372229e-02,3.7182038292e-02,2.9115465489e-02,1.6814225965e-02,5.0613647396e-03,1.1779825393e-03,6.8952584694e-04,6.0151871594e-04,5.7940504723e-04,5.7229413325e-04,5.6963640524e-04,5.6856153322e-04,5.6810972155e-04,5.6791602508e-04,5.6783193937e-04,5.6779502160e-04,5.6777859315e-04,5.6777115069e-04,5.6776769750e-04,5.6776604498e-04,5.6776522379e-04,5.6776479791e-04,5.6776456699e-04,5.6776443634e-04,5.6776435960e-04,5.6776431313e-04,5.6776428432e-04,5.6776426617e-04,5.6776425456e-04,5.6776424710e-04,5.6776424225e-04,5.6776423915e-04,5.6776423700e-04,5.6776423583e-04,5.6776423480e-04,5.6776423420e-04,5.6776423396e-04,5.6776423298e-04,5.6776423265e-04,5.6776423206e-04,5.6776423151e-04,5.6776423067e-04,5.6776423047e-04,5.6776422961e-04,5.6776422899e-04,5.6776422861e-04,5.6776422811e-04,5.6776422737e-04,5.6776422675e-04,5.6776422630e-04,5.6776422537e-04,5.6776422500e-04,5.6776422435e-04,5.6776422366e-04,5.6776422333e-04,5.6776422240e-04
1.0068574728e+01,8.6000012207e-08,8.5862485241e-08,8.5725242885e-08,8.5588282704e-08,8.5451604519e-08,8.5315208141e-08,8.5179092171e-08,8.5043256059e-08,8.4907699723e-08,8.4772422970e-08,8.4637423818e-08,8.4502702688e-08,8.4368258598e-08,8.4234091668e-08,8.4100200785e-08,8.3966584771e-08,8.3833244417e-08,8.3700177662e-08,8.3567385484e-08,8.3434865727e-08,8.3302618905e-08,8.3170646998e-08,8.2974919149e-08,8.2684997690e-08,8.2256347672e-08,8.1624332256e-08,8.0696284361e-08,7.9341835726e-08,7.7382943791e-08,7.4587905730e-08,7.0679291281e-08,6.5374943832e-08,5.8491309649e-08,5.0134905794e-08,4.0952476072e-08,3.2254541115e-08,2.5641190717e-08,2.1986150965e-08,2.0688137679e-08,2.0426845623e-08,2.0399871739e-08,2.0398520372e-08,2.0398530084e-08,2.0398557418e-08,2.0398579424e-08,2.0398592683e-08,2.0398597886e-08,2.0398599095e-08,2.0398599244e-08,2.0398599253e-08,2.0398599253e-08,2.0398599167e-08,2.0398589041e-08,2.0398137381e-08,2.0389453023e-08,2.0311697182e-08,1.9956523003e-08,1.9018634229e-08,1.7364518210e-08,1.5169773667e-08,1.4494393398e-08,8.6400330466e-08,1.5185798007e-06,1.4824352790e-05,7.8383135728e-05,2.5266455601e-04,5.6645099302e-04,9.8647008042e-04,1.4449543669e-03,1.8793408542e-03,2.2516952191e-03,2.5488184437e-03,2.7740438718e-03,2.9386324457e-03,3.0558404929e-03,3.1378141562e-03,3.1944335729e-03,3.2332066022e-03,3.2596033080e-03,3.2775028362e-03,3.2896078351e-03,3.2977793029e-03,3.3059754208e-03,3.3141960853e-03,3.3224413388e-03,3.3307112121e-03,3.3390057185e-03,3.3473248516e-03,3.3556685831e-03,3.3640368537e-03,3.3724295707e-03,3.3808466000e-03,3.3892877573e-03,3.3977528004e-03,3.4062414160e-03,3.4147532099e-03,3.4232876922e-03,3.4318442620e-03,3.4404221850e-03,3.4490205801e-03,3.4576383935e-03,3.4662744058e-03,3.4662626110e-03,3.4662539720e-03,3.4662444019e-03,3.4662342073e-03,3.4662233558e-03,3.4662120580e-03,3.4662004608e-03,3.4661886318e-03,3.4661766370e-03,3.4661645567e-03,3.4661524743e-03,3.4661403774e-03,3.4661282974e-03,3.4661162356e-03,3.4661042161e-03,3.4660922183e-03,3.4660802549e-03,3.4660683197e-03,3.4660564131e-03,3.4660445286e-03,3.4660326662e-03,3.4660189336e-03,3.4660030346e-03,3.4659846233e-03,3.4659633033e-03,3.4659386096e-03,3.4659099983e-03,3.4658768425e-03,3.4658384109e-03,3.4657938533e-03,3.4657421860e-03,3.4656822704e-03,3.4656127822e-03,3.4655321894e-03,3.4654387144e-03,3.4653302977e-03,3.4652045444e-03,3.4650586700e-03,3.4648894593e-03,3.4646931678e-03,3.4644654440e-03,3.4642012399e-03,3.4638946880e-03,3.4635389709e-03,3.4631261605e-03,3.4626470394e-03,3.4620908792e-03,3.4614451936e-03,3.4606954354e-03,3.4598246498e-03,3.4588130551e-03,3.4576375554e-03,3.4562711541e-03,3.4546822582e-03,3.4528338460e-03,3.4506824682e-03,3.4481770413e-03,3.4452573897e-03,3.4418524699e-03,3.4378782001e-03,3.4332347936e-03,3.4278034631e-03,3.4214423300e-03,3.4139813156e-03,3.4052157302e-03,3.3948981896e-03,3.3827283763e-03,3.3683400197e-03,3.3512842957e-03,3.3310086233e-03,3.3068295839e-03,3.2778984256e-03,3.2431574013e-03,3.2012851521e-03,3.1506298334e-03,3.0891301869e-03,3.0142285825e-03,2.9227881366e-03,2.8110422298e-03,2.6746347306e-03,2.5088604187e-03,2.3092908874e-03,2.0730528749e-03,1.8010261755e-03,1.5009187989e-03,1.1902002126e-03,8.9621407504e-04,6.5000877254e-04,4.7385648840e-04,3.7009299009e-04,3.2160250857e-04,3.0425818946e-04,2.9966776393e-04,2.9881131851e-04,2.9873386340e-04,2.9878301811e-04,2.9886475285e-04,2.9897516086e-04,2.9911981435e-04,2.9930107252e-04,2.9950730163e-04,2.9964763671e-04,2.9971110913e-04,2.9969972273e-04,2.9962383368e-04,2.9949854706e-04,2.9934848964e-04,2.9925637842e-04,2.9955550417e-04,3.0123009649e-04,3.0617116053e-04,3.1657623385e-04,3.3359023958e-04,3.5642669386e-04,3.8273141080e-04,4.0966434564e-04,4.3483966454e-04,4.5674912546e-04,4.7475040290e-04,4.8884409026e-04,4.9941418992e-04,5.0701768752e-04,5.1224486149e-04,5.1564111991e-04,5.1767214493e-04,5.1871542211e-04,5.1906575474e-04,5.1894684858e-04,5.1852444314e-04,5.1791869557e-04,5.1721485189e-04,5.1647196441e-04,5.1572976813e-04,5.1501397301e-04,5.1434026284e-04,5.1371727306e-04,5.1314878098e-04,5.1263529845e-04,5.1217521721e-04,5.1176562248e-04,5.1140286308e-04,5.1108294388e-04,5.1080179019e-04,5.1055542018e-04,5.1034005226e-04,5.1015216685e-04,5.0998853672e-04,5.0984623612e-04,5.0972263592e-04,5.0961539007e-04,5.0952241686e-04,5.0944187759e-04,5.0937215431e-04,5.0931182773e-04,5.0925965606e-04,5.0921455516e-04,5.0917558025e-04,5.0914190929e-04,5.0911282791e-04,5.0908771604e-04,5.0906603595e-04,5.0904732171e-04,5.0903116984e-04,5.0901723118e-04,5.0900520371e-04,5.0899482628e-04,5.0898587318e-04,5.0897814930e-04,5.0897148589e-04,5.0896573687e-04,5.0896077561e-04,5.0895649213e-04,5.0895279083e-04,5.0894958917e-04,5.0894681527e-04,5.0894440775e-04,5.0894231436e-04,5.0894049090e-04,5.0893889990e-04,5.0893750912e-04,5.0893629250e-04,5.0893505636e-04,5.0893379607e-04,5.0893250530e-04,5.0893117876e-04,5.0892980732e-04,5.0892838008e-04,5.0892688266e-04,5.0892529905e-04,5.0892360681e-04,5.0892177932e-04,5.0891977802e-04,5.0891755490e-04,5.0891504307e-04,5.0891215139e-04,5.0890874737e-04,5.0890462954e-04,5.0889947348e-04,5.0889271781e-04,5.0888325768e-04,4.9564129670e-02,4.9564134405e-02,4.9564082704e-02,4.9564032709e-02,4.9563985929e-02,4.9563942108e-02,4.9563900560e-02,4.9563860399e-02,4.9563821114e-02,4.9563780639e-02,4.9563739881e-02,4.9563697490e-02,4.9563653583e-02,4.9563607806e-02,4.9563561729e-02,4.9563513985e-02,4.9563466234e-02,4.9563417223e-02,4.9563368070e-02,4.9563317366e-02,4.9563268434e-02,4.9563216998e-02,4.9563140082e-02,4.9563021593e-02,4.9562838132e-02,4.9562558695e-02,4.9562131279e-02,4.9561478262e-02,4.9560480751e-02,4.9558956965e-02,4.9556629177e-02,4.9553072998e-02,4.9547639804e-02,4.9539337953e-02,4.9526650691e-02,4.9507256445e-02,4.9477597980e-02,4.9432215848e-02,4.9362710555e-02,4.9256111265e-02,4.9092276312e-02,4.8839670364e-02,4.8448323073e-02,4.7837689104e-02,4.6874878341e-02,4.5334033422e-02,4.2818571182e-02,3.8617303405e-02,3.1510918713e-02,2.0112667992e-02,7.1340023662e-03,1.6495422716e-03,8.2334962863e-04,6.5294489471e-04,6.0583466293e-04,5.8977156023e-04,5.8357855014e-04,5.8103636808e-04,5.7996055362e-04,5.7949795955e-04,5.7929687803e-04,5.7920854203e-04,5.7916922220e-04,5.7915140734e-04,5.7914314106e-04,5.7913918514e-04,5.7913721930e-04,5.7913619978e-04,5.7913564696e-04,5.7913533418e-04,5.7913515048e-04,5.7913503924e-04,5.7913497028e-04,5.7913492679e-04,5.7913489904e-04,5.7913488114e-04,5.7913486964e-04,5.7913486205e-04,5.7913485719e-04,5.7913485396e-04,5.7913485173e-04,5.7913485071e-04,5.7913484923e-04,5.7913484771e-04,5.7913484619e-04,5.7913484521e-04,5.7913484368e-04,5.7913484239e-04,5.7913484090e-04,5.7913483939e-04,5.7913483801e-04,5.7913483707e-04,5.7913483524e-04,5.7913483403e-04,5.7913483250e-04,5.7913483112e-04,5.7913482977e-04,5.7913482802e-04,5.7913482695e-04,5.7913482509e-04,5.7913482379e-04,5.7913482204e-04
1.2095143342e+01,8.6000010664e-08,8.5862484955e-08,8.5725242870e-08,8.5588282963e-08,8.5451604480e-08,8.5315208065e-08,8.5179092024e-08,8.5043256202e-08,8.4907699795e-08,8.4772422544e-08,8.4637423957e-08,8.4502702637e-08,8.4368258647e-08,8.4234091615e-08,8.4100200817e-08,8.3966585004e-08,8.3833244073e-08,8.3700177871e-08,8.3567385310e-08,8.3434865836e-08,8.3302618702e-08,8.3170646985e-08,8.2974919067e-08,8.2684997742e-08,8.2256347570e-08,8.1624332249e-08,8.0696284313e-08,7.9341835685e-08,7.7382943789e-08,7.4587905686e-08,7.0679291269e-08,6.5374943799e-08,5.8491309608e-08,5.0134905653e-08,4.0952475837e-08,3.2254540963e-08,2.5641190604e-08,2.1986151294e-08,2.0688137931e-08,2.0426847379e-08,2.0399910235e-08,2.0398494304e-08,2.0398529514e-08,2.0398557352e-08,2.0398579532e-08,2.0398592669e-08,2.0398597884e-08,2.0398599096e-08,2.0398599244e-08,2.0398599253e-08,2.0398599253e-08,2.0398599166e-08,2.0398588952e-08,2.0398133788e-08,2.0389386453e-08,2.0311087501e-08,1.9953466440e-08,1.9009025115e-08,1.7342791548e-08,1.5129865842e-08,1.4370789078e-08,8.3649068411e-08,1.4653753720e-06,1.4301524376e-05,7.5604004778e-05,2.4361793938e-04,5.4582492578e-04,9.4971067872e-04,1.3896802368e-03,1.8055650487e-03,2.1612397359e-03,2.4444596940e-03,2.6587678694e-03,2.8151595563e-03,2.9264125708e-03,3.0041612104e-03,3.0578328154e-03,3.0945730283e-03,3.1195791500e-03,3.1365326529e-03,3.1479964682e-03,3.1557344619e-03,3.1634952787e-03,3.1712788147e-03,3.1790851074e-03,3.1869141820e-03,3.1947660485e-03,3.2026407004e-03,3.2105381072e-03,3.2184582140e-03,3.2264009344e-03,3.2343661428e-03,3.2423536703e-03,3.2503632934e-03,3.2583947255e-03,3.2664476044e-03,3.2745214815e-03,3.2826158062e-03,3.2907299063e-03,3.2988629764e-03,3.3070140483e-03,3.3151820024e-03,3.3151717227e-03,3.3151647073e-03,3.3151569437e-03,3.3151485349e-03,3.3151398140e-03,3.3151306402e-03,3.3151211976e-03,3.3151115896e-03,3.3151019269e-03,3.3150921788e-03,3.3150824316e-03,3.3150726804e-03,3.3150629627e-03,3.3150532579e-03,3.3150435946e-03,3.3150339498e-03,3.3150243437e-03,3.3150147587e-03,3.3150051981e-03,3.3149956606e-03,3.3149861382e-03,3.3149751210e-03,3.3149623624e-03,3.3149475917e-03,3.3149304894e-03,3.3149106819e-03,3.3148877331e-03,3.3148611402e-03,3.3148303146e-03,3.3147945766e-03,3.3147531371e-03,3.3147050809e-03,3.3146493485e-03,3.3145847087e-03,3.3145097403e-03,3.3144227831e-03,3.3143219235e-03,3.3142049276e-03,3.3140692186e-03,3.3139117851e-03,3.3137291482e-03,3.3135172510e-03,3.3132713955e-03,3.3129861125e-03,3.3126550439e-03,3.3122708017e-03,3.3118247835e-03,3.3113069801e-03,3.3107057299e-03,3.3100074430e-03,3.3091962664e-03,3.3082536898e-03,3.3071580831e-03,3.3058841347e-03,3.3044021895e-03,3.3026774485e-03,3.3006690081e-03,3.2983286932e-03,3.2955996415e-03,3.2924145715e-03,3.2886936545e-03,3.2843418865e-03,3.2792458235e-03,3.2732695044e-03,3.2662493324e-03,3.2579876119e-03,3.2482443513e-03,3.2367268178e-03,3.2230761747e-03,3.2068503417e-03,3.1875019700e-03,3.1643501523e-03,3.1365441726e-03,3.1030173859e-03,3.0624292547e-03,3.0130941121e-03,2.9528969964e-03,2.8792012924e-03,2.7887624611e-03,2.6776812542e-03,2.5414653927e-03,2.3753290173e-03,2.1749462953e-03,1.9379593236e-03,1.6664974978e-03,1.3704973035e-03,1.0703289866e-03,7.9542442624e-04,5.7568100539e-04,4.2788408662e-04,3.4728323704e-04,3.1291399178e-04,3.0184113315e-04,2.9923418275e-04,2.9881636221e-04,2.9880412090e-04,2.9885530819e-04,2.9892706618e-04,2.9901643040e-04,2.9911905660e-04,2.9921698569e-04,2.9925603660e-04,2.9923368070e-04,2.9915599604e-04,2.9903404340e-04,2.9888373308e-04,2.9874662509e-04,2.9879641478e-04,2.9962887321e-04,3.0260946412e-04,3.0969567001e-04,3.2240426585e-04,3.4072870022e-04,3.6303193773e-04,3.8685286297e-04,4.0985519225e-04,4.3038802261e-04,4.4760373563e-04,4.6131097298e-04,4.7174433544e-04,4.7935644124e-04,4.8466988100e-04,4.8818861996e-04,4.9035423661e-04,4.9153095204e-04,4.9200680001e-04,4.9200246918e-04,4.9168277127e-04,4.9116804678e-04,4.9054427549e-04,4.8987148022e-04,4.8919043281e-04,4.8852785733e-04,4.8790038560e-04,4.8731751671e-04,4.8678380244e-04,4.8630044222e-04,4.8586643415e-04,4.8547939569e-04,4.8513614129e-04,4.8483308215e-04,4.8456649751e-04,4.8433271333e-04,4.8412821536e-04,4.8394971599e-04,4.8379418913e-04,4.8365888322e-04,4.8354131998e-04,4.8343928389e-04,4.8335080612e-04,4.8327414558e-04,4.8320776866e-04,4.8315032895e-04,4.8310064761e-04,4.8305769486e-04,4.8302057288e-04,4.8298850011e-04,4.8296079717e-04,4.8293687418e-04,4.8291621946e-04,4.8289838953e-04,4.8288300031e-04,4.8286971937e-04,4.8285825911e-04,4.8284837087e-04,4.8283983968e-04,4.8283247977e-04,4.8282613059e-04,4.8282065332e-04,4.8281592784e-04,4.8281184993e-04,4.8280832922e-04,4.8280528709e-04,4.8280265547e-04,4.8280037540e-04,4.8279839687e-04,4.8279667575e-04,4.8279517623e-04,4.8279386790e-04,4.8279272420e-04,4.8279172437e-04,4.8279070686e-04,4.8278967036e-04,4.8278860899e-04,4.8278751728e-04,4.8278638813e-04,4.8278521287e-04,4.8278397897e-04,4.8278267558e-04,4.8278128098e-04,4.8277977467e-04,4.8277812600e-04,4.8277629387e-04,4.8277422371e-04,4.8277184068e-04,4.8276903638e-04,4.8276564196e-04,4.8276138389e-04,4.8275576809e-04,4.8274779604e-04,4.9443542745e-02,4.9443549634e-02,4.9443499263e-02,4.9443451654e-02,4.9443407898e-02,4.9443368837e-02,4.9443332788e-02,4.9443298274e-02,4.9443265836e-02,4.9443231881e-02,4.9443197087e-02,4.9443161359e-02,4.9443123696e-02,4.9443085178e-02,4.9443045453e-02,4.9443005382e-02,4.9442963411e-02,4.9442920123e-02,4.9442878508e-02,4.9442834359e-02,4.9442791300e-02,4.9442746407e-02,4.9442680473e-02,4.9442575967e-02,4.9442417930e-02,4.9442173904e-02,4.9441801307e-02,4.9441232261e-02,4.9440363031e-02,4.9439035219e-02,4.9437006817e-02,4.9433908035e-02,4.9429173713e-02,4.9421939854e-02,4.9410885029e-02,4.9393986860e-02,4.9368147052e-02,4.9328611688e-02,4.9268069470e-02,4.9175236246e-02,4.9032603821e-02,4.8812792361e-02,4.8472487777e-02,4.7942025676e-02,4.7106763727e-02,4.5772300750e-02,4.3597200316e-02,3.9963303856e-02,3.3764671077e-02,2.3429897860e-02,9.8027245691e-03,2.4061857735e-03,1.0737985781e-03,7.6142718031e-04,6.6717142983e-04,6.3332634389e-04,6.1992532729e-04,6.1435485042e-04,6.1198414011e-04,6.1096219330e-04,6.1051747963e-04,6.1032201893e-04,6.1023499682e-04,6.1019556519e-04,6.1017726762e-04,6.1016851091e-04,6.1016415932e-04,6.1016190249e-04,6.1016067876e-04,6.1015998639e-04,6.1015957973e-04,6.1015933348e-04,6.1015918083e-04,6.1015908457e-04,6.1015902313e-04,6.1015898357e-04,6.1015895796e-04,6.1015894127e-04,6.1015893052e-04,6.1015892334e-04,6.1015891868e-04,6.1015891585e-04,6.1015891276e-04,6.1015890965e-04,6.1015890659e-04,6.1015890337e-04,6.1015890078e-04,6.1015889754e-04,6.1015889438e-04,6.1015889138e-04,6.1015888825e-04,6.1015888538e-04,6.1015888234e-04,6.1015887907e-04,6.1015887575e-04,6.1015887289e-04,6.1015886967e-04,6.1015886645e-04,6.1015886317e-04,6.1015885943e-04,6.1015885622e-04,6.1015885270e-04
1.4006364919e+01,8.6000010443e-08,8.5862485535e-08,8.5725242881e-08,8.5588282869e-08,8.5451604478e-08,8.5315208256e-08,8.5179091960e-08,8.5043256202e-08,8.4907700080e-08,8.4772422987e-08,8.4637423692e-08,8.4502702645e-08,8.4368259104e-08,8.4234091656e-08,8.4100200755e-08,8.3966584969e-08,8.3833244199e-08,8.3700178113e-08,8.3567385147e-08,8.3434866077e-08,8.3302619007e-08,8.3170646817e-08,8.2974919400e-08,8.2684997703e-08,8.2256347736e-08,8.1624332338e-08,8.0696284428e-08,7.9341835782e-08,7.7382943861e-08,7.4587905783e-08,7.0679291350e-08,6.5374943886e-08,5.8491309711e-08,5.0134905759e-08,4.0952476080e-08,3.2254541093e-08,2.5641190533e-08,2.1986150468e-08,2.0688137224e-08,2.0426839920e-08,2.0399788111e-08,2.0398579013e-08,2.0398530379e-08,2.0398557366e-08,2.0398579479e-08,2.0398592668e-08,2.0398597887e-08,2.0398599095e-08,2.0398599244e-08,2.0398599253e-08,2.0398599253e-08,2.0398599165e-08,2.0398588885e-08,2.0398131120e-08,2.0389336988e-08,2.0310634132e-08,1.9951192439e-08,1.9001874463e-08,1.7326620206e-08,1.5100131866e-08,1.4274827152e-08,8.1436183546e-08,1.4225019285e-06,1.3880304385e-05,7.3365972949e-05,2.3633822199e-04,5.2924798777e-04,9.2021877029e-04,1.3454254052e-03,1.7466242306e-03,2.0891200440e-03,2.3614015997e-03,2.5671519209e-03,2.7171369975e-03,2.8237460108e-03,2.8982052021e-03,2.9495844472e-03,2.9847451489e-03,3.0086713935e-03,3.0248905341e-03,3.0358567554e-03,3.0432584097e-03,3.0506815174e-03,3.0581259764e-03,3.0655918198e-03,3.0730790697e-03,3.0805877350e-03,3.0881178042e-03,3.0956692521e-03,3.1032420230e-03,3.1108360378e-03,3.1184511760e-03,3.1260872816e-03,3.1337441426e-03,3.1414214930e-03,3.1491189988e-03,3.1568362379e-03,3.1645726993e-03,3.1723277525e-03,3.1801006504e-03,3.1878904911e-03,3.1956962273e-03,3.1956870910e-03,3.1956810856e-03,3.1956745617e-03,3.1956675571e-03,3.1956601335e-03,3.1956523954e-03,3.1956444658e-03,3.1956364267e-03,3.1956283111e-03,3.1956201384e-03,3.1956119818e-03,3.1956038173e-03,3.1955956962e-03,3.1955875919e-03,3.1955795219e-03,3.1955714762e-03,3.1955634560e-03,3.1955554657e-03,3.1955474917e-03,3.1955395431e-03,3.1955316087e-03,3.1955224229e-03,3.1955117921e-03,3.1954994895e-03,3.1954852393e-03,3.1954687382e-03,3.1954496185e-03,3.1954274644e-03,3.1954017858e-03,3.1953720152e-03,3.1953374963e-03,3.1952974642e-03,3.1952510362e-03,3.1951971929e-03,3.1951347394e-03,3.1950623044e-03,3.1949782937e-03,3.1948808201e-03,3.1947677794e-03,3.1946366373e-03,3.1944844991e-03,3.1943079905e-03,3.1941031934e-03,3.1938655566e-03,3.1935897832e-03,3.1932697191e-03,3.1928982031e-03,3.1924668969e-03,3.1919660919e-03,3.1913844706e-03,3.1907088335e-03,3.1899237706e-03,3.1890112736e-03,3.1879502732e-03,3.1867160858e-03,3.1852797509e-03,3.1836072299e-03,3.1816584403e-03,3.1793860783e-03,3.1767341807e-03,3.1736363592e-03,3.1700136186e-03,3.1657716465e-03,3.1607974283e-03,3.1549549956e-03,3.1480800549e-03,3.1399731679e-03,3.1303910504e-03,3.1190354195e-03,3.1055386489e-03,3.0894452669e-03,3.0701880666e-03,3.0470572755e-03,3.0191609218e-03,2.9853742726e-03,2.9442762874e-03,2.8940717877e-03,2.8325004959e-03,2.7567399356e-03,2.6633217547e-03,2.5481059952e-03,2.4064035360e-03,2.2334120061e-03,2.0252300740e-03,1.7807802954e-03,1.5048044075e-03,1.2112958885e-03,9.2500644597e-04,6.7710156922e-04,4.9330265687e-04,3.8088558378e-04,3.2619794834e-04,3.0576433160e-04,3.0008598649e-04,2.9895331451e-04,2.9881328731e-04,2.9883091101e-04,2.9887253393e-04,2.9892171894e-04,2.9897019677e-04,2.9899805361e-04,2.9897583900e-04,2.9890505186e-04,2.9879303473e-04,2.9865070850e-04,2.9849798944e-04,2.9840906255e-04,2.9868193375e-04,3.0016717428e-04,3.0443060080e-04,3.1319453215e-04,3.2724040529e-04,3.4579229381e-04,3.6689150013e-04,3.8827601817e-04,4.0809852292e-04,4.2522572782e-04,4.3920505957e-04,4.5007819312e-04,4.5817483132e-04,4.6394931493e-04,4.6787401530e-04,4.7038081557e-04,4.7183589810e-04,4.7253454331e-04,4.7270635734e-04,4.7252488576e-04,4.7211819977e-04,4.7157875103e-04,4.7097180013e-04,4.7034226757e-04,4.6972011822e-04,4.6912449338e-04,4.6856682514e-04,4.6805315022e-04,4.6758580796e-04,4.6716467195e-04,4.6678803340e-04,4.6645322652e-04,4.6615706497e-04,4.6589614078e-04,4.6566702414e-04,4.6546639242e-04,4.6529110914e-04,4.6513826801e-04,4.6500521301e-04,4.6488954246e-04,4.6478910256e-04,4.6470197454e-04,4.6462645808e-04,4.6456105300e-04,4.6450444037e-04,4.6445546411e-04,4.6441311332e-04,4.6437650591e-04,4.6434487353e-04,4.6431754787e-04,4.6429394837e-04,4.6427357122e-04,4.6425597963e-04,4.6424079518e-04,4.6422769025e-04,4.6421638136e-04,4.6420662332e-04,4.6419820419e-04,4.6419094079e-04,4.6418467480e-04,4.6417926949e-04,4.6417460661e-04,4.6417058377e-04,4.6416711231e-04,4.6416411520e-04,4.6416152557e-04,4.6415928524e-04,4.6415734428e-04,4.6415565980e-04,4.6415419452e-04,4.6415291835e-04,4.6415180410e-04,4.6415082998e-04,4.6414997823e-04,4.6414911204e-04,4.6414822852e-04,4.6414732517e-04,4.6414639487e-04,4.6414543260e-04,4.6414443123e-04,4.6414338054e-04,4.6414226869e-04,4.6414108048e-04,4.6413979694e-04,4.6413839043e-04,4.6413682967e-04,4.6413506640e-04,4.6413303776e-04,4.6413064901e-04,4.6412776079e-04,4.6412412884e-04,4.6411932023e-04,4.6411240944e-04,4.9385202657e-02,4.9385210179e-02,4.9385161188e-02,4.9385115441e-02,4.9385074376e-02,4.9385038736e-02,4.9385007396e-02,4.9384977030e-02,4.9384949444e-02,4.9384919931e-02,4.9384889867e-02,4.9384859951e-02,4.9384826286e-02,4.9384793169e-02,4.9384758464e-02,4.9384721586e-02,4.9384686018e-02,4.9384647491e-02,4.9384610774e-02,4.9384572285e-02,4.9384531445e-02,4.9384493106e-02,4.9384434150e-02,4.9384341699e-02,4.9384199686e-02,4.9383982569e-02,4.9383650605e-02,4.9383143493e-02,4.9382368871e-02,4.9381185578e-02,4.9379377952e-02,4.9376616463e-02,4.9372397491e-02,4.9365951143e-02,4.9356099981e-02,4.9341042129e-02,4.9318017427e-02,4.9282791526e-02,4.9228853924e-02,4.9146160390e-02,4.9019135679e-02,4.8823443422e-02,4.8520630113e-02,4.8048947247e-02,4.7306974190e-02,4.6123041949e-02,4.4195724553e-02,4.0976283769e-02,3.5457634353e-02,2.6032356717e-02,1.2368917857e-02,3.2962249948e-03,1.4099503054e-03,9.2252117749e-04,7.6584195048e-04,7.0753306689e-04,6.8402893710e-04,6.7417732271e-04,6.6996894514e-04,6.6815181675e-04,6.6736048287e-04,6.6701255883e-04,6.6685763363e-04,6.6678742840e-04,6.6675484965e-04,6.6673925805e-04,6.6673150982e-04,6.6672749138e-04,6.6672531244e-04,6.6672407961e-04,6.6672335552e-04,6.6672291705e-04,6.6672264525e-04,6.6672247385e-04,6.6672236443e-04,6.6672229399e-04,6.6672224842e-04,6.6672221879e-04,6.6672219944e-04,6.6672218669e-04,6.6672217874e-04,6.6672217312e-04,6.6672216770e-04,6.6672216245e-04,6.6672215691e-04,6.6672215148e-04,6.6672214647e-04,6.6672214067e-04,6.6672213515e-04,6.6672212990e-04,6.6672212448e-04,6.6672211921e-04,6.6672211352e-04,6.6672210785e-04,6.6672210235e-04,6.6672209685e-04,6.6672209125e-04,6.6672208517e-04,6.6672207958e-04,6.6672207322e-04,6.6672206731e-04,6.6672206097e-04
1.6219589360e+01,8.6000008162e-08,8.5862485328e-08,8.5725242663e-08,8.5588282781e-08,8.5451604885e-08,8.5315207759e-08,8.5179091981e-08,8.5043256185e-08,8.4907700066e-08,8.4772422576e-08,8.4637423636e-08,8.4502702679e-08,8.4368258762e-08,8.4234091537e-08,8.4100200526e-08,8.3966585148e-08,8.3833244197e-08,8.3700177657e-08,8.3567385202e-08,8.3434866086e-08,8.3302618957e-08,8.3170646606e-08,8.2974919286e-08,8.2684997638e-08,8.2256347605e-08,8.1624332253e-08,8.0696284268e-08,7.9341835692e-08,7.7382943751e-08,7.4587905687e-08,7.0679291242e-08,6.5374943777e-08,5.8491309622e-08,5.0134905673e-08,4.0952475948e-08,3.2254541111e-08,2.5641190317e-08,2.1986150560e-08,2.0688137629e-08,2.0426842822e-08,2.0399834579e-08,2.0398546879e-08,2.0398530005e-08,2.0398557384e-08,2.0398579477e-08,2.0398592670e-08,2.0398597887e-08,2.0398599095e-08,2.0398599245e-08,2.0398599253e-08,2.0398599253e-08,2.0398599165e-08,2.0398588825e-08,2.0398128698e-08,2.0389291987e-08,2.0310221195e-08,1.9949119993e-08,1.8995355859e-08,1.7311875881e-08,1.5072914281e-08,1.4182734018e-08,7.9221746867e-08,1.3795084189e-06,1.3457988090e-05,7.1123075840e-05,2.2904780795e-04,5.1266540507e-04,8.9076254747e-04,1.3013047433e-03,1.6879731809e-03,2.0174818030e-03,2.2790235786e-03,2.4763976111e-03,2.6201275830e-03,2.7222109802e-03,2.7934690160e-03,2.8426196362e-03,2.8762458028e-03,2.8991234212e-03,2.9146296831e-03,2.9251129752e-03,2.9321882512e-03,2.9392836906e-03,2.9463991942e-03,2.9535347916e-03,2.9606905011e-03,2.9678663287e-03,2.9750622657e-03,2.9822782833e-03,2.9895143321e-03,2.9967703342e-03,3.0040461809e-03,3.0113417203e-03,3.0186567608e-03,3.0259910495e-03,3.0333442748e-03,3.0407160463e-03,3.0481058831e-03,3.0555132066e-03,3.0629373168e-03,3.0703773670e-03,3.0778323833e-03,3.0778243540e-03,3.0778193003e-03,3.0778137366e-03,3.0778078762e-03,3.0778016156e-03,3.0777951727e-03,3.0777885332e-03,3.0777818340e-03,3.0777750419e-03,3.0777682482e-03,3.0777614417e-03,3.0777546632e-03,3.0777479051e-03,3.0777411601e-03,3.0777344710e-03,3.0777277867e-03,3.0777211377e-03,3.0777145138e-03,3.0777079014e-03,3.0777013128e-03,3.0776947316e-03,3.0776871212e-03,3.0776783184e-03,3.0776681227e-03,3.0776563173e-03,3.0776426469e-03,3.0776268112e-03,3.0776084598e-03,3.0775871892e-03,3.0775625291e-03,3.0775339363e-03,3.0775007784e-03,3.0774623228e-03,3.0774177224e-03,3.0773659948e-03,3.0773059951e-03,3.0772364029e-03,3.0771556757e-03,3.0770620455e-03,3.0769534190e-03,3.0768274047e-03,3.0766812063e-03,3.0765115771e-03,3.0763147481e-03,3.0760863337e-03,3.0758212378e-03,3.0755135274e-03,3.0751563007e-03,3.0747415160e-03,3.0742598032e-03,3.0737002338e-03,3.0730500485e-03,3.0722943388e-03,3.0714156637e-03,3.0703935911e-03,3.0692041509e-03,3.0678191740e-03,3.0662054919e-03,3.0643239659e-03,3.0621282986e-03,3.0595635757e-03,3.0565644636e-03,3.0530529712e-03,3.0489356545e-03,3.0441001020e-03,3.0384104954e-03,3.0317019670e-03,3.0237733931e-03,3.0143781426e-03,3.0032121511e-03,2.9898984940e-03,2.9739673845e-03,2.9548302125e-03,2.9317459011e-03,2.9037775002e-03,2.8697367022e-03,2.8281141369e-03,2.7769944143e-03,2.7139582092e-03,2.6359814644e-03,2.5393583445e-03,2.4197071187e-03,2.2721766106e-03,2.0920627267e-03,1.8761517755e-03,1.6251241205e-03,1.3469785505e-03,1.0601925377e-03,7.9326691532e-04,5.7678278906e-04,4.2940548067e-04,3.4824068588e-04,3.1333752824e-04,3.0199685691e-04,2.9929369952e-04,2.9883915650e-04,2.9879778803e-04,2.9881038761e-04,2.9882555623e-04,2.9883005106e-04,2.9880358972e-04,2.9873656972e-04,2.9863283347e-04,2.9850002633e-04,2.9834959723e-04,2.9821285488e-04,2.9822450189e-04,2.9885471203e-04,3.0119700896e-04,3.0684293472e-04,3.1705431851e-04,3.3186668746e-04,3.4997444185e-04,3.6937533470e-04,3.8815008752e-04,4.0493195680e-04,4.1901204962e-04,4.3022301034e-04,4.3875098447e-04,4.4496427482e-04,4.4929072466e-04,4.5214403613e-04,4.5388719230e-04,4.5481978582e-04,4.5517879065e-04,4.5514574964e-04,4.5485618087e-04,4.5440896143e-04,4.5387465754e-04,4.5330245332e-04,4.5272568144e-04,4.5216611482e-04,4.5163722869e-04,4.5114664075e-04,4.5069791224e-04,4.5029186180e-04,4.4992751287e-04,4.4960276868e-04,4.4931488670e-04,4.4906080657e-04,4.4883737208e-04,4.4864147704e-04,4.4847015709e-04,4.4832064358e-04,4.4819039117e-04,4.4807708765e-04,4.4797865196e-04,4.4789322479e-04,4.4781915462e-04,4.4775498155e-04,4.4769942006e-04,4.4765134185e-04,4.4760975925e-04,4.4757380965e-04,4.4754274108e-04,4.4751589904e-04,4.4749271469e-04,4.4747269412e-04,4.4745540896e-04,4.4744048798e-04,4.4742760967e-04,4.4741649576e-04,4.4740690555e-04,4.4739863090e-04,4.4739149191e-04,4.4738533312e-04,4.4738002024e-04,4.4737543724e-04,4.4737148380e-04,4.4736807311e-04,4.4736512990e-04,4.4736258891e-04,4.4736039325e-04,4.4735849413e-04,4.4735684845e-04,4.4735542002e-04,4.4735417756e-04,4.4735309573e-04,4.4735215081e-04,4.4735132490e-04,4.4735060287e-04,4.4734986742e-04,4.4734911932e-04,4.4734835177e-04,4.4734756306e-04,4.4734674645e-04,4.4734589673e-04,4.4734500421e-04,4.4734406110e-04,4.4734305268e-04,4.4734196319e-04,4.4734077106e-04,4.4733944625e-04,4.4733795021e-04,4.4733623147e-04,4.4733421037e-04,4.4733176243e-04,4.4732868601e-04,4.4732458647e-04,4.4731862412e-04,4.9357031572e-02,4.9357038729e-02,4.9356991446e-02,4.9356948002e-02,4.9356910156e-02,4.9356877880e-02,4.9356850108e-02,4.9356823839e-02,4.9356800202e-02,4.9356774965e-02,4.9356748461e-02,4.9356723163e-02,4.9356695337e-02,4.9356665560e-02,4.9356635903e-02,4.9356604999e-02,4.9356571523e-02,4.9356538530e-02,4.9356505313e-02,4.9356472344e-02,4.9356436834e-02,4.9356402855e-02,4.9356349837e-02,4.9356267557e-02,4.9356141961e-02,4.9355949415e-02,4.9355654955e-02,4.9355205217e-02,4.9354518238e-02,4.9353468837e-02,4.9351865753e-02,4.9349416752e-02,4.9345675223e-02,4.9339958444e-02,4.9331222338e-02,4.9317869231e-02,4.9297452021e-02,4.9266217223e-02,4.9218395077e-02,4.9145087367e-02,4.9032503312e-02,4.8859111537e-02,4.8590928066e-02,4.8173462407e-02,4.7517378503e-02,4.6471739638e-02,4.4771707198e-02,4.1933290532e-02,3.7050979073e-02,2.8556070101e-02,1.5279097839e-02,4.5145646884e-03,1.9274148447e-03,1.1935370191e-03,9.4370320472e-04,8.4778430308e-04,8.0852647905e-04,7.9195576514e-04,7.8485464901e-04,7.8178407425e-04,7.8044600522e-04,7.7985751842e-04,7.7959543518e-04,7.7947666162e-04,7.7942154243e-04,7.7939516274e-04,7.7938205316e-04,7.7937525411e-04,7.7937156739e-04,7.7936948145e-04,7.7936825629e-04,7.7936751441e-04,7.7936705451e-04,7.7936676449e-04,7.7936657937e-04,7.7936646021e-04,7.7936638305e-04,7.7936633291e-04,7.7936630016e-04,7.7936627887e-04,7.7936626494e-04,7.7936625570e-04,7.7936624653e-04,7.7936623752e-04,7.7936622838e-04,7.7936621932e-04,7.7936620999e-04,7.7936620083e-04,7.7936619173e-04,7.7936618287e-04,7.7936617313e-04,7.7936616408e-04,7.7936615488e-04,7.7936614536e-04,7.7936613593e-04,7.7936612672e-04,7.7936611679e-04,7.7936610704e-04,7.7936609734e-04,7.7936608709e-04,7.7936607644e-04,7.7936606590e-04
1.8106131404e+01,8.6000011633e-08,8.5862485538e-08,8.5725243021e-08,8.5588283069e-08,8.5451604710e-08,8.5315208196e-08,8.5179092170e-08,8.5043256418e-08,8.4907699960e-08,8.4772423022e-08,8.4637424007e-08,8.4502702788e-08,8.4368258901e-08,8.4234091887e-08,8.4100200639e-08,8.3966585307e-08,8.3833244398e-08,8.3700178092e-08,8.3567385256e-08,8.3434866245e-08,8.3302619042e-08,8.3170647141e-08,8.2974919319e-08,8.2684997830e-08,8.2256347820e-08,8.1624332448e-08,8.0696284477e-08,7.9341835904e-08,7.7382943971e-08,7.4587905876e-08,7.0679291456e-08,6.5374943983e-08,5.8491309802e-08,5.0134905870e-08,4.0952476129e-08,3.2254541304e-08,2.5641190713e-08,2.1986150767e-08,2.0688136985e-08,2.0426840319e-08,2.0399796825e-08,2.0398573283e-08,2.0398530332e-08,2.0398557234e-08,2.0398579490e-08,2.0398592667e-08,2.0398597884e-08,2.0398599096e-08,2.0398599244e-08,2.0398599254e-08,2.0398599253e-08,2.0398599164e-08,2.0398588784e-08,2.0398127062e-08,2.0389261533e-08,2.0309941407e-08,1.9947714786e-08,1.8990934449e-08,1.7301874429e-08,1.5054466552e-08,1.4116540834e-08,7.7566112394e-08,1.3472997009e-06,1.3141662538e-05,6.9443728695e-05,2.2359256788e-04,5.0026931446e-04,8.6877266908e-04,1.2684194889e-03,1.6443288580e-03,1.9642539009e-03,2.2178952105e-03,2.4091236380e-03,2.5482738864e-03,2.6470490636e-03,2.7159697637e-03,2.7634944862e-03,2.7960017751e-03,2.8181151106e-03,2.8331019380e-03,2.8432334107e-03,2.8500709461e-03,2.8569277300e-03,2.8638036647e-03,2.8706987757e-03,2.8776130816e-03,2.8845465861e-03,2.8914992809e-03,2.8984711368e-03,2.9054621073e-03,2.9124721163e-03,2.9195010627e-03,2.9265487988e-03,2.9336151436e-03,2.9406998600e-03,2.9478026508e-03,2.9549231434e-03,2.9620608859e-03,2.9692153256e-03,2.9763857985e-03,2.9835715048e-03,2.9907715158e-03,2.9907643204e-03,2.9907598491e-03,2.9907550199e-03,2.9907498819e-03,2.9907444277e-03,2.9907387561e-03,2.9907329785e-03,2.9907271029e-03,2.9907211909e-03,2.9907152734e-03,2.9907093665e-03,2.9907034915e-03,2.9906976110e-03,2.9906917851e-03,2.9906859699e-03,2.9906801921e-03,2.9906744253e-03,2.9906686905e-03,2.9906629716e-03,2.9906572696e-03,2.9906515716e-03,2.9906449854e-03,2.9906373632e-03,2.9906285427e-03,2.9906183285e-03,2.9906065014e-03,2.9905928017e-03,2.9905769263e-03,2.9905585275e-03,2.9905371942e-03,2.9905124604e-03,2.9904837743e-03,2.9904505073e-03,2.9904119265e-03,2.9903671767e-03,2.9903152742e-03,2.9902550718e-03,2.9901852382e-03,2.9901042383e-03,2.9900102724e-03,2.9899012603e-03,2.9897747900e-03,2.9896280520e-03,2.9894577838e-03,2.9892601946e-03,2.9890308741e-03,2.9887646918e-03,2.9884556784e-03,2.9880968776e-03,2.9876801863e-03,2.9871961519e-03,2.9866337404e-03,2.9859800594e-03,2.9852200258e-03,2.9843359727e-03,2.9833071739e-03,2.9821092749e-03,2.9807136000e-03,2.9790863155e-03,2.9771874021e-03,2.9749693964e-03,2.9723758343e-03,2.9693393193e-03,2.9657791069e-03,2.9615980709e-03,2.9566788666e-03,2.9508790546e-03,2.9440248672e-03,2.9359031983e-03,2.9262512652e-03,2.9147432113e-03,2.9009726830e-03,2.8844301574e-03,2.8644733952e-03,2.8402890715e-03,2.8108432464e-03,2.7748182180e-03,2.7305337888e-03,2.6758529358e-03,2.6080770718e-03,2.5238478061e-03,2.4190963721e-03,2.2891280625e-03,2.1290080526e-03,1.9345264850e-03,1.7041094004e-03,1.4419005846e-03,1.1614131909e-03,8.8725359660e-04,6.5063584824e-04,4.7693529954e-04,3.7245927182e-04,3.2278275384e-04,3.0472521537e-04,2.9985376814e-04,2.9890288648e-04,2.9877333249e-04,2.9876208205e-04,2.9875633139e-04,2.9873511732e-04,2.9867820569e-04,2.9858753334e-04,2.9846793650e-04,2.9832707252e-04,2.9817831860e-04,2.9807010532e-04,2.9820633757e-04,2.9920822459e-04,3.0230385516e-04,3.0896746835e-04,3.2002324721e-04,3.3501915041e-04,3.5242462951e-04,3.7034175097e-04,3.8714928368e-04,4.0180634272e-04,4.1385733299e-04,4.2328679161e-04,4.3034465480e-04,4.3540260635e-04,4.3885786779e-04,4.4107892578e-04,4.4238102969e-04,4.4301993779e-04,4.4319539599e-04,4.4305888403e-04,4.4272249157e-04,4.4226732538e-04,4.4175076885e-04,4.4121241810e-04,4.4067876608e-04,4.4016680716e-04,4.3968675961e-04,4.3924409154e-04,4.3884100935e-04,4.3847753891e-04,4.3815230154e-04,4.3786306423e-04,4.3760712403e-04,4.3738157176e-04,4.3718346870e-04,4.3700996100e-04,4.3685835013e-04,4.3672613246e-04,4.3661101784e-04,4.3651093388e-04,4.3642402107e-04,4.3634862201e-04,4.3628326748e-04,4.3622666080e-04,4.3617766166e-04,4.3613527033e-04,4.3609861249e-04,4.3606692513e-04,4.3603954350e-04,4.3601588938e-04,4.3599546041e-04,4.3597782062e-04,4.3596259199e-04,4.3594944702e-04,4.3593810215e-04,4.3592831203e-04,4.3591986443e-04,4.3591257588e-04,4.3590628783e-04,4.3590086327e-04,4.3589618387e-04,4.3589214740e-04,4.3588866546e-04,4.3588566159e-04,4.3588306948e-04,4.3588083161e-04,4.3587889788e-04,4.3587722493e-04,4.3587577596e-04,4.3587451795e-04,4.3587342398e-04,4.3587247067e-04,4.3587163828e-04,4.3587091058e-04,4.3587027395e-04,4.3586962801e-04,4.3586896747e-04,4.3586829119e-04,4.3586759665e-04,4.3586687710e-04,4.3586612775e-04,4.3586534153e-04,4.3586451114e-04,4.3586362267e-04,4.3586266169e-04,4.3586161052e-04,4.3586044373e-04,4.3585912985e-04,4.3585761703e-04,4.3585584044e-04,4.3585369019e-04,4.3585098269e-04,4.3584737075e-04,4.3584205907e-04,4.9353830013e-02,4.9353837048e-02,4.9353791368e-02,4.9353750002e-02,4.9353714346e-02,4.9353684216e-02,4.9353658217e-02,4.9353636195e-02,4.9353614684e-02,4.9353592702e-02,4.9353571089e-02,4.9353548016e-02,4.9353521975e-02,4.9353496177e-02,4.9353468075e-02,4.9353440825e-02,4.9353410245e-02,4.9353381506e-02,4.9353349219e-02,4.9353319221e-02,4.9353288220e-02,4.9353259188e-02,4.9353207383e-02,4.9353134287e-02,4.9353020168e-02,4.9352844594e-02,4.9352576400e-02,4.9352166902e-02,4.9351541392e-02,4.9350585887e-02,4.9349126243e-02,4.9346896381e-02,4.9343489663e-02,4.9338284490e-02,4.9330330290e-02,4.9318172538e-02,4.9299583556e-02,4.9271146800e-02,4.9227611327e-02,4.9160881086e-02,4.9058413192e-02,4.8900635250e-02,4.8656679143e-02,4.8277102580e-02,4.7680953622e-02,4.6731654301e-02,4.5189755688e-02,4.2616864083e-02,3.8183847406e-02,3.0387977775e-02,1.7642565417e-02,5.6870824037e-03,2.4785616800e-03,1.5045697783e-03,1.1595803420e-03,1.0243463521e-03,9.6844079791e-04,9.4473362018e-04,9.3455270797e-04,9.3014607179e-04,9.2822488548e-04,9.2737974642e-04,9.2700331770e-04,9.2683271265e-04,9.2675353696e-04,9.2671564303e-04,9.2669681105e-04,9.2668704403e-04,9.2668174792e-04,9.2667875136e-04,9.2667699134e-04,9.2667592557e-04,9.2667526490e-04,9.2667484826e-04,9.2667458232e-04,9.2667441112e-04,9.2667430030e-04,9.2667422829e-04,9.2667418120e-04,9.2667415070e-04,9.2667413050e-04,9.2667411749e-04,9.2667410431e-04,9.2667409106e-04,9.2667407807e-04,9.2667406493e-04,9.2667405182e-04,9.2667403865e-04,9.2667402540e-04,9.2667401209e-04,9.2667399928e-04,9.2667398565e-04,9.2667397238e-04,9.2667395906e-04,9.2667394515e-04,9.2667393205e-04,9.2667391777e-04,9.2667390397e-04,9.2667388952e-04,9.2667387515e-04,9.2667386012e-04,9.2667384468e-04
2.0967182988e+01,8.6000011051e-08,8.5862485492e-08,8.5725243029e-08,8.5588282814e-08,8.5451604867e-08,8.5315208070e-08,8.5179092124e-08,8.5043256290e-08,8.4907700231e-08,8.4772422593e-08,8.4637424115e-08,8.4502702797e-08,8.4368259012e-08,8.4234091759e-08,8.4100200698e-08,8.3966585193e-08,8.3833244132e-08,8.3700178303e-08,8.3567385222e-08,8.3434866073e-08,8.3302619083e-08,8.3170647015e-08,8.2974919212e-08,8.2684997795e-08,8.2256347833e-08,8.1624332378e-08,8.0696284455e-08,7.9341835857e-08,7.7382943919e-08,7.4587905849e-08,7.0679291405e-08,6.5374943949e-08,5.8491309779e-08,5.0134905873e-08,4.0952476097e-08,3.2254541080e-08,2.5641190634e-08,2.1986150920e-08,2.0688137698e-08,2.0426845691e-08,2.0399873789e-08,2.0398520170e-08,2.0398529288e-08,2.0398557412e-08,2.0398579426e-08,2.0398592682e-08,2.0398597882e-08,2.0398599096e-08,2.0398599245e-08,2.0398599253e-08,2.0398599253e-08,2.0398599164e-08,2.0398588737e-08,2.0398125130e-08,2.0389225478e-08,2.0309609613e-08,1.9946046880e-08,1.8985684454e-08,1.7289997091e-08,1.5032444917e-08,1.4032688718e-08,7.5375110643e-08,1.3045896447e-06,1.2722269816e-05,6.7218032004e-05,2.1636695951e-04,4.8386636749e-04,8.3971360107e-04,1.2250298418e-03,1.5868349133e-03,1.8942382409e-03,2.1375879615e-03,2.3208309730e-03,2.4540423294e-03,2.5485339260e-03,2.6144314961e-03,2.6598549066e-03,2.6909169450e-03,2.7120434283e-03,2.7263597265e-03,2.7360371209e-03,2.7425678509e-03,2.7491166767e-03,2.7556835034e-03,2.7622683547e-03,2.7688712454e-03,2.7754921785e-03,2.7821311459e-03,2.7887881186e-03,2.7954630522e-03,2.8021558752e-03,2.8088664927e-03,2.8155947682e-03,2.8223405301e-03,2.8291035595e-03,2.8358835804e-03,2.8426802403e-03,2.8494931230e-03,2.8563217138e-03,2.8631653877e-03,2.8700234039e-03,2.8768948925e-03,2.8768887131e-03,2.8768849081e-03,2.8768809462e-03,2.8768765660e-03,2.8768720355e-03,2.8768673509e-03,2.8768625550e-03,2.8768576949e-03,2.8768527808e-03,2.8768479147e-03,2.8768430284e-03,2.8768381793e-03,2.8768333561e-03,2.8768285619e-03,2.8768237780e-03,2.8768190199e-03,2.8768142918e-03,2.8768095819e-03,2.8768048826e-03,2.8768001931e-03,2.8767955173e-03,2.8767901122e-03,2.8767838603e-03,2.8767766175e-03,2.8767682367e-03,2.8767585320e-03,2.8767472908e-03,2.8767342629e-03,2.8767191669e-03,2.8767016652e-03,2.8766813684e-03,2.8766578345e-03,2.8766305377e-03,2.8765988825e-03,2.8765621668e-03,2.8765195806e-03,2.8764701933e-03,2.8764128839e-03,2.8763464280e-03,2.8762693295e-03,2.8761798884e-03,2.8760761239e-03,2.8759557285e-03,2.8758160295e-03,2.8756539133e-03,2.8754657652e-03,2.8752473746e-03,2.8749938449e-03,2.8746994696e-03,2.8743576027e-03,2.8739604893e-03,2.8734990808e-03,2.8729628016e-03,2.8723392828e-03,2.8716140353e-03,2.8707700640e-03,2.8697873983e-03,2.8686425285e-03,2.8673077166e-03,2.8657501581e-03,2.8639309500e-03,2.8618038173e-03,2.8593135312e-03,2.8563939319e-03,2.8529654443e-03,2.8489319357e-03,2.8441767194e-03,2.8385574427e-03,2.8318995118e-03,2.8239875917e-03,2.8145545692e-03,2.8032671660e-03,2.7897071325e-03,2.7733466261e-03,2.7535159944e-03,2.7293617610e-03,2.6997922396e-03,2.6634081454e-03,2.6184163576e-03,2.5625276669e-03,2.4928463685e-03,2.4057751134e-03,2.2969903013e-03,2.1616029502e-03,1.9947182384e-03,1.7927312178e-03,1.5557428006e-03,1.2911256124e-03,1.0169492509e-03,7.6166629692e-04,5.5581597984e-04,4.1744848365e-04,3.4270580404e-04,3.1135134163e-04,3.0144777642e-04,2.9914941139e-04,2.9875897368e-04,2.9869989420e-04,2.9867127593e-04,2.9862538286e-04,2.9854082919e-04,2.9843052907e-04,2.9829998510e-04,2.9815722082e-04,2.9802257198e-04,2.9798502390e-04,2.9837468451e-04,3.0001427404e-04,3.0419744472e-04,3.1207462829e-04,3.2385951028e-04,3.3861272429e-04,3.5471055694e-04,3.7050936563e-04,3.8478673454e-04,3.9687049201e-04,4.0656139267e-04,4.1397944721e-04,4.1941621509e-04,4.2322581944e-04,4.2575772115e-04,4.2732218720e-04,4.2817729520e-04,4.2852830829e-04,4.2853313375e-04,4.2831004661e-04,4.2794560140e-04,4.2750174953e-04,4.2702180630e-04,4.2653523840e-04,4.2606139216e-04,4.2561233477e-04,4.2519498385e-04,4.2481268196e-04,4.2446634680e-04,4.2415530173e-04,4.2387786846e-04,4.2363178432e-04,4.2341449129e-04,4.2322333217e-04,4.2305568006e-04,4.2290902030e-04,4.2278099909e-04,4.2266944895e-04,4.2257239846e-04,4.2248807156e-04,4.2241488017e-04,4.2235141285e-04,4.2229642128e-04,4.2224880578e-04,4.2220760082e-04,4.2217196099e-04,4.2214114773e-04,4.2211451708e-04,4.2209150848e-04,4.2207163462e-04,4.2205447238e-04,4.2203965470e-04,4.2202686347e-04,4.2201582318e-04,4.2200629534e-04,4.2199807366e-04,4.2199097974e-04,4.2198485938e-04,4.2197957932e-04,4.2197502448e-04,4.2197109541e-04,4.2196770627e-04,4.2196478276e-04,4.2196226067e-04,4.2196008430e-04,4.2195820534e-04,4.2195658229e-04,4.2195517764e-04,4.2195396058e-04,4.2195290453e-04,4.2195198606e-04,4.2195118475e-04,4.2195048659e-04,4.2194987488e-04,4.2194934077e-04,4.2194879828e-04,4.2194824281e-04,4.2194767599e-04,4.2194709116e-04,4.2194648723e-04,4.2194585737e-04,4.2194519645e-04,4.2194449835e-04,4.2194375110e-04,4.2194294508e-04,4.2194206110e-04,4.2194108407e-04,4.2193997885e-04,4.2193871172e-04,4.2193722428e-04,4.2193542453e-04,4.2193315911e-04,4.2193012052e-04,4.2192559868e-04,4.9371053043e-02,4.9371059733e-02,4.9371016695e-02,4.9370977976e-02,4.9370945001e-02,4.9370918581e-02,4.9370897556e-02,4.9370877744e-02,4.9370860271e-02,4.9370842200e-02,4.9370822941e-02,4.9370804308e-02,4.9370782221e-02,4.9370759135e-02,4.9370735122e-02,4.9370709255e-02,4.9370685091e-02,4.9370658464e-02,4.9370633599e-02,4.9370605526e-02,4.9370577245e-02,4.9370551581e-02,4.9370509172e-02,4.9370441900e-02,4.9370342470e-02,4.9370188504e-02,4.9369953326e-02,4.9369594150e-02,4.9369045530e-02,4.9368207489e-02,4.9366927286e-02,4.9364971558e-02,4.9361983675e-02,4.9357418488e-02,4.9350442371e-02,4.9339779822e-02,4.9323477522e-02,4.9298540116e-02,4.9260364946e-02,4.9201857713e-02,4.9112032587e-02,4.8973758484e-02,4.8760043746e-02,4.8427712913e-02,4.7906196426e-02,4.7076662973e-02,4.5731075989e-02,4.3488085545e-02,3.9618827156e-02,3.2741918808e-02,2.0949159604e-02,7.6482511063e-03,3.5036281435e-03,2.1289644588e-03,1.6174396989e-03,1.4118276893e-03,1.3258001975e-03,1.2891133997e-03,1.2733164280e-03,1.2664701232e-03,1.2634833510e-03,1.2621690018e-03,1.2615834720e-03,1.2613180680e-03,1.2611948884e-03,1.2611359310e-03,1.2611066301e-03,1.2610914331e-03,1.2610831924e-03,1.2610785297e-03,1.2610757911e-03,1.2610741327e-03,1.2610731046e-03,1.2610724563e-03,1.2610720425e-03,1.2610717761e-03,1.2610716036e-03,1.2610714915e-03,1.2610714185e-03,1.2610713706e-03,1.2610713395e-03,1.2610713190e-03,1.2610712986e-03,1.2610712782e-03,1.2610712578e-03,1.2610712373e-03,1.2610712168e-03,1.2610711965e-03,1.2610711761e-03,1.2610711554e-03,1.2610711346e-03,1.2610711144e-03,1.2610710932e-03,1.2610710726e-03,1.2610710513e-03,1.2610710302e-03,1.2610710085e-03,1.2610709871e-03,1.2610709646e-03,1.2610709421e-03,1.2610709186e-03,1.2610708946e-03
2.3405929826e+01,8.6000010518e-08,8.5862484999e-08,8.5725243105e-08,8.5588282524e-08,8.5451604854e-08,8.5315208002e-08,8.5179091859e-08,8.5043256398e-08,8.4907699945e-08,8.4772422590e-08,8.4637423474e-08,8.4502702661e-08,8.4368258996e-08,8.4234091531e-08,8.4100200809e-08,8.3966584823e-08,8.3833244214e-08,8.3700178021e-08,8.3567385213e-08,8.3434865850e-08,8.3302618784e-08,8.3170647063e-08,8.2974919156e-08,8.2684997607e-08,8.2256347603e-08,8.1624332324e-08,8.0696284308e-08,7.9341835709e-08,7.7382943779e-08,7.4587905706e-08,7.0679291270e-08,6.5374943806e-08,5.8491309627e-08,5.0134905734e-08,4.0952475972e-08,3.2254541037e-08,2.5641190378e-08,2.1986150904e-08,2.0688137657e-08,2.0426844704e-08,2.0399863632e-08,2.0398526658e-08,2.0398529836e-08,2.0398557400e-08,2.0398579462e-08,2.0398592672e-08,2.0398597887e-08,2.0398599095e-08,2.0398599245e-08,2.0398599253e-08,2.0398599253e-08,2.0398599163e-08,2.0398588705e-08,2.0398123865e-08,2.0389201747e-08,2.0309390808e-08,1.9944945807e-08,1.8982217049e-08,1.7282152376e-08,1.5017876072e-08,1.3973089855e-08,7.3751307423e-08,1.2728752419e-06,1.2410895618e-05,6.5566165906e-05,2.1100743015e-04,4.7171123535e-04,8.1820796781e-04,1.1929673813e-03,1.5444160296e-03,1.8426545826e-03,2.0784936648e-03,2.2559232020e-03,2.3848192479e-03,2.4762027939e-03,2.5399091592e-03,2.5838106445e-03,2.6138264665e-03,2.6342388231e-03,2.6480700171e-03,2.6574189564e-03,2.6637277839e-03,2.6700538951e-03,2.6763971952e-03,2.6827577075e-03,2.6891354427e-03,2.6955304068e-03,2.7019425871e-03,2.7083719595e-03,2.7148184788e-03,2.7212820784e-03,2.7277626647e-03,2.7342601114e-03,2.7407742555e-03,2.7473048860e-03,2.7538517405e-03,2.7604144930e-03,2.7669927400e-03,2.7735859929e-03,2.7801936640e-03,2.7868150510e-03,2.7934493123e-03,2.7934437272e-03,2.7934404330e-03,2.7934369463e-03,2.7934332564e-03,2.7934292343e-03,2.7934251828e-03,2.7934210255e-03,2.7934168697e-03,2.7934126095e-03,2.7934084170e-03,2.7934042051e-03,2.7934000159e-03,2.7933958566e-03,2.7933917177e-03,2.7933876196e-03,2.7933835140e-03,2.7933794434e-03,2.7933753890e-03,2.7933713552e-03,2.7933673230e-03,2.7933633093e-03,2.7933586504e-03,2.7933532778e-03,2.7933470548e-03,2.7933398526e-03,2.7933315126e-03,2.7933218507e-03,2.7933106559e-03,2.7932976810e-03,2.7932826400e-03,2.7932652007e-03,2.7932449727e-03,2.7932215155e-03,2.7931943129e-03,2.7931627588e-03,2.7931261607e-03,2.7930837107e-03,2.7930344824e-03,2.7929773530e-03,2.7929111041e-03,2.7928342422e-03,2.7927450666e-03,2.7926416044e-03,2.7925215511e-03,2.7923822360e-03,2.7922205495e-03,2.7920328751e-03,2.7918150048e-03,2.7915620357e-03,2.7912682573e-03,2.7909270062e-03,2.7905305087e-03,2.7900696782e-03,2.7895338885e-03,2.7889106928e-03,2.7881854914e-03,2.7873411299e-03,2.7863574152e-03,2.7852105238e-03,2.7838722829e-03,2.7823092845e-03,2.7804817938e-03,2.7783423906e-03,2.7758342750e-03,2.7728891339e-03,2.7694244459e-03,2.7653400503e-03,2.7605137574e-03,2.7547956985e-03,2.7480010165e-03,2.7399003621e-03,2.7302074850e-03,2.7185629782e-03,2.7045129262e-03,2.6874808480e-03,2.6667308754e-03,2.6413196702e-03,2.6100342660e-03,2.5713132291e-03,2.5231499771e-03,2.4629815753e-03,2.3875770159e-03,2.2929621966e-03,2.1744647922e-03,2.0270444770e-03,1.8461970978e-03,1.6298361435e-03,1.3814466255e-03,1.1139649390e-03,8.5176610059e-04,6.2608557332e-04,4.6198739481e-04,3.6489995522e-04,3.1976214306e-04,3.0378788239e-04,2.9959658145e-04,2.9878874723e-04,2.9865939827e-04,2.9861435399e-04,2.9855644747e-04,2.9845997173e-04,2.9834281880e-04,2.9821070367e-04,2.9807281124e-04,2.9796035621e-04,2.9801021628e-04,2.9866776699e-04,3.0087917874e-04,3.0588115355e-04,3.1449172190e-04,3.2650771776e-04,3.4076347877e-04,3.5568856060e-04,3.6987488732e-04,3.8237600555e-04,3.9274268897e-04,4.0091418304e-04,4.0707232236e-04,4.1151643505e-04,4.1457715728e-04,4.1656643642e-04,4.1775394095e-04,4.1836000887e-04,4.1855762677e-04,4.1847852771e-04,4.1822053914e-04,4.1785468786e-04,4.1743140428e-04,4.1698563077e-04,4.1654087153e-04,4.1611231936e-04,4.1570922330e-04,4.1533665398e-04,4.1499680308e-04,4.1468992854e-04,4.1441503444e-04,4.1417035380e-04,4.1395368674e-04,4.1376263322e-04,4.1359474953e-04,4.1344765035e-04,4.1331907211e-04,4.1320690929e-04,4.1310923214e-04,4.1302429177e-04,4.1295051706e-04,4.1288650639e-04,4.1283101627e-04,4.1278294856e-04,4.1274133707e-04,4.1270533436e-04,4.1267419903e-04,4.1264728384e-04,4.1262402482e-04,4.1260393125e-04,4.1258657673e-04,4.1257159118e-04,4.1255865365e-04,4.1254748604e-04,4.1253784756e-04,4.1252952983e-04,4.1252235262e-04,4.1251616007e-04,4.1251081752e-04,4.1250620859e-04,4.1250223277e-04,4.1249880323e-04,4.1249584500e-04,4.1249329323e-04,4.1249109189e-04,4.1248919231e-04,4.1248755233e-04,4.1248613544e-04,4.1248490930e-04,4.1248384746e-04,4.1248292588e-04,4.1248212380e-04,4.1248142445e-04,4.1248081475e-04,4.1248028088e-04,4.1247981455e-04,4.1247933981e-04,4.1247885574e-04,4.1247836010e-04,4.1247785027e-04,4.1247732208e-04,4.1247677314e-04,4.1247619495e-04,4.1247558472e-04,4.1247493175e-04,4.1247422653e-04,4.1247345629e-04,4.1247259881e-04,4.1247163472e-04,4.1247052824e-04,4.1246923020e-04,4.1246765866e-04,4.1246568189e-04,4.1246301402e-04,4.1245901743e-04,4.9398227350e-02,4.9398232567e-02,4.9398192086e-02,4.9398155811e-02,4.9398125538e-02,4.9398100666e-02,4.9398082780e-02,4.9398065178e-02,4.9398050929e-02,4.9398034131e-02,4.9398017948e-02,4.9398000660e-02,4.9397981607e-02,4.9397961595e-02,4.9397940865e-02,4.9397917986e-02,4.9397895693e-02,4.9397873401e-02,4.9397848529e-02,4.9397823202e-02,4.9397801072e-02,4.9397774482e-02,4.9397736375e-02,4.9397676852e-02,4.9397586669e-02,4.9397448061e-02,4.9397236176e-02,4.9396912539e-02,4.9396418179e-02,4.9395663013e-02,4.9394509412e-02,4.9392747096e-02,4.9390054711e-02,4.9385941043e-02,4.9379654959e-02,4.9370047228e-02,4.9355358009e-02,4.9332888899e-02,4.9298494132e-02,4.9245785012e-02,4.9164871555e-02,4.9040338791e-02,4.8847915497e-02,4.8548814474e-02,4.8079717210e-02,4.7334156248e-02,4.6125970488e-02,4.4113816680e-02,4.0641542172e-02,3.4433523697e-02,2.3476476897e-02,9.4444992841e-03,4.5481587081e-03,2.8137772776e-03,2.1452828659e-03,1.8718152179e-03,1.7564246074e-03,1.7070142799e-03,1.6856955477e-03,1.6764464909e-03,1.6724092154e-03,1.6706320170e-03,1.6698401419e-03,1.6694811646e-03,1.6693145425e-03,1.6692347879e-03,1.6691951494e-03,1.6691745901e-03,1.6691634413e-03,1.6691571330e-03,1.6691534278e-03,1.6691511840e-03,1.6691497931e-03,1.6691489159e-03,1.6691483560e-03,1.6691479956e-03,1.6691477622e-03,1.6691476105e-03,1.6691475117e-03,1.6691474470e-03,1.6691474049e-03,1.6691473774e-03,1.6691473496e-03,1.6691473218e-03,1.6691472943e-03,1.6691472669e-03,1.6691472391e-03,1.6691472112e-03,1.6691471836e-03,1.6691471562e-03,1.6691471279e-03,1.6691470999e-03,1.6691470720e-03,1.6691470438e-03,1.6691470154e-03,1.6691469863e-03,1.6691469574e-03,1.6691469281e-03,1.6691468980e-03,1.6691468677e-03,1.6691468362e-03,1.6691468030e-03
2.6128333564e+01,8.6000010145e-08,8.5862485297e-08,8.5725242771e-08,8.5588282890e-08,8.5451604646e-08,8.5315208104e-08,8.5179091831e-08,8.5043256117e-08,8.4907699723e-08,8.4772422836e-08,8.4637423824e-08,8.4502702372e-08,8.4368259046e-08,8.4234091699e-08,8.4100200663e-08,8.3966584690e-08,8.3833244287e-08,8.3700177824e-08,8.3567385116e-08,8.3434865869e-08,8.3302619079e-08,8.3170646717e-08,8.2974919273e-08,8.2684997658e-08,8.2256347578e-08,8.1624332249e-08,8.0696284333e-08,7.9341835692e-08,7.7382943767e-08,7.4587905700e-08,7.0679291252e-08,6.5374943794e-08,5.8491309616e-08,5.0134905693e-08,4.0952475958e-08,3.2254540994e-08,2.5641190378e-08,2.1986150823e-08,2.0688137409e-08,2.0426841734e-08,2.0399817764e-08,2.0398558860e-08,2.0398529983e-08,2.0398557283e-08,2.0398579511e-08,2.0398592669e-08,2.0398597884e-08,2.0398599096e-08,2.0398599244e-08,2.0398599253e-08,2.0398599253e-08,2.0398599163e-08,2.0398588678e-08,2.0398122741e-08,2.0389180642e-08,2.0309195866e-08,1.9943963759e-08,1.8979123318e-08,1.7275152306e-08,1.5004802096e-08,1.3916366440e-08,7.2150396046e-08,1.2415609872e-06,1.2103485399e-05,6.3935784227e-05,2.0572016325e-04,4.5972949285e-04,7.9703219092e-04,1.1614366393e-03,1.5027543071e-03,1.7920514700e-03,2.0205805035e-03,2.1923630917e-03,2.3170739826e-03,2.4054467526e-03,2.4670322975e-03,2.5094616304e-03,2.5384658778e-03,2.5581879526e-03,2.5715503320e-03,2.5805818875e-03,2.5866763128e-03,2.5927872515e-03,2.5989146111e-03,2.6050584121e-03,2.6112186670e-03,2.6173953758e-03,2.6235885303e-03,2.6297981042e-03,2.6360240576e-03,2.6422663229e-03,2.6485248145e-03,2.6547994109e-03,2.6610899567e-03,2.6673962493e-03,2.6737180443e-03,2.6800550275e-03,2.6864068198e-03,2.6927729574e-03,2.6991528784e-03,2.7055459164e-03,2.7119512736e-03,2.7119462229e-03,2.7119435072e-03,2.7119404410e-03,2.7119371772e-03,2.7119337920e-03,2.7119301929e-03,2.7119266640e-03,2.7119230349e-03,2.7119193841e-03,2.7119157588e-03,2.7119121408e-03,2.7119085468e-03,2.7119049645e-03,2.7119014233e-03,2.7118978845e-03,2.7118943785e-03,2.7118908687e-03,2.7118873914e-03,2.7118839426e-03,2.7118804802e-03,2.7118770368e-03,2.7118730455e-03,2.7118684301e-03,2.7118630988e-03,2.7118569229e-03,2.7118497728e-03,2.7118414886e-03,2.7118318919e-03,2.7118207682e-03,2.7118078720e-03,2.7117929195e-03,2.7117755799e-03,2.7117554714e-03,2.7117321468e-03,2.7117050966e-03,2.7116737204e-03,2.7116373394e-03,2.7115951012e-03,2.7115461497e-03,2.7114893497e-03,2.7114234544e-03,2.7113470044e-03,2.7112583048e-03,2.7111553823e-03,2.7110359482e-03,2.7108973346e-03,2.7107364424e-03,2.7105496646e-03,2.7103327991e-03,2.7100809491e-03,2.7097884062e-03,2.7094485035e-03,2.7090534561e-03,2.7085941556e-03,2.7080599347e-03,2.7074382820e-03,2.7067144982e-03,2.7058712790e-03,2.7048882135e-03,2.7037411638e-03,2.7024015103e-03,2.7008352158e-03,2.6990016636e-03,2.6968522070e-03,2.6943283444e-03,2.6913594117e-03,2.6878596460e-03,2.6837244266e-03,2.6788254344e-03,2.6730043856e-03,2.6660648762e-03,2.6577617199e-03,2.6477869515e-03,2.6357513999e-03,2.6211603799e-03,2.6033816361e-03,2.5816031744e-03,2.5547781833e-03,2.5215540343e-03,2.4801829956e-03,2.4284148752e-03,2.3633788655e-03,2.2814781434e-03,2.1783549732e-03,2.0490494420e-03,1.8885846284e-03,1.6933509590e-03,1.4637092667e-03,1.2077969564e-03,9.4494975089e-04,7.0458307016e-04,5.1631168791e-04,3.9478535811e-04,3.3241088827e-04,3.0777017595e-04,3.0048633062e-04,2.9890103888e-04,2.9863168734e-04,2.9856433259e-04,2.9849868664e-04,2.9839678042e-04,2.9827849677e-04,2.9814969117e-04,2.9802229960e-04,2.9794589991e-04,2.9812237162e-04,2.9911937853e-04,3.0195792807e-04,3.0772612839e-04,3.1687608424e-04,3.2886164347e-04,3.4240526588e-04,3.5606317017e-04,3.6867266289e-04,3.7953119150e-04,3.8836782336e-04,3.9522166806e-04,4.0031045548e-04,4.0392753032e-04,4.0637520277e-04,4.0792851293e-04,4.0881989872e-04,4.0923633747e-04,4.0932293290e-04,4.0918916782e-04,4.0891570018e-04,4.0856065148e-04,4.0816496584e-04,4.0775675570e-04,4.0735471113e-04,4.0697071251e-04,4.0661179732e-04,4.0628161980e-04,4.0598152094e-04,4.0571130380e-04,4.0546978885e-04,4.0525520669e-04,4.0506547160e-04,4.0489836852e-04,4.0475167772e-04,4.0462325487e-04,4.0451107986e-04,4.0441328355e-04,4.0432815969e-04,4.0425416677e-04,4.0418992334e-04,4.0413419936e-04,4.0408590535e-04,4.0404408042e-04,4.0400788003e-04,4.0397656412e-04,4.0394948570e-04,4.0392608032e-04,4.0390585638e-04,4.0388838636e-04,4.0387329891e-04,4.0386027179e-04,4.0384902567e-04,4.0383931854e-04,4.0383094090e-04,4.0382371151e-04,4.0381747358e-04,4.0381209160e-04,4.0380744846e-04,4.0380344298e-04,4.0379998777e-04,4.0379700735e-04,4.0379443656e-04,4.0379221904e-04,4.0379030605e-04,4.0378865531e-04,4.0378723021e-04,4.0378599839e-04,4.0378493347e-04,4.0378401019e-04,4.0378320888e-04,4.0378251207e-04,4.0378190548e-04,4.0378137503e-04,4.0378091056e-04,4.0378050506e-04,4.0378009299e-04,4.0377967230e-04,4.0377924100e-04,4.0377879767e-04,4.0377833840e-04,4.0377786066e-04,4.0377735857e-04,4.0377682633e-04,4.0377625927e-04,4.0377564611e-04,4.0377497436e-04,4.0377422979e-04,4.0377339147e-04,4.0377243057e-04,4.0377130231e-04,4.0376993924e-04,4.0376822348e-04,4.0376590560e-04,4.0376240601e-04,4.9435594080e-02,4.9435599232e-02,4.9435561667e-02,4.9435528454e-02,4.9435500937e-02,4.9435479838e-02,4.9435462879e-02,4.9435448635e-02,4.9435433430e-02,4.9435421968e-02,4.9435406467e-02,4.9435391301e-02,4.9435374161e-02,4.9435354561e-02,4.9435337075e-02,4.9435316019e-02,4.9435295259e-02,4.9435275221e-02,4.9435252144e-02,4.9435231449e-02,4.9435210475e-02,4.9435186839e-02,4.9435154182e-02,4.9435101444e-02,4.9435020366e-02,4.9434895731e-02,4.9434705862e-02,4.9434415828e-02,4.9433972880e-02,4.9433296247e-02,4.9432262621e-02,4.9430683590e-02,4.9428271228e-02,4.9424585426e-02,4.9418953215e-02,4.9410344992e-02,4.9397184199e-02,4.9377053674e-02,4.9346240240e-02,4.9299022975e-02,4.9226548282e-02,4.9115022625e-02,4.8942741545e-02,4.8675050461e-02,4.8255443338e-02,4.7589039304e-02,4.6510144607e-02,4.4714946790e-02,4.1616744364e-02,3.6050823157e-02,2.5983624877e-02,1.1530262956e-02,5.8836448361e-03,3.7475940560e-03,2.8953808612e-03,2.5407248227e-03,2.3898096808e-03,2.3249139313e-03,2.2968520203e-03,2.2846628060e-03,2.2793384768e-03,2.2769937620e-03,2.2759487510e-03,2.2754749431e-03,2.2752549970e-03,2.2751497100e-03,2.2750973786e-03,2.2750702343e-03,2.2750555142e-03,2.2750471849e-03,2.2750422924e-03,2.2750393296e-03,2.2750374930e-03,2.2750363347e-03,2.2750355953e-03,2.2750351194e-03,2.2750348112e-03,2.2750346110e-03,2.2750344804e-03,2.2750343952e-03,2.2750343392e-03,2.2750343029e-03,2.2750342666e-03,2.2750342298e-03,2.2750341935e-03,2.2750341571e-03,2.2750341208e-03,2.2750340838e-03,2.2750340475e-03,2.2750340111e-03,2.2750339740e-03,2.2750339371e-03,2.2750339003e-03,2.2750338629e-03,2.2750338255e-03,2.2750337879e-03,2.2750337495e-03,2.2750337109e-03,2.2750336717e-03,2.2750336316e-03,2.2750335906e-03,2.2750335445e-03
2.8116996094e+01,8.6000009866e-08,8.5862485573e-08,8.5725242723e-08,8.5588282816e-08,8.5451605095e-08,8.5315207741e-08,8.5179092197e-08,8.5043256152e-08,8.4907700220e-08,8.4772422662e-08,8.4637423663e-08,8.4502702772e-08,8.4368258918e-08,8.4234091694e-08,8.4100200711e-08,8.3966584831e-08,8.3833244307e-08,8.3700178212e-08,8.3567385052e-08,8.3434866221e-08,8.3302618822e-08,8.3170646922e-08,8.2974919269e-08,8.2684997819e-08,8.2256347632e-08,8.1624332367e-08,8.0696284386e-08,7.9341835768e-08,7.7382943868e-08,7.4587905772e-08,7.0679291342e-08,6.5374943880e-08,5.8491309699e-08,5.0134905790e-08,4.0952476014e-08,3.2254541132e-08,2.5641190567e-08,2.1986150898e-08,2.0688137657e-08,2.0426844067e-08,2.0399855506e-08,2.0398532553e-08,2.0398529842e-08,2.0398557255e-08,2.0398579505e-08,2.0398592667e-08,2.0398597888e-08,2.0398599095e-08,2.0398599245e-08,2.0398599253e-08,2.0398599253e-08,2.0398599163e-08,2.0398588662e-08,2.0398122064e-08,2.0389167904e-08,2.0309077997e-08,1.9943369419e-08,1.8977250334e-08,1.7270914582e-08,1.4996911563e-08,1.3880003796e-08,7.1098560696e-08,1.2209637503e-06,1.1901301063e-05,6.2863710088e-05,2.0224480569e-04,4.5185886181e-04,7.8313445129e-04,1.1407641820e-03,1.4754682067e-03,1.7589408951e-03,1.9827173048e-03,2.1508344066e-03,2.2728320762e-03,2.3592548001e-03,2.4194676457e-03,2.4609445877e-03,2.4892946276e-03,2.5085703858e-03,2.5216296902e-03,2.5304560879e-03,2.5364119327e-03,2.5423838011e-03,2.5483716023e-03,2.5543753557e-03,2.5603950715e-03,2.5664307521e-03,2.5724823865e-03,2.5785499514e-03,2.5846334053e-03,2.5907326848e-03,2.5968477048e-03,2.6029783517e-03,2.6091244692e-03,2.6152858694e-03,2.6214623092e-03,2.6276534865e-03,2.6338590377e-03,2.6400785127e-03,2.6463113726e-03,2.6525569645e-03,2.6588145206e-03,2.6588099849e-03,2.6588073646e-03,2.6588045779e-03,2.6588016010e-03,2.6587985582e-03,2.6587953840e-03,2.6587921289e-03,2.6587888310e-03,2.6587855158e-03,2.6587822551e-03,2.6587789851e-03,2.6587757311e-03,2.6587725091e-03,2.6587693071e-03,2.6587661196e-03,2.6587629349e-03,2.6587597981e-03,2.6587566571e-03,2.6587535323e-03,2.6587504127e-03,2.6587473080e-03,2.6587437129e-03,2.6587395581e-03,2.6587347492e-03,2.6587291809e-03,2.6587227344e-03,2.6587152688e-03,2.6587066165e-03,2.6586965904e-03,2.6586849662e-03,2.6586714888e-03,2.6586558576e-03,2.6586377314e-03,2.6586167077e-03,2.6585923241e-03,2.6585640401e-03,2.6585312341e-03,2.6584931994e-03,2.6584490472e-03,2.6583978523e-03,2.6583384552e-03,2.6582695444e-03,2.6581895930e-03,2.6580968206e-03,2.6579891648e-03,2.6578642213e-03,2.6577191981e-03,2.6575508425e-03,2.6573553665e-03,2.6571283589e-03,2.6568646733e-03,2.6565583018e-03,2.6562022281e-03,2.6557882440e-03,2.6553067363e-03,2.6547464306e-03,2.6540940806e-03,2.6533340952e-03,2.6524480822e-03,2.6514142949e-03,2.6502069491e-03,2.6487953812e-03,2.6471430038e-03,2.6452059978e-03,2.6429316716e-03,2.6402563828e-03,2.6371028951e-03,2.6333769932e-03,2.6289631242e-03,2.6237187507e-03,2.6174669999e-03,2.6099870448e-03,2.6010014641e-03,2.5901595765e-03,2.5770154135e-03,2.5609985839e-03,2.5413757969e-03,2.5172003062e-03,2.4872461731e-03,2.4499244726e-03,2.4031802259e-03,2.3443740352e-03,2.2701649624e-03,2.1764386970e-03,2.0583798502e-03,1.9108846621e-03,1.7296513952e-03,1.5133935261e-03,1.2673958036e-03,1.0074361519e-03,7.6058090250e-04,5.5789411900e-04,4.1954208498e-04,3.4385056023e-04,3.1174024763e-04,3.0148113789e-04,2.9906114178e-04,2.9862703944e-04,2.9853550829e-04,2.9846601666e-04,2.9836351054e-04,2.9824715375e-04,2.9812293942e-04,2.9800606381e-04,2.9796380245e-04,2.9825057730e-04,2.9951220985e-04,3.0278366380e-04,3.0901023188e-04,3.1840166135e-04,3.3023391784e-04,3.4321054317e-04,3.5599901166e-04,3.6759623460e-04,3.7744184904e-04,3.8536083290e-04,3.9144081646e-04,3.9591222285e-04,3.9905902903e-04,4.0116330263e-04,4.0247643818e-04,4.0320809500e-04,4.0352536490e-04,4.0355701330e-04,4.0339964598e-04,4.0312408124e-04,4.0278110672e-04,4.0240631820e-04,4.0202400871e-04,4.0165020093e-04,4.0129496072e-04,4.0096413258e-04,4.0066062407e-04,4.0038534485e-04,4.0013788555e-04,3.9991700281e-04,3.9972096118e-04,3.9954777057e-04,3.9939534778e-04,3.9926162346e-04,3.9914461032e-04,3.9904244388e-04,3.9895340434e-04,3.9887592541e-04,3.9880859458e-04,3.9875014780e-04,3.9869946093e-04,3.9865553917e-04,3.9861750581e-04,3.9858459081e-04,3.9855611973e-04,3.9853150323e-04,3.9851022732e-04,3.9849184452e-04,3.9847596575e-04,3.9846225315e-04,3.9845041359e-04,3.9844019300e-04,3.9843137132e-04,3.9842375806e-04,3.9841718840e-04,3.9841151984e-04,3.9840662917e-04,3.9840240996e-04,3.9839877022e-04,3.9839563053e-04,3.9839292233e-04,3.9839058634e-04,3.9838857135e-04,3.9838683309e-04,3.9838533314e-04,3.9838403818e-04,3.9838291925e-04,3.9838195116e-04,3.9838111249e-04,3.9838038416e-04,3.9837975061e-04,3.9837919947e-04,3.9837871756e-04,3.9837829591e-04,3.9837792794e-04,3.9837755256e-04,3.9837717018e-04,3.9837677847e-04,3.9837637453e-04,3.9837595817e-04,3.9837552189e-04,3.9837506576e-04,3.9837458285e-04,3.9837406691e-04,3.9837350847e-04,3.9837289690e-04,3.9837222103e-04,3.9837145846e-04,3.9837058339e-04,3.9836955667e-04,3.9836831837e-04,3.9836675679e-04,3.9836464509e-04,3.9836144275e-04,4.9465033328e-02,4.9465037779e-02,4.9465002449e-02,4.9464971277e-02,4.9464945730e-02,4.9464925843e-02,4.9464907941e-02,4.9464896743e-02,4.9464883787e-02,4.9464873975e-02,4.9464860051e-02,4.9464845097e-02,4.9464829597e-02,4.9464812046e-02,4.9464795023e-02,4.9464774626e-02,4.9464758499e-02,4.9464737342e-02,4.9464716077e-02,4.9464698769e-02,4.9464678252e-02,4.9464655012e-02,4.9464625779e-02,4.9464578723e-02,4.9464501105e-02,4.9464386159e-02,4.9464210344e-02,4.9463941707e-02,4.9463531379e-02,4.9462904566e-02,4.9461947048e-02,4.9460484286e-02,4.9458249560e-02,4.9454835177e-02,4.9449617748e-02,4.9441643542e-02,4.9429452236e-02,4.9410805000e-02,4.9382262892e-02,4.9338528163e-02,4.9271403643e-02,4.9168121981e-02,4.9008601407e-02,4.8760795972e-02,4.8372491416e-02,4.7756089785e-02,4.6758738386e-02,4.5100186993e-02,4.2237787624e-02,3.7081137825e-02,2.7619138390e-02,1.3079267151e-02,6.9603998532e-03,4.5417471005e-03,3.5543303276e-03,3.1386389593e-03,2.9607199571e-03,2.8839799686e-03,2.8507416097e-03,2.8362903228e-03,2.8299743822e-03,2.8271920302e-03,2.8259516995e-03,2.8253892531e-03,2.8251281344e-03,2.8250031292e-03,2.8249409937e-03,2.8249087627e-03,2.8248912833e-03,2.8248813924e-03,2.8248755825e-03,2.8248720642e-03,2.8248698831e-03,2.8248685076e-03,2.8248676295e-03,2.8248670643e-03,2.8248666984e-03,2.8248664605e-03,2.8248663055e-03,2.8248662044e-03,2.8248661379e-03,2.8248660949e-03,2.8248660512e-03,2.8248660082e-03,2.8248659650e-03,2.8248659218e-03,2.8248658782e-03,2.8248658352e-03,2.8248657916e-03,2.8248657483e-03,2.8248657046e-03,2.8248656611e-03,2.8248656175e-03,2.8248655731e-03,2.8248655290e-03,2.8248654845e-03,2.8248654396e-03,2.8248653938e-03,2.8248653482e-03,2.8248653011e-03,2.8248652537e-03,2.8248651938e-03
3.1387356034e+01,8.6000011246e-08,8.5862485363e-08,8.5725242586e-08,8.5588282695e-08,8.5451605001e-08,8.5315207894e-08,8.5179091861e-08,8.5043256343e-08,8.4907699738e-08,8.4772422763e-08,8.4637423494e-08,8.4502702718e-08,8.4368258730e-08,8.4234091878e-08,8.4100200581e-08,8.3966584835e-08,8.3833244258e-08,8.3700177856e-08,8.3567385177e-08,8.3434865581e-08,8.3302619319e-08,8.3170646854e-08,8.2974918922e-08,8.2684997814e-08,8.2256347522e-08,8.1624332261e-08,8.0696284317e-08,7.9341835690e-08,7.7382943774e-08,7.4587905677e-08,7.0679291261e-08,6.5374943785e-08,5.8491309615e-08,5.0134905683e-08,4.0952475935e-08,3.2254541020e-08,2.5641190398e-08,2.1986150841e-08,2.0688137665e-08,2.0426845841e-08,2.0399880913e-08,2.0398514077e-08,2.0398530225e-08,2.0398557305e-08,2.0398579492e-08,2.0398592674e-08,2.0398597884e-08,2.0398599097e-08,2.0398599244e-08,2.0398599253e-08,2.0398599252e-08,2.0398599163e-08,2.0398588639e-08,2.0398121148e-08,2.0389150575e-08,2.0308917344e-08,1.9942558596e-08,1.8974694148e-08,1.7265130735e-08,1.4986047066e-08,1.3827753160e-08,6.9547869365e-08,1.1905680663e-06,1.1602957425e-05,6.1282067285e-05,1.9711944385e-04,4.4025865244e-04,7.6266870626e-04,1.1103523580e-03,1.4353673861e-03,1.7103249513e-03,1.9271661068e-03,2.0899425475e-03,2.2079917412e-03,2.2915791490e-03,2.3497974156e-03,2.3898911320e-03,2.4172913219e-03,2.4359192082e-03,2.4485386365e-03,2.4570673035e-03,2.4628220503e-03,2.4685921198e-03,2.4743774255e-03,2.4801779829e-03,2.4859938037e-03,2.4918248883e-03,2.4976712276e-03,2.5035327954e-03,2.5094095535e-03,2.5153014433e-03,2.5212083824e-03,2.5271302593e-03,2.5330669323e-03,2.5390182171e-03,2.5449838839e-03,2.5509636493e-03,2.5569571601e-03,2.5629639986e-03,2.5689836420e-03,2.5750154750e-03,2.5810587644e-03,2.5810547470e-03,2.5810525415e-03,2.5810501885e-03,2.5810475491e-03,2.5810449144e-03,2.5810421556e-03,2.5810393691e-03,2.5810365403e-03,2.5810336748e-03,2.5810309030e-03,2.5810280764e-03,2.5810252995e-03,2.5810225449e-03,2.5810197871e-03,2.5810170596e-03,2.5810143451e-03,2.5810116475e-03,2.5810089786e-03,2.5810062969e-03,2.5810036417e-03,2.5810009822e-03,2.5809979041e-03,2.5809943612e-03,2.5809902479e-03,2.5809854910e-03,2.5809799817e-03,2.5809736019e-03,2.5809662074e-03,2.5809576403e-03,2.5809477092e-03,2.5809361911e-03,2.5809228347e-03,2.5809073472e-03,2.5808893833e-03,2.5808685481e-03,2.5808443843e-03,2.5808163743e-03,2.5807838228e-03,2.5807461267e-03,2.5807023781e-03,2.5806516268e-03,2.5805927445e-03,2.5805244295e-03,2.5804451602e-03,2.5803531735e-03,2.5802464165e-03,2.5801225015e-03,2.5799786529e-03,2.5798116315e-03,2.5796176717e-03,2.5793923725e-03,2.5791306066e-03,2.5788263778e-03,2.5784726752e-03,2.5780612884e-03,2.5775825870e-03,2.5770252588e-03,2.5763759889e-03,2.5756190723e-03,2.5747359405e-03,2.5737045798e-03,2.5724988137e-03,2.5710874117e-03,2.5694329750e-03,2.5674905371e-03,2.5652057927e-03,2.5625128445e-03,2.5593313167e-03,2.5555626373e-03,2.5510852208e-03,2.5457481919e-03,2.5393631644e-03,2.5316934265e-03,2.5224396531e-03,2.5112209745e-03,2.4975498434e-03,2.4807986796e-03,2.4601557089e-03,2.4345669330e-03,2.4026609090e-03,2.3626537354e-03,2.3122346345e-03,2.2484407519e-03,2.1675490320e-03,2.0650536903e-03,1.9358757109e-03,1.7750793863e-03,1.5795232279e-03,1.3508683119e-03,1.0996878432e-03,8.4835437502e-04,6.2772768595e-04,4.6450674491e-04,3.6653901172e-04,3.2043018555e-04,3.0392095733e-04,2.9953011236e-04,2.9866033079e-04,2.9850129727e-04,2.9842508287e-04,2.9832512738e-04,2.9821488811e-04,2.9810074675e-04,2.9800602492e-04,2.9803446975e-04,2.9853014523e-04,3.0023803318e-04,3.0415296385e-04,3.1095934568e-04,3.2053230296e-04,3.3196156194e-04,3.4398960447e-04,3.5547256259e-04,3.6563095788e-04,3.7408609414e-04,3.8077614126e-04,3.8583930188e-04,3.8951226508e-04,3.9205961825e-04,3.9373253609e-04,3.9474902078e-04,3.9528773140e-04,3.9548928929e-04,3.9546103580e-04,3.9528287939e-04,3.9501299436e-04,3.9469281892e-04,3.9435118248e-04,3.9400758469e-04,3.9367473170e-04,3.9336045962e-04,3.9306917086e-04,3.9280289302e-04,3.9256205048e-04,3.9234602035e-04,3.9215352816e-04,3.9198292581e-04,3.9183238351e-04,3.9170001948e-04,3.9158398506e-04,3.9148251816e-04,3.9139397449e-04,3.9131684334e-04,3.9124975307e-04,3.9119146964e-04,3.9114089084e-04,3.9109703789e-04,3.9105904574e-04,3.9102615282e-04,3.9099769076e-04,3.9097307458e-04,3.9095179342e-04,3.9093340197e-04,3.9091751269e-04,3.9090378875e-04,3.9089193771e-04,3.9088170598e-04,3.9087287374e-04,3.9086525068e-04,3.9085867206e-04,3.9085299538e-04,3.9084809744e-04,3.9084387173e-04,3.9084022624e-04,3.9083708148e-04,3.9083436881e-04,3.9083202895e-04,3.9083001071e-04,3.9082826982e-04,3.9082676803e-04,3.9082547210e-04,3.9082435326e-04,3.9082338680e-04,3.9082254995e-04,3.9082182554e-04,3.9082119664e-04,3.9082064895e-04,3.9082017289e-04,3.9081975635e-04,3.9081939199e-04,3.9081907380e-04,3.9081874877e-04,3.9081841951e-04,3.9081807867e-04,3.9081773149e-04,3.9081737003e-04,3.9081699323e-04,3.9081659874e-04,3.9081618070e-04,3.9081573450e-04,3.9081524987e-04,3.9081472185e-04,3.9081413581e-04,3.9081347281e-04,3.9081271491e-04,3.9081182611e-04,3.9081075360e-04,3.9080939279e-04,3.9080755674e-04,3.9080475361e-04,4.9514006465e-02,4.9514009219e-02,4.9513977466e-02,4.9513949247e-02,4.9513926251e-02,4.9513908217e-02,4.9513895553e-02,4.9513883342e-02,4.9513871520e-02,4.9513861799e-02,4.9513850388e-02,4.9513838486e-02,4.9513825572e-02,4.9513810878e-02,4.9513796192e-02,4.9513779402e-02,4.9513763614e-02,4.9513744234e-02,4.9513727846e-02,4.9513707499e-02,4.9513691426e-02,4.9513674444e-02,4.9513644637e-02,4.9513601282e-02,4.9513533889e-02,4.9513432001e-02,4.9513276000e-02,4.9513037592e-02,4.9512673462e-02,4.9512117231e-02,4.9511267531e-02,4.9509969482e-02,4.9507986401e-02,4.9504956517e-02,4.9500326667e-02,4.9493250591e-02,4.9482432585e-02,4.9465886351e-02,4.9440561200e-02,4.9401758314e-02,4.9342209131e-02,4.9250596982e-02,4.9109131713e-02,4.8889446231e-02,4.8545367723e-02,4.7999528168e-02,4.7117077235e-02,4.5650799560e-02,4.3120300561e-02,3.8544761683e-02,2.9988618551e-02,1.5625544918e-02,8.8896968694e-03,6.0456779778e-03,4.8432353851e-03,4.3278546283e-03,4.1051942870e-03,4.0086673866e-03,3.9667379220e-03,3.9484767975e-03,3.9404874299e-03,3.9369655742e-03,3.9353949178e-03,3.9346824788e-03,3.9343516601e-03,3.9341932647e-03,3.9341145233e-03,3.9340736746e-03,3.9340515201e-03,3.9340389830e-03,3.9340316184e-03,3.9340271584e-03,3.9340243934e-03,3.9340226497e-03,3.9340215366e-03,3.9340208201e-03,3.9340203562e-03,3.9340200547e-03,3.9340198582e-03,3.9340197300e-03,3.9340196460e-03,3.9340195915e-03,3.9340195363e-03,3.9340194819e-03,3.9340194269e-03,3.9340193725e-03,3.9340193176e-03,3.9340192630e-03,3.9340192084e-03,3.9340191540e-03,3.9340190989e-03,3.9340190442e-03,3.9340189893e-03,3.9340189347e-03,3.9340188795e-03,3.9340188248e-03,3.9340187690e-03,3.9340187139e-03,3.9340186585e-03,3.9340186025e-03,3.9340185467e-03,3.9340184481e-03
3.3776289822e+01,8.6000011120e-08,8.5862485531e-08,8.5725242490e-08,8.5588282889e-08,8.5451604757e-08,8.5315207843e-08,8.5179091966e-08,8.5043255954e-08,8.4907699936e-08,8.4772422749e-08,8.4637423602e-08,8.4502702663e-08,8.4368258656e-08,8.4234091829e-08,8.4100200311e-08,8.3966584850e-08,8.3833244506e-08,8.3700177543e-08,8.3567385369e-08,8.3434865733e-08,8.3302618932e-08,8.3170646767e-08,8.2974919229e-08,8.2684997623e-08,8.2256347561e-08,8.1624332264e-08,8.0696284260e-08,7.9341835658e-08,7.7382943741e-08,7.4587905665e-08,7.0679291226e-08,6.5374943766e-08,5.8491309596e-08,5.0134905662e-08,4.0952475933e-08,3.2254540952e-08,2.5641190352e-08,2.1986150814e-08,2.0688137492e-08,2.0426843876e-08,2.0399852323e-08,2.0398535096e-08,2.0398529749e-08,2.0398557305e-08,2.0398579461e-08,2.0398592671e-08,2.0398597886e-08,2.0398599094e-08,2.0398599244e-08,2.0398599253e-08,2.0398599253e-08,2.0398599163e-08,2.0398588626e-08,2.0398120594e-08,2.0389140073e-08,2.0308819797e-08,1.9942065786e-08,1.8973140011e-08,1.7261614381e-08,1.4979459830e-08,1.3794257937e-08,6.8534228234e-08,1.1706824473e-06,1.1407787236e-05,6.0247577726e-05,1.9376831748e-04,4.3267861563e-04,7.4930676613e-04,1.0905159883e-03,1.4092369872e-03,1.6786742618e-03,1.8910274198e-03,2.0503528881e-03,2.1658536391e-03,2.2476126388e-03,2.3045454617e-03,2.3437481247e-03,2.3705366216e-03,2.3887473731e-03,2.4010836262e-03,2.4094206431e-03,2.4150459515e-03,2.4206861391e-03,2.4263411197e-03,2.4320109112e-03,2.4376955209e-03,2.4433949505e-03,2.4491091905e-03,2.4548382159e-03,2.4605819894e-03,2.4663404524e-03,2.4721135285e-03,2.4779011050e-03,2.4837030524e-03,2.4895191847e-03,2.4953492793e-03,2.5011930696e-03,2.5070502142e-03,2.5129202996e-03,2.5188028283e-03,2.5246971986e-03,2.5306027027e-03,2.5305990314e-03,2.5305970144e-03,2.5305948159e-03,2.5305924752e-03,2.5305901046e-03,2.5305876400e-03,2.5305850405e-03,2.5305825519e-03,2.5305799662e-03,2.5305774558e-03,2.5305749205e-03,2.5305724092e-03,2.5305699251e-03,2.5305674443e-03,2.5305649938e-03,2.5305625551e-03,2.5305601267e-03,2.5305577136e-03,2.5305553103e-03,2.5305529104e-03,2.5305505203e-03,2.5305477530e-03,2.5305445618e-03,2.5305408629e-03,2.5305365818e-03,2.5305316277e-03,2.5305258872e-03,2.5305192356e-03,2.5305115286e-03,2.5305025933e-03,2.5304922296e-03,2.5304802165e-03,2.5304662825e-03,2.5304501204e-03,2.5304313773e-03,2.5304096356e-03,2.5303844214e-03,2.5303551772e-03,2.5303212396e-03,2.5302818829e-03,2.5302362248e-03,2.5301832548e-03,2.5301217954e-03,2.5300504821e-03,2.5299677293e-03,2.5298716873e-03,2.5297602114e-03,2.5296308017e-03,2.5294805483e-03,2.5293060589e-03,2.5291033804e-03,2.5288678965e-03,2.5285942159e-03,2.5282760326e-03,2.5279059613e-03,2.5274753422e-03,2.5269740009e-03,2.5263899642e-03,2.5257091096e-03,2.5249147409e-03,2.5239870655e-03,2.5229025498e-03,2.5216331186e-03,2.5201451544e-03,2.5183982412e-03,2.5163435733e-03,2.5139219325e-03,2.5110610957e-03,2.5076724961e-03,2.5036468957e-03,2.4988487447e-03,2.4931087912e-03,2.4862143496e-03,2.4778964353e-03,2.4678126878e-03,2.4555246600e-03,2.4404675886e-03,2.4219102009e-03,2.3989016015e-03,2.3702017779e-03,2.3341925826e-03,2.2887679309e-03,2.2312079684e-03,2.1580567880e-03,2.0650559218e-03,1.9472511886e-03,1.7995057655e-03,1.6178119297e-03,1.4018813481e-03,1.1590962282e-03,9.0825372844e-04,6.7865273241e-04,4.9984606132e-04,3.8591777787e-04,3.2856741092e-04,3.0645327442e-04,3.0008706009e-04,2.9872947745e-04,2.9848721593e-04,2.9840284526e-04,2.9830609256e-04,2.9820161068e-04,2.9809618066e-04,2.9802146726e-04,2.9811278619e-04,2.9877789563e-04,3.0080820298e-04,3.0513112259e-04,3.1223965991e-04,3.2181692826e-04,3.3288024174e-04,3.4423262794e-04,3.5486155844e-04,3.6412239585e-04,3.7173701316e-04,3.7770103610e-04,3.8217421091e-04,3.8539092872e-04,3.8760058228e-04,3.8903406659e-04,3.8988875129e-04,3.9032473684e-04,3.9046710822e-04,3.9041080464e-04,3.9022616941e-04,3.8996419560e-04,3.8966105192e-04,3.8934178254e-04,3.8902322707e-04,3.8871626857e-04,3.8842753246e-04,3.8816065190e-04,3.8791719848e-04,3.8769735900e-04,3.8750042214e-04,3.8732512411e-04,3.8716989077e-04,3.8703300425e-04,3.8691271512e-04,3.8680731547e-04,3.8671518436e-04,3.8663481388e-04,3.8656482188e-04,3.8650395565e-04,3.8645108974e-04,3.8640522003e-04,3.8636545569e-04,3.8633100993e-04,3.8630119053e-04,3.8627539028e-04,3.8625307795e-04,3.8623378978e-04,3.8621712163e-04,3.8620272189e-04,3.8619028502e-04,3.8617954579e-04,3.8617027423e-04,3.8616227105e-04,3.8615536370e-04,3.8614940284e-04,3.8614425932e-04,3.8613982146e-04,3.8613599273e-04,3.8613268975e-04,3.8612984049e-04,3.8612738272e-04,3.8612526276e-04,3.8612343419e-04,3.8612185692e-04,3.8612049628e-04,3.8611932221e-04,3.8611830864e-04,3.8611743264e-04,3.8611667501e-04,3.8611601836e-04,3.8611544839e-04,3.8611495277e-04,3.8611452062e-04,3.8611414303e-04,3.8611381308e-04,3.8611352453e-04,3.8611323184e-04,3.8611293086e-04,3.8611262409e-04,3.8611230780e-04,3.8611198126e-04,3.8611164028e-04,3.8611128151e-04,3.8611090135e-04,3.8611049647e-04,3.8611005856e-04,3.8610957838e-04,3.8610904497e-04,3.8610844324e-04,3.8610775508e-04,3.8610694575e-04,3.8610596786e-04,3.8610473382e-04,3.8610305977e-04,3.8610050021e-04,4.9548646652e-02,4.9548648202e-02,4.9548618787e-02,4.9548592920e-02,4.9548572638e-02,4.9548555098e-02,4.9548542579e-02,4.9548533123e-02,4.9548523215e-02,4.9548514037e-02,4.9548503770e-02,4.9548490516e-02,4.9548481013e-02,4.9548466349e-02,4.9548453681e-02,4.9548436588e-02,4.9548422181e-02,4.9548406455e-02,4.9548389216e-02,4.9548373935e-02,4.9548356618e-02,4.9548337741e-02,4.9548314151e-02,4.9548272154e-02,4.9548211918e-02,4.9548117739e-02,4.9547973974e-02,4.9547754479e-02,4.9547419218e-02,4.9546907086e-02,4.9546124750e-02,4.9544929614e-02,4.9543103760e-02,4.9540314108e-02,4.9536051368e-02,4.9529536417e-02,4.9519576383e-02,4.9504342690e-02,4.9481027096e-02,4.9445304677e-02,4.9390486321e-02,4.9306159997e-02,4.9175963291e-02,4.8973818212e-02,4.8657304867e-02,4.8155397660e-02,4.7344388503e-02,4.5997512664e-02,4.3673204112e-02,3.9461634666e-02,3.1500330309e-02,1.7456883416e-02,1.0401914449e-02,7.2900786282e-03,5.9426163142e-03,5.3577332496e-03,5.1033088133e-03,4.9925836550e-03,4.9443768415e-03,4.9233525765e-03,4.9141463043e-03,4.9100857549e-03,4.9082741958e-03,4.9074522839e-03,4.9070705665e-03,4.9068877777e-03,4.9067969008e-03,4.9067497529e-03,4.9067241803e-03,4.9067097081e-03,4.9067012064e-03,4.9066960576e-03,4.9066928656e-03,4.9066908525e-03,4.9066895674e-03,4.9066887402e-03,4.9066882047e-03,4.9066878567e-03,4.9066876300e-03,4.9066874822e-03,4.9066873855e-03,4.9066873226e-03,4.9066872590e-03,4.9066871962e-03,4.9066871332e-03,4.9066870705e-03,4.9066870076e-03,4.9066869452e-03,4.9066868827e-03,4.9066868199e-03,4.9066867579e-03,4.9066866953e-03,4.9066866336e-03,4.9066865716e-03,4.9066865100e-03,4.9066864487e-03,4.9066863883e-03,4.9066863273e-03,4.9066862684e-03,4.9066862102e-03,4.9066861530e-03,4.9066860009e-03
3.7704896733e+01,8.6000010108e-08,8.5862485183e-08,8.5725242752e-08,8.5588283120e-08,8.5451604549e-08,8.5315208314e-08,8.5179091835e-08,8.5043256338e-08,8.4907699905e-08,8.4772422669e-08,8.4637423866e-08,8.4502702811e-08,8.4368258680e-08,8.4234092062e-08,8.4100200603e-08,8.3966584782e-08,8.3833244232e-08,8.3700177953e-08,8.3567385553e-08,8.3434865753e-08,8.3302619258e-08,8.3170646710e-08,8.2974919128e-08,8.2684997789e-08,8.2256347740e-08,8.1624332331e-08,8.0696284347e-08,7.9341835768e-08,7.7382943839e-08,7.4587905764e-08,7.0679291328e-08,6.5374943859e-08,5.8491309692e-08,5.0134905750e-08,4.0952476057e-08,3.2254541098e-08,2.5641190444e-08,2.1986150771e-08,2.0688137565e-08,2.0426842614e-08,2.0399833956e-08,2.0398547560e-08,2.0398529981e-08,2.0398557283e-08,2.0398579482e-08,2.0398592673e-08,2.0398597887e-08,2.0398599095e-08,2.0398599244e-08,2.0398599254e-08,2.0398599253e-08,2.0398599163e-08,2.0398588608e-08,2.0398119836e-08,2.0389125665e-08,2.0308685768e-08,1.9941387975e-08,1.8971001702e-08,1.7256776713e-08,1.4970375065e-08,1.3745989781e-08,6.7047277599e-08,1.1414909818e-06,1.1121301341e-05,5.8729323183e-05,1.8885169568e-04,4.2156392585e-04,7.2972980258e-04,1.0614803582e-03,1.3710245566e-03,1.6324287583e-03,1.8382622351e-03,1.9925815727e-03,2.1043894912e-03,2.1835011883e-03,2.2385739472e-03,2.2764877717e-03,2.3023917585e-03,2.3199994525e-03,2.3319263687e-03,2.3399863777e-03,2.3454246083e-03,2.3508770863e-03,2.3563437279e-03,2.3618245481e-03,2.3673195552e-03,2.3728287510e-03,2.3783521240e-03,2.3838896528e-03,2.3894412990e-03,2.3950070091e-03,2.4005867035e-03,2.4061802888e-03,2.4117876233e-03,2.4174085415e-03,2.4230428364e-03,2.4286902408e-03,2.4343504349e-03,2.4400230273e-03,2.4457075465e-03,2.4514034155e-03,2.4571099562e-03,2.4571067594e-03,2.4571050852e-03,2.4571031246e-03,2.4571011731e-03,2.4570990931e-03,2.4570969665e-03,2.4570947865e-03,2.4570925541e-03,2.4570903851e-03,2.4570882115e-03,2.4570860743e-03,2.4570839096e-03,2.4570817891e-03,2.4570796897e-03,2.4570775864e-03,2.4570755108e-03,2.4570734388e-03,2.4570713827e-03,2.4570693285e-03,2.4570672812e-03,2.4570652475e-03,2.4570628916e-03,2.4570601683e-03,2.4570570185e-03,2.4570533667e-03,2.4570491432e-03,2.4570442531e-03,2.4570385849e-03,2.4570320130e-03,2.4570243964e-03,2.4570155663e-03,2.4570053262e-03,2.4569934485e-03,2.4569796766e-03,2.4569636990e-03,2.4569451712e-03,2.4569236826e-03,2.4568987479e-03,2.4568698316e-03,2.4568362879e-03,2.4567973729e-03,2.4567522271e-03,2.4566998460e-03,2.4566390677e-03,2.4565685379e-03,2.4564866838e-03,2.4563916771e-03,2.4562813849e-03,2.4561533301e-03,2.4560046221e-03,2.4558318908e-03,2.4556312037e-03,2.4553979679e-03,2.4551268100e-03,2.4548114385e-03,2.4544444765e-03,2.4540172572e-03,2.4535195826e-03,2.4529394253e-03,2.4522625668e-03,2.4514721547e-03,2.4505481527e-03,2.4494666617e-03,2.4481990688e-03,2.4467109798e-03,2.4449608676e-03,2.4428983534e-03,2.4404620047e-03,2.4375764983e-03,2.4341489433e-03,2.4300640851e-03,2.4251780201e-03,2.4193099115e-03,2.4122310215e-03,2.4036501322e-03,2.3931941038e-03,2.3803819037e-03,2.3645899054e-03,2.3450056743e-03,2.3205668401e-03,2.2898814329e-03,2.2511268161e-03,2.2019278341e-03,2.1392244247e-03,2.0591617043e-03,1.9570840208e-03,1.8278072842e-03,1.6664940500e-03,1.4706162231e-03,1.2434016662e-03,9.9814665305e-04,7.6015674395e-04,5.6073303836e-04,4.2219269415e-04,3.4527625148e-04,3.1222193704e-04,3.0152521268e-04,2.9896295208e-04,2.9848861621e-04,2.9837703786e-04,2.9828543265e-04,2.9819131398e-04,2.9810201462e-04,2.9806750934e-04,2.9828123845e-04,2.9924431067e-04,3.0177734770e-04,3.0665313304e-04,3.1407549361e-04,3.2349874022e-04,3.3390012917e-04,3.4420820441e-04,3.5360384989e-04,3.6161989051e-04,3.6810048563e-04,3.7310474619e-04,3.7681055377e-04,3.7944208765e-04,3.8122430112e-04,3.8235897463e-04,3.8301520416e-04,3.8332830930e-04,3.8340297367e-04,3.8331804289e-04,3.8313156023e-04,3.8288535348e-04,3.8260891140e-04,3.8232251199e-04,3.8203967018e-04,3.8176901074e-04,3.8151567742e-04,3.8128237876e-04,3.8107015495e-04,3.8087893398e-04,3.8070793040e-04,3.8055592769e-04,3.8042147521e-04,3.8030302321e-04,3.8019901299e-04,3.8010793515e-04,3.8002836519e-04,3.7995898337e-04,3.7989858372e-04,3.7984607584e-04,3.7980048194e-04,3.7976093092e-04,3.7972665092e-04,3.7969696090e-04,3.7967126215e-04,3.7964902986e-04,3.7962980513e-04,3.7961318756e-04,3.7959882836e-04,3.7958642415e-04,3.7957571139e-04,3.7956646138e-04,3.7955847585e-04,3.7955158302e-04,3.7954563416e-04,3.7954050060e-04,3.7953607103e-04,3.7953224925e-04,3.7952895210e-04,3.7952610774e-04,3.7952365413e-04,3.7952153768e-04,3.7951971214e-04,3.7951813754e-04,3.7951677932e-04,3.7951560770e-04,3.7951459669e-04,3.7951372395e-04,3.7951296962e-04,3.7951231701e-04,3.7951175191e-04,3.7951126090e-04,3.7951083447e-04,3.7951046228e-04,3.7951013671e-04,3.7950985179e-04,3.7950960495e-04,3.7950935031e-04,3.7950909315e-04,3.7950882820e-04,3.7950855619e-04,3.7950827322e-04,3.7950797907e-04,3.7950767038e-04,3.7950734469e-04,3.7950699276e-04,3.7950661445e-04,3.7950620053e-04,3.7950573860e-04,3.7950522083e-04,3.7950462469e-04,3.7950392208e-04,3.7950307320e-04,3.7950199935e-04,3.7950054032e-04,3.7949830415e-04,4.9601605216e-02,4.9601604852e-02,4.9601579025e-02,4.9601555928e-02,4.9601538764e-02,4.9601524134e-02,4.9601515320e-02,4.9601503771e-02,4.9601496089e-02,4.9601487952e-02,4.9601480834e-02,4.9601472667e-02,4.9601458865e-02,4.9601446021e-02,4.9601435094e-02,4.9601420121e-02,4.9601404941e-02,4.9601390283e-02,4.9601378430e-02,4.9601363185e-02,4.9601351680e-02,4.9601333625e-02,4.9601312263e-02,4.9601276147e-02,4.9601222614e-02,4.9601139741e-02,4.9601013336e-02,4.9600820223e-02,4.9600525296e-02,4.9600074774e-02,4.9599386560e-02,4.9598335209e-02,4.9596729026e-02,4.9594275012e-02,4.9590525172e-02,4.9584794170e-02,4.9576032775e-02,4.9562632709e-02,4.9542124297e-02,4.9510704612e-02,4.9462493214e-02,4.9388339867e-02,4.9273871980e-02,4.9096198362e-02,4.8818116419e-02,4.8377403803e-02,4.7665799023e-02,4.6484911168e-02,4.4447472287e-02,4.0746466324e-02,3.3656245312e-02,2.0371562444e-02,1.3027342868e-02,9.5728770942e-03,8.0211652913e-03,7.3338286163e-03,7.0313857808e-03,6.8988720085e-03,6.8409416582e-03,6.8156118274e-03,6.8045020678e-03,6.7995967744e-03,6.7974068174e-03,6.7964127558e-03,6.7959509344e-03,6.7957297328e-03,6.7956197372e-03,6.7955626613e-03,6.7955316998e-03,6.7955141761e-03,6.7955038809e-03,6.7954976456e-03,6.7954937798e-03,6.7954913417e-03,6.7954897853e-03,6.7954887834e-03,6.7954881349e-03,6.7954877138e-03,6.7954874396e-03,6.7954872612e-03,6.7954871447e-03,6.7954870687e-03,6.7954869930e-03,6.7954869176e-03,6.7954868428e-03,6.7954867670e-03,6.7954866924e-03,6.7954866180e-03,6.7954865449e-03,6.7954864716e-03,6.7954863988e-03,6.7954863269e-03,6.7954862572e-03,6.7954861879e-03,6.7954861212e-03,6.7954860552e-03,6.7954859934e-03,6.7954859344e-03,6.7954858808e-03,6.7954858334e-03,6.7954857946e-03,6.7954854620e-03
4.0574667022e+01,8.6000012565e-08,8.5862485446e-08,8.5725242781e-08,8.5588282543e-08,8.5451604647e-08,8.5315207983e-08,8.5179091977e-08,8.5043255959e-08,8.4907699993e-08,8.4772422413e-08,8.4637423935e-08,8.4502702330e-08,8.4368259074e-08,8.4234091680e-08,8.4100200117e-08,8.3966585097e-08,8.3833243988e-08,8.3700177779e-08,8.3567385286e-08,8.3434865768e-08,8.3302618976e-08,8.3170646645e-08,8.2974919088e-08,8.2684997749e-08,8.2256347515e-08,8.1624332199e-08,8.0696284255e-08,7.9341835658e-08,7.7382943724e-08,7.4587905635e-08,7.0679291215e-08,6.5374943741e-08,5.8491309572e-08,5.0134905639e-08,4.0952475896e-08,3.2254540907e-08,2.5641190298e-08,2.1986150816e-08,2.0688137794e-08,2.0426845662e-08,2.0399877000e-08,2.0398517779e-08,2.0398529438e-08,2.0398557425e-08,2.0398579457e-08,2.0398592678e-08,2.0398597887e-08,2.0398599094e-08,2.0398599245e-08,2.0398599253e-08,2.0398599253e-08,2.0398599162e-08,2.0398588597e-08,2.0398119373e-08,2.0389116838e-08,2.0308603477e-08,1.9940971432e-08,1.8969687160e-08,1.7253802623e-08,1.4964747789e-08,1.3715104290e-08,6.6079995887e-08,1.1224904962e-06,1.0934840543e-05,5.7741308187e-05,1.8565316865e-04,4.1433724753e-04,7.1701099551e-04,1.0426335846e-03,1.3462439358e-03,1.6024636012e-03,1.8040962639e-03,1.9551943990e-03,2.0646286649e-03,2.1420400807e-03,2.1959188528e-03,2.2330056943e-03,2.2583422919e-03,2.2755632132e-03,2.2872276342e-03,2.2951100218e-03,2.3004283025e-03,2.3057604318e-03,2.3111063267e-03,2.3164660015e-03,2.3218394650e-03,2.3272267158e-03,2.3326277455e-03,2.3380425299e-03,2.3434710363e-03,2.3489132088e-03,2.3543689751e-03,2.3598382349e-03,2.3653208595e-03,2.3708166901e-03,2.3763255209e-03,2.3818470929e-03,2.3873811008e-03,2.3929271638e-03,2.3984848222e-03,2.4040535230e-03,2.4096326020e-03,2.4096297106e-03,2.4096281759e-03,2.4096264494e-03,2.4096246198e-03,2.4096227043e-03,2.4096208071e-03,2.4096188645e-03,2.4096168914e-03,2.4096148952e-03,2.4096129643e-03,2.4096110213e-03,2.4096090943e-03,2.4096072012e-03,2.4096052848e-03,2.4096033999e-03,2.4096015374e-03,2.4095996700e-03,2.4095978145e-03,2.4095959870e-03,2.4095941355e-03,2.4095923195e-03,2.4095901937e-03,2.4095877348e-03,2.4095849196e-03,2.4095816403e-03,2.4095778474e-03,2.4095734501e-03,2.4095683577e-03,2.4095624577e-03,2.4095556157e-03,2.4095476819e-03,2.4095384818e-03,2.4095278145e-03,2.4095154412e-03,2.4095010917e-03,2.4094844436e-03,2.4094651344e-03,2.4094427352e-03,2.4094167819e-03,2.4093866339e-03,2.4093516788e-03,2.4093111225e-03,2.4092640699e-03,2.4092094729e-03,2.4091461165e-03,2.4090725878e-03,2.4089872442e-03,2.4088881710e-03,2.4087731433e-03,2.4086395616e-03,2.4084844049e-03,2.4083041356e-03,2.4080946323e-03,2.4078510678e-03,2.4075677932e-03,2.4072381833e-03,2.4068544561e-03,2.4064074552e-03,2.4058863817e-03,2.4052784710e-03,2.4045685950e-03,2.4037387690e-03,2.4027675431e-03,2.4016292396e-03,2.4002929959e-03,2.3987215536e-03,2.3968697180e-03,2.3946823852e-03,2.3920920000e-03,2.3890152603e-03,2.3853488195e-03,2.3809636513e-03,2.3756976197e-03,2.3693456349e-03,2.3616465573e-03,2.3522657073e-03,2.3407714529e-03,2.3266038553e-03,2.3090327040e-03,2.2871017069e-03,2.2595550555e-03,2.2247428779e-03,2.1805043090e-03,2.1240338976e-03,2.0517545681e-03,1.9592592217e-03,1.8414610849e-03,1.6932290896e-03,1.5109622679e-03,1.2956029925e-03,1.0569435074e-03,8.1687827941e-04,6.0621558598e-04,4.5152078169e-04,3.6001574307e-04,3.1782357818e-04,3.0308322788e-04,2.9926179819e-04,2.9851503165e-04,2.9836556840e-04,2.9827590654e-04,2.9818940762e-04,2.9811318350e-04,2.9811400168e-04,2.9843018821e-04,2.9961790658e-04,3.0248632960e-04,3.0767748275e-04,3.1521378458e-04,3.2443942300e-04,3.3434329222e-04,3.4395171846e-04,3.5256709766e-04,3.5982338241e-04,3.6562902979e-04,3.7007279817e-04,3.7333729740e-04,3.7563679940e-04,3.7717964449e-04,3.7814939299e-04,3.7869811136e-04,3.7894652331e-04,3.7898747185e-04,3.7889056022e-04,3.7870682518e-04,3.7847290915e-04,3.7821454516e-04,3.7794934854e-04,3.7768899020e-04,3.7744085378e-04,3.7720927906e-04,3.7699648273e-04,3.7680323250e-04,3.7662933499e-04,3.7647398496e-04,3.7633601213e-04,3.7621405286e-04,3.7610666751e-04,3.7601241838e-04,3.7592991979e-04,3.7585786834e-04,3.7579505939e-04,3.7574039420e-04,3.7569288072e-04,3.7565163035e-04,3.7561585218e-04,3.7558484591e-04,3.7555799400e-04,3.7553475384e-04,3.7551465000e-04,3.7549726690e-04,3.7548224202e-04,3.7546925967e-04,3.7545804529e-04,3.7544836046e-04,3.7543999828e-04,3.7543277938e-04,3.7542654842e-04,3.7542117090e-04,3.7541653044e-04,3.7541252642e-04,3.7540907182e-04,3.7540609149e-04,3.7540352046e-04,3.7540130265e-04,3.7539938961e-04,3.7539773953e-04,3.7539631627e-04,3.7539508864e-04,3.7539402962e-04,3.7539311572e-04,3.7539232677e-04,3.7539164530e-04,3.7539105542e-04,3.7539054463e-04,3.7539010072e-04,3.7538971499e-04,3.7538937818e-04,3.7538908486e-04,3.7538882745e-04,3.7538860267e-04,3.7538837494e-04,3.7538814180e-04,3.7538790154e-04,3.7538765476e-04,3.7538739977e-04,3.7538713326e-04,3.7538685417e-04,3.7538655875e-04,3.7538624098e-04,3.7538589825e-04,3.7538552301e-04,3.7538510513e-04,3.7538463409e-04,3.7538409313e-04,3.7538345332e-04,3.7538267943e-04,3.7538170147e-04,3.7538036944e-04,3.7537832636e-04,4.9636591540e-02,4.9636589790e-02,4.9636566297e-02,4.9636545512e-02,4.9636529349e-02,4.9636516246e-02,4.9636507951e-02,4.9636499975e-02,4.9636490481e-02,4.9636483398e-02,4.9636474515e-02,4.9636466224e-02,4.9636456445e-02,4.9636447668e-02,4.9636435286e-02,4.9636424316e-02,4.9636412630e-02,4.9636397165e-02,4.9636384048e-02,4.9636370792e-02,4.9636358330e-02,4.9636342592e-02,4.9636321884e-02,4.9636289807e-02,4.9636241541e-02,4.9636165514e-02,4.9636049719e-02,4.9635872988e-02,4.9635603059e-02,4.9635190725e-02,4.9634560846e-02,4.9633598612e-02,4.9632128580e-02,4.9629882590e-02,4.9626450634e-02,4.9621205500e-02,4.9613186966e-02,4.9600923253e-02,4.9582154432e-02,4.9553400886e-02,4.9509282866e-02,4.9441430980e-02,4.9336703125e-02,4.9174176862e-02,4.8919868778e-02,4.8516981121e-02,4.7866762895e-02,4.6788316983e-02,4.4928137022e-02,4.1545300086e-02,3.5020034876e-02,2.2404900596e-02,1.5017993824e-02,1.1397138977e-02,9.7297121987e-03,8.9803572905e-03,8.6477904534e-03,8.5013155474e-03,8.4370725115e-03,8.4089240013e-03,8.3965613660e-03,8.3910980962e-03,8.3886576105e-03,8.3875493905e-03,8.3870343896e-03,8.3867876650e-03,8.3866649578e-03,8.3866012774e-03,8.3865667295e-03,8.3865471742e-03,8.3865356847e-03,8.3865287256e-03,8.3865244110e-03,8.3865216897e-03,8.3865199525e-03,8.3865188343e-03,8.3865181106e-03,8.3865176408e-03,8.3865173358e-03,8.3865171370e-03,8.3865170084e-03,8.3865169245e-03,8.3865168408e-03,8.3865167575e-03,8.3865166750e-03,8.3865165919e-03,8.3865165099e-03,8.3865164302e-03,8.3865163509e-03,8.3865162731e-03,8.3865161958e-03,8.3865161222e-03,8.3865160483e-03,8.3865159801e-03,8.3865159151e-03,8.3865158558e-03,8.3865158015e-03,8.3865157552e-03,8.3865157220e-03,8.3865157005e-03,8.3865156982e-03,8.3865151220e-03
4.3662859378e+01,8.6000011807e-08,8.5862485333e-08,8.5725242559e-08,8.5588283031e-08,8.5451604450e-08,8.5315208199e-08,8.5179091887e-08,8.5043256016e-08,8.4907699964e-08,8.4772422687e-08,8.4637423693e-08,8.4502702600e-08,8.4368258808e-08,8.4234091668e-08,8.4100200697e-08,8.3966584874e-08,8.3833244220e-08,8.3700177871e-08,8.3567385498e-08,8.3434865628e-08,8.3302619224e-08,8.3170646641e-08,8.2974919127e-08,8.2684997686e-08,8.2256347601e-08,8.1624332298e-08,8.0696284271e-08,7.9341835715e-08,7.7382943774e-08,7.4587905690e-08,7.0679291261e-08,6.5374943800e-08,5.8491309627e-08,5.0134905694e-08,4.0952475963e-08,3.2254541006e-08,2.5641190432e-08,2.1986150704e-08,2.0688137624e-08,2.0426843987e-08,2.0399854857e-08,2.0398532650e-08,2.0398525542e-08,2.0398560513e-08,2.0398579392e-08,2.0398592681e-08,2.0398597882e-08,2.0398599095e-08,2.0398599244e-08,2.0398599253e-08,2.0398599253e-08,2.0398599162e-08,2.0398588587e-08,2.0398118939e-08,2.0389108537e-08,2.0308526013e-08,1.9940579045e-08,1.8968448581e-08,1.7251000487e-08,1.4959450927e-08,1.3685144085e-08,6.5133085788e-08,1.1038832809e-06,1.0752246584e-05,5.6773889234e-05,1.8252205991e-04,4.0726592415e-04,7.0457314225e-04,1.0242160813e-03,1.3220448538e-03,1.5732203281e-03,1.7707710959e-03,1.9187424753e-03,2.0258745407e-03,2.1016378428e-03,2.1543597594e-03,2.1906455785e-03,2.2154327146e-03,2.2322791377e-03,2.2436894195e-03,2.2513998510e-03,2.2566020126e-03,2.2618176414e-03,2.2670466538e-03,2.2722890660e-03,2.2775448830e-03,2.2828141057e-03,2.2880967237e-03,2.2933927162e-03,2.2987020489e-03,2.3040246686e-03,2.3093605040e-03,2.3147094604e-03,2.3200714135e-03,2.3254462048e-03,2.3308336347e-03,2.3362334612e-03,2.3416453813e-03,2.3470690252e-03,2.3525039487e-03,2.3579496149e-03,2.3634053842e-03,2.3634026511e-03,2.3634013300e-03,2.3633997909e-03,2.3633981493e-03,2.3633964247e-03,2.3633946825e-03,2.3633929529e-03,2.3633911725e-03,2.3633894035e-03,2.3633876485e-03,2.3633858979e-03,2.3633841825e-03,2.3633824469e-03,2.3633807639e-03,2.3633790678e-03,2.3633773769e-03,2.3633757134e-03,2.3633740473e-03,2.3633724014e-03,2.3633707509e-03,2.3633691033e-03,2.3633672017e-03,2.3633650152e-03,2.3633624621e-03,2.3633595184e-03,2.3633561119e-03,2.3633521669e-03,2.3633475971e-03,2.3633422947e-03,2.3633361534e-03,2.3633290321e-03,2.3633207721e-03,2.3633111947e-03,2.3633000844e-03,2.3632871990e-03,2.3632722518e-03,2.3632549099e-03,2.3632348304e-03,2.3632114897e-03,2.3631844347e-03,2.3631530494e-03,2.3631166384e-03,2.3630743920e-03,2.3630253732e-03,2.3629684884e-03,2.3629024739e-03,2.3628258489e-03,2.3627368996e-03,2.3626336246e-03,2.3625136950e-03,2.3623743927e-03,2.3622125488e-03,2.3620244588e-03,2.3618057924e-03,2.3615514786e-03,2.3612555708e-03,2.3609110861e-03,2.3605098061e-03,2.3600420413e-03,2.3594963384e-03,2.3588591239e-03,2.3581142643e-03,2.3572425181e-03,2.3562208551e-03,2.3550215973e-03,2.3536113362e-03,2.3519495515e-03,2.3499868465e-03,2.3476626706e-03,2.3449023698e-03,2.3416133376e-03,2.3376799682e-03,2.3329570002e-03,2.3272606919e-03,2.3203570724e-03,2.3119462333e-03,2.3016412663e-03,2.2889399759e-03,2.2731869122e-03,2.2535225813e-03,2.2288161044e-03,2.1975774292e-03,2.1578464877e-03,2.1070615819e-03,2.0419224445e-03,1.9582940540e-03,1.8512615545e-03,1.7155660412e-03,1.5468293468e-03,1.3441081641e-03,1.1139734393e-03,8.7460091594e-04,6.5513174815e-04,4.8509508720e-04,3.7809820560e-04,3.2524138229e-04,3.0533104592e-04,2.9974362648e-04,2.9857622473e-04,2.9836027702e-04,2.9826917516e-04,2.9819051207e-04,2.9812965646e-04,2.9817417829e-04,2.9861052077e-04,3.0003938189e-04,3.0323284202e-04,3.0868816789e-04,3.1626375348e-04,3.2522715611e-04,3.3460301783e-04,3.4352055327e-04,3.5139498142e-04,3.5794787502e-04,3.6313986498e-04,3.6708106478e-04,3.6995437085e-04,3.7196258057e-04,3.7329762465e-04,3.7412594397e-04,3.7458399902e-04,3.7477933705e-04,3.7479421853e-04,3.7469004577e-04,3.7451167351e-04,3.7429119090e-04,3.7405104811e-04,3.7380654437e-04,3.7356775592e-04,3.7334100132e-04,3.7312993814e-04,3.7293637344e-04,3.7276085604e-04,3.7260310448e-04,3.7246231285e-04,3.7233736636e-04,3.7222699107e-04,3.7212985578e-04,3.7204463944e-04,3.7197007417e-04,3.7190497093e-04,3.7184823322e-04,3.7179886259e-04,3.7175595874e-04,3.7171871606e-04,3.7168641815e-04,3.7165843105e-04,3.7163419610e-04,3.7161322261e-04,3.7159508079e-04,3.7157939512e-04,3.7156583809e-04,3.7155412455e-04,3.7154400658e-04,3.7153526890e-04,3.7152772472e-04,3.7152121215e-04,3.7151559096e-04,3.7151073978e-04,3.7150655358e-04,3.7150294157e-04,3.7149982523e-04,3.7149713674e-04,3.7149481749e-04,3.7149281689e-04,3.7149109121e-04,3.7148960276e-04,3.7148831889e-04,3.7148721153e-04,3.7148625623e-04,3.7148543195e-04,3.7148472033e-04,3.7148410520e-04,3.7148357336e-04,3.7148311237e-04,3.7148271216e-04,3.7148236363e-04,3.7148206101e-04,3.7148179612e-04,3.7148156419e-04,3.7148136104e-04,3.7148115475e-04,3.7148094422e-04,3.7148072758e-04,3.7148050576e-04,3.7148027586e-04,3.7148003633e-04,3.7147978424e-04,3.7147951594e-04,3.7147923157e-04,3.7147892063e-04,3.7147858248e-04,3.7147820457e-04,3.7147777913e-04,3.7147728777e-04,3.7147670900e-04,3.7147601087e-04,3.7147512613e-04,3.7147392319e-04,3.7147207091e-04,4.9670727185e-02,4.9670725727e-02,4.9670704557e-02,4.9670686135e-02,4.9670671083e-02,4.9670659887e-02,4.9670650209e-02,4.9670642781e-02,4.9670637824e-02,4.9670629995e-02,4.9670623621e-02,4.9670614587e-02,4.9670607068e-02,4.9670593828e-02,4.9670584183e-02,4.9670573527e-02,4.9670560676e-02,4.9670551668e-02,4.9670538802e-02,4.9670526517e-02,4.9670512198e-02,4.9670501232e-02,4.9670483479e-02,4.9670450314e-02,4.9670408054e-02,4.9670338451e-02,4.9670232747e-02,4.9670071522e-02,4.9669825245e-02,4.9669449048e-02,4.9668874372e-02,4.9667996471e-02,4.9666655278e-02,4.9664606141e-02,4.9661474997e-02,4.9656689630e-02,4.9649374039e-02,4.9638185583e-02,4.9621062755e-02,4.9594831732e-02,4.9554586208e-02,4.9492694871e-02,4.9397178096e-02,4.9248972054e-02,4.9017129731e-02,4.8649965321e-02,4.8057686096e-02,4.7075894529e-02,4.5383140820e-02,4.2302792269e-02,3.6330100790e-02,2.4493461642e-02,1.7195517185e-02,1.3474957111e-02,1.1718323646e-02,1.0916808224e-02,1.0557763722e-02,1.0398701016e-02,1.0328676625e-02,1.0297921037e-02,1.0284392180e-02,1.0278407362e-02,1.0275732056e-02,1.0274516635e-02,1.0273951629e-02,1.0273680882e-02,1.0273546201e-02,1.0273476295e-02,1.0273438365e-02,1.0273416893e-02,1.0273404277e-02,1.0273396634e-02,1.0273391896e-02,1.0273388907e-02,1.0273386999e-02,1.0273385771e-02,1.0273384977e-02,1.0273384461e-02,1.0273384128e-02,1.0273383912e-02,1.0273383771e-02,1.0273383680e-02,1.0273383588e-02,1.0273383499e-02,1.0273383410e-02,1.0273383323e-02,1.0273383235e-02,1.0273383151e-02,1.0273383070e-02,1.0273382989e-02,1.0273382913e-02,1.0273382841e-02,1.0273382773e-02,1.0273382710e-02,1.0273382654e-02,1.0273382609e-02,1.0273382578e-02,1.0273382563e-02,1.0273382565e-02,1.0273382597e-02,1.0273382664e-02,1.0273381686e-02
4.6986098198e+01,8.6000013005e-08,8.5862485310e-08,8.5725243028e-08,8.5588282677e-08,8.5451604818e-08,8.5315207635e-08,8.5179092128e-08,8.5043256307e-08,8.4907699568e-08,8.4772422902e-08,8.4637423702e-08,8.4502702554e-08,8.4368258725e-08,8.4234091922e-08,8.4100200384e-08,8.3966584855e-08,8.3833244225e-08,8.3700177967e-08,8.3567385224e-08,8.3434865948e-08,8.3302619003e-08,8.3170646692e-08,8.2974919125e-08,8.2684997662e-08,8.2256347604e-08,8.1624332300e-08,8.0696284301e-08,7.9341835670e-08,7.7382943787e-08,7.4587905685e-08,7.0679291258e-08,6.5374943788e-08,5.8491309614e-08,5.0134905691e-08,4.0952475949e-08,3.2254541013e-08,2.5641190431e-08,2.1986150787e-08,2.0688137555e-08,2.0426844106e-08,2.0399854660e-08,2.0398532973e-08,2.0398529946e-08,2.0398557323e-08,2.0398579478e-08,2.0398592672e-08,2.0398597886e-08,2.0398599095e-08,2.0398599244e-08,2.0398599253e-08,2.0398599253e-08,2.0398599162e-08,2.0398588577e-08,2.0398118531e-08,2.0389100700e-08,2.0308452763e-08,1.9940207743e-08,1.8967276316e-08,1.7248348499e-08,1.4954423248e-08,1.3656102628e-08,6.4207384332e-08,1.0856873452e-06,1.0573695348e-05,5.5827986036e-05,1.7946128322e-04,4.0035630797e-04,6.9242686074e-04,1.0062425956e-03,1.2984453504e-03,1.5447192233e-03,1.7383083585e-03,1.8832481491e-03,1.9881498131e-03,2.0623173189e-03,2.1139195654e-03,2.1494303353e-03,2.1736859331e-03,2.1901701248e-03,2.2013346146e-03,2.2088787486e-03,2.2139686183e-03,2.2190715876e-03,2.2241875770e-03,2.2293166003e-03,2.2344586632e-03,2.2396137669e-03,2.2447818991e-03,2.2499630414e-03,2.2551571581e-03,2.2603641999e-03,2.2655840969e-03,2.2708167558e-03,2.2760620579e-03,2.2813198493e-03,2.2865899367e-03,2.2918720839e-03,2.2971659960e-03,2.3024713222e-03,2.3077876247e-03,2.3131143852e-03,2.3184509793e-03,2.3184485537e-03,2.3184472277e-03,2.3184458450e-03,2.3184444286e-03,2.3184428983e-03,2.3184413147e-03,2.3184397718e-03,2.3184381343e-03,2.3184365317e-03,2.3184349724e-03,2.3184334340e-03,2.3184318613e-03,2.3184303119e-03,2.3184287975e-03,2.3184272836e-03,2.3184257586e-03,2.3184242726e-03,2.3184227748e-03,2.3184212885e-03,2.3184198158e-03,2.3184183325e-03,2.3184166247e-03,2.3184146520e-03,2.3184123739e-03,2.3184097300e-03,2.3184066742e-03,2.3184031327e-03,2.3183990286e-03,2.3183942752e-03,2.3183887627e-03,2.3183823716e-03,2.3183749582e-03,2.3183663641e-03,2.3183563933e-03,2.3183448301e-03,2.3183314199e-03,2.3183158871e-03,2.3182977973e-03,2.3182768868e-03,2.3182526088e-03,2.3182244440e-03,2.3181917672e-03,2.3181538546e-03,2.3181098643e-03,2.3180588179e-03,2.3179995755e-03,2.3179308136e-03,2.3178509917e-03,2.3177583148e-03,2.3176506930e-03,2.3175256874e-03,2.3173804557e-03,2.3172116730e-03,2.3170154554e-03,2.3167872530e-03,2.3165217318e-03,2.3162126272e-03,2.3158525691e-03,2.3154328657e-03,2.3149432465e-03,2.3143715390e-03,2.3137032776e-03,2.3129212115e-03,2.3120046955e-03,2.3109289217e-03,2.3096639492e-03,2.3081734703e-03,2.3064132291e-03,2.3043289862e-03,2.3018538778e-03,2.2989049743e-03,2.2953787626e-03,2.2911451898e-03,2.2860397610e-03,2.2798530120e-03,2.2723164212e-03,2.2630834924e-03,2.2517042949e-03,2.2375911860e-03,2.2199727521e-03,2.1978323292e-03,2.1698270073e-03,2.1341836119e-03,2.0885713950e-03,2.0299608052e-03,1.9545014758e-03,1.8575044532e-03,1.7337156239e-03,1.5782354731e-03,1.3886208143e-03,1.1685878428e-03,9.3251607590e-04,7.0692074937e-04,5.2288009717e-04,3.9987611409e-04,3.3486779948e-04,3.0850016128e-04,3.0049378999e-04,2.9869254962e-04,2.9836408201e-04,2.9826504583e-04,2.9819407966e-04,2.9815145300e-04,2.9824945550e-04,2.9882370638e-04,3.0050515900e-04,3.0400448980e-04,3.0966781120e-04,3.1721188586e-04,3.2585886864e-04,3.3468759724e-04,3.4293100492e-04,3.5010705125e-04,3.5601209931e-04,3.6064831239e-04,3.6414030249e-04,3.6666784949e-04,3.6842131402e-04,3.6957668803e-04,3.7028444368e-04,3.7066679066e-04,3.7081940002e-04,3.7081507762e-04,3.7070794605e-04,3.7053740062e-04,3.7033152777e-04,3.7010990503e-04,3.6988581535e-04,3.6966795585e-04,3.6946173226e-04,3.6927022546e-04,3.6909490440e-04,3.6893614601e-04,3.6879361037e-04,3.6866650821e-04,3.6855378918e-04,3.6845427222e-04,3.6836673398e-04,3.6828996713e-04,3.6822281719e-04,3.6816420438e-04,3.6811313489e-04,3.6806870518e-04,3.6803010144e-04,3.6799659619e-04,3.6796754296e-04,3.6794237005e-04,3.6792057389e-04,3.6790171240e-04,3.6788539848e-04,3.6787129401e-04,3.6785910417e-04,3.6784857233e-04,3.6783947542e-04,3.6783161973e-04,3.6782483725e-04,3.6781898235e-04,3.6781392891e-04,3.6780956778e-04,3.6780580451e-04,3.6780255745e-04,3.6779975601e-04,3.6779733922e-04,3.6779525436e-04,3.6779345596e-04,3.6779190471e-04,3.6779056670e-04,3.6778941264e-04,3.6778841718e-04,3.6778755843e-04,3.6778681742e-04,3.6778617768e-04,3.6778562516e-04,3.6778514694e-04,3.6778473238e-04,3.6778437253e-04,3.6778405954e-04,3.6778378756e-04,3.6778354946e-04,3.6778334085e-04,3.6778315799e-04,3.6778297257e-04,3.6778278393e-04,3.6778258913e-04,3.6778238893e-04,3.6778218206e-04,3.6778196658e-04,3.6778173867e-04,3.6778149997e-04,3.6778124220e-04,3.6778096383e-04,3.6778065752e-04,3.6778031742e-04,3.6777993216e-04,3.6777948895e-04,3.6777897011e-04,3.6777833479e-04,3.6777753611e-04,3.6777644359e-04,3.6777477441e-04,4.9703693505e-02,4.9703692038e-02,4.9703673391e-02,4.9703656489e-02,4.9703643284e-02,4.9703632989e-02,4.9703624456e-02,4.9703618682e-02,4.9703610931e-02,4.9703604314e-02,4.9703598911e-02,4.9703588931e-02,4.9703582729e-02,4.9703574051e-02,4.9703564830e-02,4.9703553147e-02,4.9703541810e-02,4.9703532371e-02,4.9703522677e-02,4.9703509961e-02,4.9703501054e-02,4.9703487346e-02,4.9703471447e-02,4.9703444099e-02,4.9703402847e-02,4.9703340149e-02,4.9703244219e-02,4.9703097737e-02,4.9702873993e-02,4.9702532212e-02,4.9702010110e-02,4.9701212523e-02,4.9699994031e-02,4.9698132366e-02,4.9695287696e-02,4.9690940177e-02,4.9684294004e-02,4.9674129497e-02,4.9658574054e-02,4.9634744930e-02,4.9598186373e-02,4.9541969206e-02,4.9455219102e-02,4.9320638201e-02,4.9110162052e-02,4.8776953490e-02,4.8239712645e-02,4.7349702585e-02,4.5816084127e-02,4.3024918336e-02,3.7593541656e-02,2.6624075256e-02,1.9548238854e-02,1.5805909097e-02,1.3994819125e-02,1.3155344122e-02,1.2775506687e-02,1.2606142634e-02,1.2531269694e-02,1.2498294137e-02,1.2483762543e-02,1.2477326456e-02,1.2474447125e-02,1.2473138298e-02,1.2472529635e-02,1.2472237884e-02,1.2472092721e-02,1.2472017361e-02,1.2471976466e-02,1.2471953312e-02,1.2471939706e-02,1.2471931463e-02,1.2471926353e-02,1.2471923129e-02,1.2471921071e-02,1.2471919746e-02,1.2471918890e-02,1.2471918335e-02,1.2471917977e-02,1.2471917746e-02,1.2471917596e-02,1.2471917499e-02,1.2471917406e-02,1.2471917310e-02,1.2471917218e-02,1.2471917127e-02,1.2471917038e-02,1.2471916953e-02,1.2471916874e-02,1.2471916797e-02,1.2471916724e-02,1.2471916658e-02,1.2471916603e-02,1.2471916558e-02,1.2471916522e-02,1.2471916510e-02,1.2471916512e-02,1.2471916546e-02,1.2471916615e-02,1.2471916731e-02,1.2471916915e-02,1.2471915327e-02
5.0562273185e+01,8.6000012040e-08,8.5862485319e-08,8.5725242975e-08,8.5588282705e-08,8.5451604636e-08,8.5315208003e-08,8.5179091920e-08,8.5043256346e-08,8.4907699680e-08,8.4772422640e-08,8.4637423905e-08,8.4502702704e-08,8.4368258597e-08,8.4234091800e-08,8.4100200586e-08,8.3966584893e-08,8.3833244160e-08,8.3700178060e-08,8.3567385286e-08,8.3434865826e-08,8.3302619009e-08,8.3170646683e-08,8.2974919097e-08,8.2684997702e-08,8.2256347604e-08,8.1624332254e-08,8.0696284333e-08,7.9341835695e-08,7.7382943773e-08,7.4587905694e-08,7.0679291267e-08,6.5374943790e-08,5.8491309623e-08,5.0134905691e-08,4.0952475955e-08,3.2254541019e-08,2.5641190425e-08,2.1986150785e-08,2.0688137560e-08,2.0426844108e-08,2.0399854653e-08,2.0398532975e-08,2.0398529944e-08,2.0398557325e-08,2.0398579478e-08,2.0398592672e-08,2.0398597886e-08,2.0398599095e-08,2.0398599244e-08,2.0398599253e-08,2.0398599253e-08,2.0398599162e-08,2.0398588568e-08,2.0398118143e-08,2.0389093264e-08,2.0308383196e-08,1.9939854905e-08,1.8966162081e-08,1.7245827986e-08,1.4949645387e-08,1.3627924873e-08,6.3303594196e-08,1.0679178562e-06,1.0399334949e-05,5.4904372568e-05,1.7647328262e-04,3.9361369218e-04,6.8058090575e-04,9.8872511573e-04,1.2754598468e-03,1.5169762136e-03,1.7067247376e-03,1.8487283878e-03,1.9514714829e-03,2.0240954376e-03,2.0746151005e-03,2.1093767020e-03,2.1331186097e-03,2.1492527799e-03,2.1601797836e-03,2.1675632499e-03,2.1725446321e-03,2.1775387651e-03,2.1825455693e-03,2.1875650579e-03,2.1925972368e-03,2.1976421060e-03,2.2026996554e-03,2.2077698646e-03,2.2128527012e-03,2.2179481146e-03,2.2230560392e-03,2.2281763834e-03,2.2333090320e-03,2.2384538350e-03,2.2436106083e-03,2.2487791191e-03,2.2539590846e-03,2.2591501607e-03,2.2643519257e-03,2.2695638753e-03,2.2747854008e-03,2.2747832311e-03,2.2747820500e-03,2.2747807906e-03,2.2747794724e-03,2.2747780709e-03,2.2747767058e-03,2.2747752688e-03,2.2747738169e-03,2.2747724247e-03,2.2747709894e-03,2.2747695786e-03,2.2747681759e-03,2.2747668008e-03,2.2747654300e-03,2.2747640627e-03,2.2747627026e-03,2.2747613673e-03,2.2747600275e-03,2.2747587077e-03,2.2747573665e-03,2.2747560452e-03,2.2747545191e-03,2.2747527443e-03,2.2747506986e-03,2.2747483271e-03,2.2747455847e-03,2.2747424111e-03,2.2747387298e-03,2.2747344658e-03,2.2747295191e-03,2.2747237876e-03,2.2747171378e-03,2.2747094262e-03,2.2747004836e-03,2.2746901123e-03,2.2746780855e-03,2.2746641404e-03,2.2746479375e-03,2.2746291659e-03,2.2746073935e-03,2.2745821283e-03,2.2745528180e-03,2.2745188126e-03,2.2744793537e-03,2.2744335665e-03,2.2743804278e-03,2.2743187514e-03,2.2742471541e-03,2.2741640273e-03,2.2740674962e-03,2.2739553746e-03,2.2738251110e-03,2.2736737268e-03,2.2734977372e-03,2.2732930634e-03,2.2730549223e-03,2.2727776978e-03,2.2724547817e-03,2.2720783832e-03,2.2716392952e-03,2.2711266086e-03,2.2705273588e-03,2.2698260880e-03,2.2690042987e-03,2.2680397668e-03,2.2669056739e-03,2.2655695039e-03,2.2639916290e-03,2.2621234901e-03,2.2599052364e-03,2.2572626480e-03,2.2541030983e-03,2.2503102262e-03,2.2457368688e-03,2.2401956406e-03,2.2334463131e-03,2.2251788512e-03,2.2149905417e-03,2.2023551153e-03,2.1865811045e-03,2.1667559274e-03,2.1416715776e-03,2.1097278275e-03,2.0688108375e-03,2.0161519211e-03,1.9481892392e-03,1.8604963981e-03,1.7479269245e-03,1.6052751477e-03,1.4289545080e-03,1.2202385329e-03,9.8982761280e-04,7.6091224846e-04,5.6469438791e-04,4.2563289712e-04,3.4711619236e-04,3.1287069082e-04,3.0162834857e-04,2.9889500934e-04,2.9838223294e-04,2.9826380824e-04,2.9819988979e-04,2.9817906875e-04,2.9834163448e-04,2.9907070088e-04,3.0101019893e-04,3.0478816599e-04,3.1060057205e-04,3.1804797933e-04,3.2633493659e-04,3.3460760114e-04,3.4220010379e-04,3.4872237325e-04,3.5403368779e-04,3.5816855350e-04,3.6126049614e-04,3.6348363394e-04,3.6501538986e-04,3.6601646018e-04,3.6662249606e-04,3.6694272028e-04,3.6706210435e-04,3.6704500342e-04,3.6693907197e-04,3.6677887880e-04,3.6658898835e-04,3.6638646326e-04,3.6618283214e-04,3.6598560173e-04,3.6579939904e-04,3.6562682205e-04,3.6546906582e-04,3.6532637845e-04,3.6519838940e-04,3.6508434319e-04,3.6498326356e-04,3.6489406688e-04,3.6481563878e-04,3.6474688452e-04,3.6468676057e-04,3.6463429307e-04,3.6458858727e-04,3.6454883069e-04,3.6451429234e-04,3.6448431926e-04,3.6445833160e-04,3.6443581685e-04,3.6441632379e-04,3.6439945640e-04,3.6438486808e-04,3.6437225611e-04,3.6436135663e-04,3.6435193998e-04,3.6434380656e-04,3.6433678309e-04,3.6433071926e-04,3.6432548484e-04,3.6432096702e-04,3.6431706818e-04,3.6431370387e-04,3.6431080108e-04,3.6430829669e-04,3.6430613616e-04,3.6430427240e-04,3.6430266472e-04,3.6430127800e-04,3.6430008189e-04,3.6429905023e-04,3.6429816036e-04,3.6429739276e-04,3.6429673043e-04,3.6429615864e-04,3.6429566432e-04,3.6429523705e-04,3.6429486629e-04,3.6429454509e-04,3.6429426548e-04,3.6429402119e-04,3.6429380778e-04,3.6429362191e-04,3.6429345911e-04,3.6429329344e-04,3.6429312445e-04,3.6429295057e-04,3.6429277232e-04,3.6429258622e-04,3.6429239412e-04,3.6429219127e-04,3.6429197612e-04,3.6429174604e-04,3.6429149744e-04,3.6429122391e-04,3.6429092064e-04,3.6429057541e-04,3.6429018117e-04,3.6428971518e-04,3.6428915161e-04,3.6428844090e-04,3.6428747714e-04,3.6428600933e-04,4.9735338594e-02,4.9735339802e-02,4.9735323337e-02,4.9735308401e-02,4.9735297566e-02,4.9735287973e-02,4.9735279807e-02,4.9735273097e-02,4.9735267324e-02,4.9735260876e-02,4.9735255790e-02,4.9735249351e-02,4.9735239819e-02,4.9735231558e-02,4.9735220270e-02,4.9735214361e-02,4.9735204450e-02,4.9735195152e-02,4.9735182780e-02,4.9735172327e-02,4.9735162091e-02,4.9735152557e-02,4.9735138776e-02,4.9735113744e-02,4.9735075980e-02,4.9735019342e-02,4.9734932696e-02,4.9734800400e-02,4.9734598303e-02,4.9734289593e-02,4.9733818009e-02,4.9733097596e-02,4.9731997007e-02,4.9730315484e-02,4.9727746085e-02,4.9723819287e-02,4.9717816333e-02,4.9708635675e-02,4.9694586170e-02,4.9673064640e-02,4.9640047952e-02,4.9589280871e-02,4.9510949448e-02,4.9389448816e-02,4.9199475516e-02,4.8898832033e-02,4.8414339923e-02,4.7612248356e-02,4.6231150910e-02,4.3718420296e-02,3.8818562861e-02,2.8784781308e-02,2.2057537454e-02,1.8377498985e-02,1.6553182631e-02,1.5693856870e-02,1.5300883337e-02,1.5124427235e-02,1.5046055595e-02,1.5011432739e-02,1.4996144060e-02,1.4989363462e-02,1.4986327241e-02,1.4984946235e-02,1.4984303721e-02,1.4983995642e-02,1.4983842315e-02,1.4983762700e-02,1.4983719487e-02,1.4983695018e-02,1.4983680638e-02,1.4983671925e-02,1.4983666523e-02,1.4983663115e-02,1.4983660940e-02,1.4983659539e-02,1.4983658634e-02,1.4983658049e-02,1.4983657674e-02,1.4983657431e-02,1.4983657276e-02,1.4983657177e-02,1.4983657074e-02,1.4983656987e-02,1.4983656890e-02,1.4983656801e-02,1.4983656715e-02,1.4983656631e-02,1.4983656557e-02,1.4983656491e-02,1.4983656428e-02,1.4983656374e-02,1.4983656337e-02,1.4983656320e-02,1.4983656317e-02,1.4983656352e-02,1.4983656412e-02,1.4983656517e-02,1.4983656680e-02,1.4983656917e-02,1.4983657254e-02,1.4983654850e-02
5.4410635649e+01,8.6000009483e-08,8.5862485299e-08,8.5725242754e-08,8.5588282814e-08,8.5451604933e-08,8.5315208080e-08,8.5179091995e-08,8.5043256051e-08,8.4907700026e-08,8.4772422375e-08,8.4637423921e-08,8.4502702632e-08,8.4368258889e-08,8.4234091520e-08,8.4100200602e-08,8.3966584744e-08,8.3833244538e-08,8.3700177911e-08,8.3567384933e-08,8.3434865804e-08,8.3302619236e-08,8.3170646738e-08,8.2974919117e-08,8.2684997710e-08,8.2256347574e-08,8.1624332305e-08,8.0696284325e-08,7.9341835690e-08,7.7382943787e-08,7.4587905683e-08,7.0679291263e-08,6.5374943798e-08,5.8491309622e-08,5.0134905691e-08,4.0952475954e-08,3.2254541016e-08,2.5641190433e-08,2.1986150791e-08,2.0688137551e-08,2.0426844110e-08,2.0399854654e-08,2.0398532975e-08,2.0398529946e-08,2.0398557324e-08,2.0398579477e-08,2.0398592672e-08,2.0398597886e-08,2.0398599095e-08,2.0398599244e-08,2.0398599253e-08,2.0398599253e-08,2.0398599162e-08,2.0398588560e-08,2.0398117775e-08,2.0389086183e-08,2.0308316872e-08,1.9939518326e-08,1.8965099040e-08,1.7243423385e-08,1.4945088935e-08,1.3600582937e-08,6.2422298058e-08,1.0505873946e-06,1.0229288188e-05,5.4003689612e-05,1.7356007388e-04,3.8704240632e-04,6.6904234163e-04,9.7167313681e-04,1.2530995069e-03,1.4900033191e-03,1.6760325019e-03,1.8151953643e-03,1.9158514846e-03,1.9869838735e-03,2.0364578101e-03,2.0704959424e-03,2.0937418738e-03,2.1095381345e-03,2.1202358903e-03,2.1274642705e-03,2.1323409396e-03,2.1372300248e-03,2.1421314486e-03,2.1470452230e-03,2.1519713535e-03,2.1569098396e-03,2.1618606721e-03,2.1668238301e-03,2.1717992833e-03,2.1767869821e-03,2.1817868628e-03,2.1867988352e-03,2.1918227898e-03,2.1968585785e-03,2.2019060238e-03,2.2069649012e-03,2.2120349376e-03,2.2171157914e-03,2.2222070614e-03,2.2273082532e-03,2.2324187766e-03,2.2324167494e-03,2.2324156817e-03,2.2324146164e-03,2.2324134117e-03,2.2324121579e-03,2.2324109325e-03,2.2324096351e-03,2.2324083399e-03,2.2324070578e-03,2.2324057863e-03,2.2324045434e-03,2.2324032739e-03,2.2324020382e-03,2.2324008234e-03,2.2323995902e-03,2.2323983674e-03,2.2323971592e-03,2.2323959607e-03,2.2323947817e-03,2.2323935849e-03,2.2323923895e-03,2.2323910379e-03,2.2323894305e-03,2.2323876037e-03,2.2323854784e-03,2.2323830236e-03,2.2323801729e-03,2.2323768758e-03,2.2323730492e-03,2.2323686167e-03,2.2323634746e-03,2.2323575169e-03,2.2323506010e-03,2.2323425832e-03,2.2323332852e-03,2.2323225012e-03,2.2323099986e-03,2.2322954666e-03,2.2322786515e-03,2.2322591181e-03,2.2322364724e-03,2.2322101919e-03,2.2321797043e-03,2.2321443287e-03,2.2321032780e-03,2.2320556379e-03,2.2320003422e-03,2.2319361535e-03,2.2318616282e-03,2.2317750867e-03,2.2316745678e-03,2.2315577870e-03,2.2314220721e-03,2.2312643011e-03,2.2310808179e-03,2.2308673361e-03,2.2306188230e-03,2.2303293568e-03,2.2299919572e-03,2.2295983754e-03,2.2291388385e-03,2.2286017335e-03,2.2279732163e-03,2.2272367216e-03,2.2263723507e-03,2.2253560944e-03,2.2241588478e-03,2.2227451463e-03,2.2210715402e-03,2.2190844862e-03,2.2167175983e-03,2.2138880404e-03,2.2104917680e-03,2.2063972109e-03,2.2014368515e-03,2.1953959353e-03,2.1879972794e-03,2.1788807586e-03,2.1675755524e-03,2.1534625879e-03,2.1357238651e-03,2.1132746053e-03,2.0846738097e-03,2.0480098514e-03,2.0007623957e-03,1.9396552856e-03,1.8605471620e-03,1.7584760396e-03,1.6281059739e-03,1.4650247599e-03,1.2684884273e-03,1.0457854066e-03,8.1635668374e-04,6.1020654819e-04,4.5555582621e-04,3.6240221846e-04,3.1877095813e-04,3.0330067701e-04,2.9922948655e-04,2.9842362953e-04,2.9826650892e-04,2.9820813203e-04,2.9821349301e-04,2.9845275746e-04,2.9935171204e-04,3.0154810061e-04,3.0557057330e-04,3.1147259328e-04,3.1876513105e-04,3.2665878731e-04,3.3437540540e-04,3.4134531396e-04,3.4725950776e-04,3.5202941647e-04,3.5571405986e-04,3.5845138513e-04,3.6040799128e-04,3.6174819923e-04,3.6261815008e-04,3.6313978271e-04,3.6341049544e-04,3.6350561837e-04,3.6348194785e-04,3.6338138692e-04,3.6323423515e-04,3.6306195840e-04,3.6287942031e-04,3.6269662739e-04,3.6252006464e-04,3.6235370124e-04,3.6219973778e-04,3.6205915519e-04,3.6193211365e-04,3.6181823938e-04,3.6171682844e-04,3.6162698964e-04,3.6154774298e-04,3.6147808604e-04,3.6141703745e-04,3.6136366396e-04,3.6131709614e-04,3.6127653623e-04,3.6124126055e-04,3.6121061851e-04,3.6118402936e-04,3.6116097762e-04,3.6114100788e-04,3.6112371934e-04,3.6110876032e-04,3.6109582310e-04,3.6108463898e-04,3.6107497379e-04,3.6106662375e-04,3.6105941178e-04,3.6105318413e-04,3.6104780749e-04,3.6104316634e-04,3.6103916062e-04,3.6103570377e-04,3.6103272087e-04,3.6103014720e-04,3.6102792677e-04,3.6102601123e-04,3.6102435881e-04,3.6102293344e-04,3.6102170397e-04,3.6102064351e-04,3.6101972885e-04,3.6101893990e-04,3.6101825936e-04,3.6101767212e-04,3.6101716516e-04,3.6101672704e-04,3.6101634790e-04,3.6101601958e-04,3.6101573473e-04,3.6101548682e-04,3.6101526987e-04,3.6101508172e-04,3.6101491641e-04,3.6101477213e-04,3.6101462473e-04,3.6101447472e-04,3.6101432041e-04,3.6101416347e-04,3.6101399835e-04,3.6101382677e-04,3.6101364713e-04,3.6101345769e-04,3.6101325294e-04,3.6101303128e-04,3.6101278977e-04,3.6101251919e-04,3.6101221503e-04,3.6101186624e-04,3.6101145370e-04,3.6101095341e-04,3.6101033091e-04,3.6100948743e-04,3.6100821217e-04,4.9765648617e-02,4.9765652768e-02,4.9765638640e-02,4.9765626268e-02,4.9765615008e-02,4.9765607096e-02,4.9765600186e-02,4.9765595113e-02,4.9765589240e-02,4.9765582867e-02,4.9765576191e-02,4.9765570472e-02,4.9765561094e-02,4.9765555503e-02,4.9765545893e-02,4.9765536321e-02,4.9765528556e-02,4.9765518307e-02,4.9765510839e-02,4.9765502405e-02,4.9765490418e-02,4.9765483069e-02,4.9765468327e-02,4.9765446764e-02,4.9765413227e-02,4.9765362452e-02,4.9765284840e-02,4.9765166302e-02,4.9764985214e-02,4.9764708594e-02,4.9764286031e-02,4.9763640506e-02,4.9762654325e-02,4.9761147603e-02,4.9758845312e-02,4.9755326752e-02,4.9749947924e-02,4.9741721883e-02,4.9729133512e-02,4.9709850777e-02,4.9680270027e-02,4.9634789270e-02,4.9564621803e-02,4.9455801661e-02,4.9285695582e-02,4.9016588099e-02,4.8583138555e-02,4.7866058349e-02,4.6632432569e-02,4.4389720553e-02,4.0012777321e-02,3.0963542449e-02,2.4696989734e-02,2.1163010133e-02,1.9370232889e-02,1.8511993143e-02,1.8115150286e-02,1.7935616299e-02,1.7855474295e-02,1.7819949462e-02,1.7804227034e-02,1.7797243533e-02,1.7794113272e-02,1.7792688497e-02,1.7792025290e-02,1.7791707170e-02,1.7791548800e-02,1.7791466546e-02,1.7791421892e-02,1.7791396603e-02,1.7791381739e-02,1.7791372732e-02,1.7791367147e-02,1.7791363624e-02,1.7791361375e-02,1.7791359927e-02,1.7791358992e-02,1.7791358390e-02,1.7791358004e-02,1.7791357758e-02,1.7791357601e-02,1.7791357501e-02,1.7791357402e-02,1.7791357309e-02,1.7791357215e-02,1.7791357135e-02,1.7791357049e-02,1.7791356972e-02,1.7791356902e-02,1.7791356852e-02,1.7791356807e-02,1.7791356781e-02,1.7791356773e-02,1.7791356774e-02,1.7791356825e-02,1.7791356908e-02,1.7791357045e-02,1.7791357231e-02,1.7791357512e-02,1.7791357896e-02,1.7791358422e-02,1.7791355059e-02
5.8551902144e+01,8.6000009946e-08,8.5862485337e-08,8.5725242937e-08,8.5588282511e-08,8.5451605037e-08,8.5315207604e-08,8.5179092347e-08,8.5043255844e-08,8.4907699992e-08,8.4772422737e-08,8.4637423682e-08,8.4502702632e-08,8.4368258835e-08,8.4234091649e-08,8.4100200807e-08,8.3966584696e-08,8.3833244436e-08,8.3700177951e-08,8.3567384946e-08,8.3434865766e-08,8.3302619102e-08,8.3170646881e-08,8.2974919061e-08,8.2684997837e-08,8.2256347583e-08,8.1624332289e-08,8.0696284314e-08,7.9341835679e-08,7.7382943798e-08,7.4587905700e-08,7.0679291264e-08,6.5374943798e-08,5.8491309624e-08,5.0134905698e-08,4.0952475961e-08,3.2254541015e-08,2.5641190421e-08,2.1986150793e-08,2.0688137554e-08,2.0426844102e-08,2.0399854659e-08,2.0398532974e-08,2.0398529945e-08,2.0398557325e-08,2.0398579478e-08,2.0398592672e-08,2.0398597886e-08,2.0398599095e-08,2.0398599244e-08,2.0398599253e-08,2.0398599253e-08,2.0398599162e-08,2.0398588551e-08,2.0398117424e-08,2.0389079417e-08,2.0308253433e-08,1.9939196231e-08,1.8964081586e-08,1.7241121805e-08,1.4940706300e-08,1.3574090853e-08,6.1563976491e-08,1.0337062898e-06,1.0063655839e-05,5.3126462103e-05,1.7072330032e-04,3.8064594381e-04,6.5781677061e-04,9.5509400518e-04,1.2313727004e-03,1.4638092217e-03,1.6462401605e-03,1.7826571819e-03,1.8812974649e-03,1.9509898597e-03,1.9994545948e-03,2.0327947047e-03,2.0555621899e-03,2.0710325239e-03,2.0815091796e-03,2.0885879948e-03,2.0933636817e-03,2.0981514654e-03,2.1029512687e-03,2.1077631050e-03,2.1125869773e-03,2.1174228870e-03,2.1222708228e-03,2.1271307678e-03,2.1320026885e-03,2.1368865388e-03,2.1417822550e-03,2.1466897534e-03,2.1516089229e-03,2.1565396234e-03,2.1614816811e-03,2.1664348769e-03,2.1713989436e-03,2.1763735594e-03,2.1813583229e-03,2.1863527604e-03,2.1913562941e-03,2.1913545010e-03,2.1913535835e-03,2.1913525470e-03,2.1913514470e-03,2.1913503333e-03,2.1913492307e-03,2.1913480690e-03,2.1913468940e-03,2.1913457333e-03,2.1913446136e-03,2.1913434902e-03,2.1913423466e-03,2.1913412589e-03,2.1913401400e-03,2.1913390601e-03,2.1913379628e-03,2.1913368766e-03,2.1913358006e-03,2.1913347444e-03,2.1913336716e-03,2.1913326000e-03,2.1913313759e-03,2.1913299589e-03,2.1913283099e-03,2.1913264044e-03,2.1913241999e-03,2.1913216519e-03,2.1913186926e-03,2.1913152685e-03,2.1913112961e-03,2.1913066874e-03,2.1913013454e-03,2.1912951510e-03,2.1912879666e-03,2.1912796325e-03,2.1912699660e-03,2.1912587520e-03,2.1912457569e-03,2.1912306737e-03,2.1912131753e-03,2.1911928738e-03,2.1911693274e-03,2.1911420079e-03,2.1911103054e-03,2.1910735209e-03,2.1910308301e-03,2.1909812794e-03,2.1909237602e-03,2.1908569788e-03,2.1907794315e-03,2.1906893580e-03,2.1905847150e-03,2.1904631072e-03,2.1903217372e-03,2.1901573306e-03,2.1899660480e-03,2.1897433809e-03,2.1894840263e-03,2.1891817326e-03,2.1888291130e-03,2.1884174173e-03,2.1879362485e-03,2.1873732131e-03,2.1867134849e-03,2.1859392559e-03,2.1850290432e-03,2.1839568086e-03,2.1826908306e-03,2.1811922524e-03,2.1794131999e-03,2.1772943281e-03,2.1747616003e-03,2.1717220413e-03,2.1680580964e-03,2.1636201104e-03,2.1582162394e-03,2.1515988636e-03,2.1434462181e-03,2.1333374931e-03,2.1207190435e-03,2.1048586034e-03,2.0847835872e-03,2.0591989511e-03,2.0263803914e-03,1.9840416622e-03,1.9291843905e-03,1.8579633572e-03,1.7656558042e-03,1.6469351731e-03,1.4968377797e-03,1.3130150469e-03,1.0997136785e-03,8.7246101697e-04,6.5894145773e-04,4.8971149442e-04,3.8112062155e-04,3.2657300359e-04,3.0570764832e-04,2.9976197264e-04,2.9850272098e-04,2.9827537460e-04,2.9821950518e-04,2.9825618338e-04,2.9858490171e-04,2.9966598357e-04,3.0211127090e-04,3.0633870129e-04,3.1227228157e-04,3.1935957338e-04,3.2683645416e-04,3.3400475829e-04,3.4038430830e-04,3.4573653882e-04,3.5001543335e-04,3.5329792291e-04,3.5572279651e-04,3.5744781255e-04,3.5862426247e-04,3.5938451747e-04,3.5983785556e-04,3.6007091406e-04,3.6015033412e-04,3.6012615007e-04,3.6003515198e-04,3.5990386696e-04,3.5975104070e-04,3.5958962157e-04,3.5942830399e-04,3.5927270493e-04,3.5912624713e-04,3.5899081375e-04,3.5886722823e-04,3.5875560251e-04,3.5865558693e-04,3.5856654756e-04,3.5848769034e-04,3.5841814649e-04,3.5835702999e-04,3.5830347506e-04,3.5825665953e-04,3.5821581821e-04,3.5818024949e-04,3.5814931734e-04,3.5812245021e-04,3.5809913811e-04,3.5807892849e-04,3.5806142168e-04,3.5804626596e-04,3.5803315282e-04,3.5802181231e-04,3.5801200877e-04,3.5800353685e-04,3.5799621784e-04,3.5798989646e-04,3.5798443794e-04,3.5797972537e-04,3.5797565749e-04,3.5797214659e-04,3.5796911677e-04,3.5796650238e-04,3.5796424667e-04,3.5796230057e-04,3.5796062170e-04,3.5795917344e-04,3.5795792418e-04,3.5795684663e-04,3.5795591720e-04,3.5795511555e-04,3.5795442410e-04,3.5795382764e-04,3.5795331296e-04,3.5795286863e-04,3.5795248462e-04,3.5795215236e-04,3.5795186499e-04,3.5795161495e-04,3.5795139770e-04,3.5795120780e-04,3.5795104199e-04,3.5795089778e-04,3.5795077101e-04,3.5795064196e-04,3.5795051006e-04,3.5795037633e-04,3.5795023741e-04,3.5795009325e-04,3.5794994309e-04,3.5794978627e-04,3.5794961823e-04,3.5794944006e-04,3.5794924523e-04,3.5794903368e-04,3.5794879712e-04,3.5794853042e-04,3.5794822471e-04,3.5794786780e-04,3.5794743662e-04,3.5794689860e-04,3.5794618171e-04,3.5794511250e-04,4.9794697119e-02,4.9794705928e-02,4.9794694131e-02,4.9794683472e-02,4.9794674518e-02,4.9794667117e-02,4.9794661293e-02,4.9794655035e-02,4.9794648974e-02,4.9794642174e-02,4.9794636505e-02,4.9794629632e-02,4.9794622267e-02,4.9794614319e-02,4.9794607249e-02,4.9794599206e-02,4.9794590127e-02,4.9794582640e-02,4.9794574221e-02,4.9794566522e-02,4.9794558077e-02,4.9794550135e-02,4.9794537206e-02,4.9794517572e-02,4.9794488486e-02,4.9794443402e-02,4.9794374585e-02,4.9794269485e-02,4.9794108949e-02,4.9793863722e-02,4.9793489116e-02,4.9792916851e-02,4.9792042592e-02,4.9790706872e-02,4.9788665881e-02,4.9785546680e-02,4.9780778390e-02,4.9773486157e-02,4.9762327010e-02,4.9745234037e-02,4.9719013648e-02,4.9678702174e-02,4.9616516161e-02,4.9520089004e-02,4.9369390500e-02,4.9131068843e-02,4.8747403570e-02,4.8113154319e-02,4.7023114473e-02,4.5043625196e-02,4.1181135489e-02,3.3145803815e-02,2.7431235069e-02,2.4120099769e-02,2.2403445391e-02,2.1568428665e-02,2.1177943037e-02,2.0999897246e-02,2.0919992792e-02,2.0884444539e-02,2.0868673291e-02,2.0861656603e-02,2.0858507975e-02,2.0857073745e-02,2.0856405773e-02,2.0856085236e-02,2.0855925613e-02,2.0855842686e-02,2.0855797657e-02,2.0855772151e-02,2.0855757157e-02,2.0855748071e-02,2.0855742436e-02,2.0855738881e-02,2.0855736612e-02,2.0855735151e-02,2.0855734209e-02,2.0855733603e-02,2.0855733217e-02,2.0855732971e-02,2.0855732816e-02,2.0855732720e-02,2.0855732623e-02,2.0855732532e-02,2.0855732443e-02,2.0855732362e-02,2.0855732295e-02,2.0855732221e-02,2.0855732173e-02,2.0855732136e-02,2.0855732111e-02,2.0855732102e-02,2.0855732113e-02,2.0855732171e-02,2.0855732251e-02,2.0855732391e-02,2.0855732590e-02,2.0855732881e-02,2.0855733262e-02,2.0855733790e-02,2.0855734512e-02,2.0855730218e-02
6.3008365990e+01,8.6000009787e-08,8.5862485358e-08,8.5725242734e-08,8.5588283029e-08,8.5451604477e-08,8.5315208284e-08,8.5179091817e-08,8.5043256005e-08,8.4907700235e-08,8.4772422567e-08,8.4637423695e-08,8.4502702757e-08,8.4368258919e-08,8.4234091575e-08,8.4100200604e-08,8.3966584619e-08,8.3833244489e-08,8.3700177860e-08,8.3567385332e-08,8.3434865837e-08,8.3302619008e-08,8.3170646689e-08,8.2974919172e-08,8.2684997705e-08,8.2256347616e-08,8.1624332260e-08,8.0696284330e-08,7.9341835695e-08,7.7382943782e-08,7.4587905702e-08,7.0679291267e-08,6.5374943803e-08,5.8491309629e-08,5.0134905703e-08,4.0952475967e-08,3.2254541019e-08,2.5641190426e-08,2.1986150785e-08,2.0688137555e-08,2.0426844099e-08,2.0399854664e-08,2.0398532971e-08,2.0398529945e-08,2.0398557324e-08,2.0398579478e-08,2.0398592673e-08,2.0398597886e-08,2.0398599095e-08,2.0398599244e-08,2.0398599253e-08,2.0398599253e-08,2.0398599162e-08,2.0398588543e-08,2.0398117089e-08,2.0389072932e-08,2.0308192589e-08,1.9938887173e-08,1.8963105147e-08,1.7238913515e-08,1.4936548660e-08,1.3548327282e-08,6.0729018261e-08,1.0172829868e-06,9.9025202165e-06,5.2273117977e-05,1.6796429366e-04,3.7442709906e-04,6.4690857690e-04,9.3899328553e-04,1.2102854905e-03,1.4383998628e-03,1.6173531492e-03,1.7511186302e-03,1.8478135873e-03,1.9161170330e-03,1.9636086794e-03,1.9962759094e-03,2.0185822597e-03,2.0337384967e-03,2.0440020937e-03,2.0509367910e-03,2.0556151767e-03,2.0603053541e-03,2.0650072487e-03,2.0697208707e-03,2.0744462251e-03,2.0791833118e-03,2.0839321203e-03,2.0886926342e-03,2.0934648203e-03,2.0982486335e-03,2.1030440132e-03,2.1078508752e-03,2.1126691144e-03,2.1174985949e-03,2.1223391454e-03,2.1271905553e-03,2.1320525641e-03,2.1369248572e-03,2.1418070497e-03,2.1466986753e-03,2.1515991727e-03,2.1515975764e-03,2.1515966880e-03,2.1515957480e-03,2.1515948143e-03,2.1515938124e-03,2.1515928148e-03,2.1515917754e-03,2.1515907297e-03,2.1515896922e-03,2.1515886730e-03,2.1515876515e-03,2.1515866561e-03,2.1515856657e-03,2.1515846659e-03,2.1515836845e-03,2.1515827163e-03,2.1515817402e-03,2.1515807830e-03,2.1515798221e-03,2.1515788706e-03,2.1515779153e-03,2.1515768172e-03,2.1515755489e-03,2.1515740619e-03,2.1515723597e-03,2.1515703888e-03,2.1515681029e-03,2.1515654578e-03,2.1515623839e-03,2.1515588247e-03,2.1515546989e-03,2.1515499169e-03,2.1515443668e-03,2.1515379314e-03,2.1515304693e-03,2.1515218112e-03,2.1515117868e-03,2.1515001114e-03,2.1514866141e-03,2.1514709380e-03,2.1514527620e-03,2.1514316699e-03,2.1514071997e-03,2.1513788069e-03,2.1513458586e-03,2.1513076220e-03,2.1512632425e-03,2.1512117250e-03,2.1511519129e-03,2.1510824572e-03,2.1510017857e-03,2.1509080649e-03,2.1507991511e-03,2.1506725403e-03,2.1505252998e-03,2.1503539926e-03,2.1501545827e-03,2.1499223222e-03,2.1496516161e-03,2.1493358526e-03,2.1489672007e-03,2.1485363570e-03,2.1480322330e-03,2.1474415649e-03,2.1467484242e-03,2.1459335986e-03,2.1449738060e-03,2.1438406878e-03,2.1424995136e-03,2.1409075022e-03,2.1390116322e-03,2.1367457705e-03,2.1340268827e-03,2.1307500026e-03,2.1267815204e-03,2.1219501768e-03,2.1160349282e-03,2.1087485179e-03,2.0997151770e-03,2.0884402847e-03,2.0742691158e-03,2.0563309418e-03,2.0334639908e-03,2.0041165448e-03,1.9662211723e-03,1.9170457610e-03,1.8530434432e-03,1.7697671335e-03,1.6620069406e-03,1.5244773224e-03,1.3536077548e-03,1.1510322464e-03,9.2842656727e-04,7.1029723702e-04,5.2802657257e-04,4.0361850794e-04,3.3668322922e-04,3.0909454498e-04,3.0058471364e-04,2.9864215312e-04,2.9829446702e-04,2.9823535574e-04,2.9830900101e-04,2.9873992861e-04,3.0001162083e-04,3.0269114852e-04,3.0708022930e-04,3.1299043026e-04,3.1983039867e-04,3.2687611803e-04,3.3351039622e-04,3.3933478708e-04,3.4417108680e-04,3.4800737696e-04,3.5093296964e-04,3.5308466298e-04,3.5461046585e-04,3.5564887796e-04,3.5631930120e-04,3.5671934471e-04,3.5692586206e-04,3.5699767103e-04,3.5697876510e-04,3.5690139901e-04,3.5678877792e-04,3.5665727184e-04,3.5651817351e-04,3.5637905852e-04,3.5624481833e-04,3.5611843332e-04,3.5600154449e-04,3.5589487177e-04,3.5579851710e-04,3.5571218166e-04,3.5563531991e-04,3.5556724727e-04,3.5550721423e-04,3.5545445611e-04,3.5540822563e-04,3.5536781303e-04,3.5533255774e-04,3.5530185407e-04,3.5527515292e-04,3.5525196088e-04,3.5523183767e-04,3.5521439264e-04,3.5519928073e-04,3.5518619833e-04,3.5517487910e-04,3.5516509004e-04,3.5515662771e-04,3.5514931483e-04,3.5514299714e-04,3.5513754061e-04,3.5513282888e-04,3.5512876107e-04,3.5512524974e-04,3.5512221918e-04,3.5511960389e-04,3.5511734720e-04,3.5511540010e-04,3.5511372027e-04,3.5511227109e-04,3.5511102099e-04,3.5510994266e-04,3.5510901254e-04,3.5510821027e-04,3.5510751831e-04,3.5510692145e-04,3.5510640657e-04,3.5510596231e-04,3.5510557874e-04,3.5510524735e-04,3.5510496082e-04,3.5510471211e-04,3.5510449649e-04,3.5510430900e-04,3.5510414479e-04,3.5510400312e-04,3.5510387695e-04,3.5510376874e-04,3.5510365676e-04,3.5510354276e-04,3.5510342659e-04,3.5510330678e-04,3.5510318207e-04,3.5510305343e-04,3.5510291671e-04,3.5510277269e-04,3.5510261776e-04,3.5510245098e-04,3.5510226798e-04,3.5510206228e-04,3.5510183375e-04,3.5510157078e-04,3.5510126027e-04,3.5510089279e-04,3.5510043252e-04,3.5509983625e-04,3.5509895676e-04,4.9822577237e-02,4.9822589953e-02,4.9822579967e-02,4.9822571206e-02,4.9822563692e-02,4.9822557061e-02,4.9822551008e-02,4.9822545347e-02,4.9822539274e-02,4.9822533037e-02,4.9822526737e-02,4.9822520040e-02,4.9822513252e-02,4.9822506130e-02,4.9822499052e-02,4.9822492048e-02,4.9822484625e-02,4.9822477327e-02,4.9822469595e-02,4.9822462711e-02,4.9822456200e-02,4.9822448850e-02,4.9822437567e-02,4.9822420931e-02,4.9822394414e-02,4.9822355248e-02,4.9822295180e-02,4.9822203307e-02,4.9822062949e-02,4.9821848545e-02,4.9821521023e-02,4.9821020687e-02,4.9820256317e-02,4.9819088490e-02,4.9817304047e-02,4.9814576936e-02,4.9810408063e-02,4.9804032604e-02,4.9794276550e-02,4.9779333165e-02,4.9756411170e-02,4.9721172917e-02,4.9666818310e-02,4.9582547158e-02,4.9450875852e-02,4.9242715362e-02,4.8907776235e-02,4.8354494219e-02,4.7404619590e-02,4.5681971562e-02,4.2323755043e-02,3.5311499544e-02,3.0214860856e-02,2.7190518593e-02,2.5590549102e-02,2.4800175600e-02,2.4426382267e-02,2.4254581843e-02,2.4177051415e-02,2.4142428109e-02,2.4127027632e-02,2.4120163981e-02,2.4117080391e-02,2.4115674643e-02,2.4115019556e-02,2.4114705067e-02,2.4114548401e-02,2.4114466988e-02,2.4114422770e-02,2.4114397719e-02,2.4114382991e-02,2.4114374065e-02,2.4114368528e-02,2.4114365036e-02,2.4114362806e-02,2.4114361371e-02,2.4114360445e-02,2.4114359852e-02,2.4114359473e-02,2.4114359235e-02,2.4114359090e-02,2.4114358999e-02,2.4114358912e-02,2.4114358820e-02,2.4114358745e-02,2.4114358667e-02,2.4114358599e-02,2.4114358540e-02,2.4114358497e-02,2.4114358470e-02,2.4114358455e-02,2.4114358467e-02,2.4114358509e-02,2.4114358595e-02,2.4114358715e-02,2.4114358887e-02,2.4114359153e-02,2.4114359507e-02,2.4114359986e-02,2.4114360597e-02,2.4114361456e-02,2.4114356507e-02
6.7804017280e+01,8.6000011520e-08,8.5862485380e-08,8.5725242691e-08,8.5588282836e-08,8.5451604711e-08,8.5315207883e-08,8.5179092130e-08,8.5043256154e-08,8.4907699735e-08,8.4772422716e-08,8.4637423455e-08,8.4502702713e-08,8.4368258826e-08,8.4234091847e-08,8.4100200414e-08,8.3966584997e-08,8.3833244265e-08,8.3700177897e-08,8.3567384987e-08,8.3434866012e-08,8.3302618791e-08,8.3170646877e-08,8.2974919218e-08,8.2684997715e-08,8.2256347529e-08,8.1624332307e-08,8.0696284275e-08,7.9341835689e-08,7.7382943772e-08,7.4587905689e-08,7.0679291253e-08,6.5374943782e-08,5.8491309615e-08,5.0134905687e-08,4.0952475946e-08,3.2254541009e-08,2.5641190423e-08,2.1986150787e-08,2.0688137557e-08,2.0426844108e-08,2.0399854657e-08,2.0398532975e-08,2.0398529944e-08,2.0398557325e-08,2.0398579477e-08,2.0398592673e-08,2.0398597886e-08,2.0398599095e-08,2.0398599244e-08,2.0398599253e-08,2.0398599253e-08,2.0398599162e-08,2.0398588536e-08,2.0398116767e-08,2.0389066705e-08,2.0308134105e-08,1.9938589980e-08,1.8962166097e-08,1.7236789586e-08,1.4932497598e-08,1.3523429817e-08,5.9917749583e-08,1.0013243849e-06,9.7459484875e-06,5.1444005387e-05,1.6528412917e-04,3.6838809302e-04,6.3632114865e-04,9.2337509292e-04,1.1898420756e-03,1.4137789792e-03,1.5893744461e-03,1.7205818608e-03,1.8154012547e-03,1.8823661838e-03,1.9289203864e-03,1.9609395369e-03,1.9828018200e-03,1.9976556188e-03,2.0077140816e-03,2.0145100281e-03,2.0190947399e-03,2.0236909524e-03,2.0282985921e-03,2.0329176677e-03,2.0375481875e-03,2.0421901479e-03,2.0468435413e-03,2.0515083465e-03,2.0561845362e-03,2.0608720655e-03,2.0655708743e-03,2.0702808827e-03,2.0750019842e-03,2.0797340509e-03,2.0844769145e-03,2.0892303707e-03,2.0939941676e-03,2.0987679967e-03,2.1035514833e-03,2.1083441761e-03,2.1131455279e-03,2.1131439938e-03,2.1131432331e-03,2.1131424394e-03,2.1131415457e-03,2.1131406845e-03,2.1131397906e-03,2.1131388452e-03,2.1131379261e-03,2.1131369889e-03,2.1131360773e-03,2.1131352005e-03,2.1131342839e-03,2.1131333964e-03,2.1131325197e-03,2.1131316257e-03,2.1131307566e-03,2.1131298852e-03,2.1131290268e-03,2.1131281693e-03,2.1131273221e-03,2.1131264596e-03,2.1131254805e-03,2.1131243369e-03,2.1131230208e-03,2.1131214889e-03,2.1131197253e-03,2.1131176794e-03,2.1131153089e-03,2.1131125605e-03,2.1131093748e-03,2.1131056814e-03,2.1131013990e-03,2.1130964319e-03,2.1130906694e-03,2.1130839881e-03,2.1130762381e-03,2.1130672464e-03,2.1130568270e-03,2.1130447316e-03,2.1130306945e-03,2.1130144220e-03,2.1129955409e-03,2.1129736354e-03,2.1129482155e-03,2.1129187214e-03,2.1128844916e-03,2.1128447625e-03,2.1127986434e-03,2.1127451001e-03,2.1126829239e-03,2.1126107086e-03,2.1125268118e-03,2.1124293164e-03,2.1123159802e-03,2.1121841800e-03,2.1120308392e-03,2.1118523466e-03,2.1116444549e-03,2.1114021573e-03,2.1111195399e-03,2.1107895979e-03,2.1104040104e-03,2.1099528615e-03,2.1094242918e-03,2.1088040612e-03,2.1080749970e-03,2.1072162924e-03,2.1062026090e-03,2.1050029215e-03,2.1035790207e-03,2.1018835622e-03,2.0998575067e-03,2.0974267418e-03,2.0944975994e-03,2.0909508711e-03,2.0866337782e-03,2.0813491426e-03,2.0748407177e-03,2.0667732448e-03,2.0567052673e-03,2.0440520517e-03,2.0280351122e-03,2.0076139603e-03,1.9813951355e-03,1.9475143040e-03,1.9034916351e-03,1.8460740627e-03,1.7711117516e-03,1.6735908554e-03,1.5480907305e-03,1.3901600114e-03,1.1992699075e-03,9.8348545167e-04,7.6357191330e-04,5.7027644419e-04,4.3016679756e-04,3.4952770335e-04,3.1375769568e-04,3.0182302199e-04,2.9887632755e-04,2.9833068336e-04,2.9825789839e-04,2.9837412424e-04,2.9891921808e-04,3.0038548190e-04,3.0327846624e-04,3.0778384356e-04,3.1362021324e-04,3.2017921963e-04,3.2678766339e-04,3.3290769721e-04,3.3821429028e-04,3.4258022417e-04,3.4602028868e-04,3.4863156500e-04,3.5054663507e-04,3.5190317100e-04,3.5282724051e-04,3.5342608338e-04,3.5378658363e-04,3.5397672200e-04,3.5404829313e-04,3.5403991461e-04,3.5397983865e-04,3.5388836461e-04,3.5377980585e-04,3.5366404041e-04,3.5354770492e-04,3.5343509810e-04,3.5332885498e-04,3.5323044461e-04,3.5314053363e-04,3.5305924939e-04,3.5298636858e-04,3.5292145076e-04,3.5286393197e-04,3.5281318896e-04,3.5276858263e-04,3.5272948633e-04,3.5269530359e-04,3.5266547838e-04,3.5263950029e-04,3.5261690616e-04,3.5259727953e-04,3.5258024859e-04,3.5256548326e-04,3.5255269194e-04,3.5254161793e-04,3.5253203601e-04,3.5252374911e-04,3.5251658512e-04,3.5251039406e-04,3.5250504541e-04,3.5250042574e-04,3.5249643658e-04,3.5249299253e-04,3.5249001960e-04,3.5248745370e-04,3.5248523937e-04,3.5248332865e-04,3.5248168005e-04,3.5248025773e-04,3.5247903071e-04,3.5247797223e-04,3.5247705919e-04,3.5247627164e-04,3.5247559235e-04,3.5247500645e-04,3.5247450108e-04,3.5247406514e-04,3.5247368898e-04,3.5247336422e-04,3.5247308356e-04,3.5247284069e-04,3.5247263041e-04,3.5247244767e-04,3.5247228865e-04,3.5247215054e-04,3.5247202999e-04,3.5247192345e-04,3.5247183011e-04,3.5247173630e-04,3.5247164045e-04,3.5247154135e-04,3.5247143980e-04,3.5247133425e-04,3.5247122537e-04,3.5247110897e-04,3.5247098756e-04,3.5247085492e-04,3.5247071439e-04,3.5247055760e-04,3.5247038463e-04,3.5247019053e-04,3.5246996554e-04,3.5246970663e-04,3.5246939411e-04,3.5246901679e-04,3.5246852825e-04,3.5246783657e-04,4.9849327720e-02,4.9849344288e-02,4.9849336661e-02,4.9849328993e-02,4.9849322736e-02,4.9849316220e-02,4.9849310485e-02,4.9849304470e-02,4.9849298868e-02,4.9849292599e-02,4.9849286162e-02,4.9849280495e-02,4.9849273170e-02,4.9849268484e-02,4.9849261993e-02,4.9849255017e-02,4.9849249012e-02,4.9849241243e-02,4.9849235318e-02,4.9849228154e-02,4.9849224041e-02,4.9849218970e-02,4.9849207259e-02,4.9849193750e-02,4.9849170308e-02,4.9849136905e-02,4.9849085299e-02,4.9849006356e-02,4.9848885745e-02,4.9848701503e-02,4.9848420055e-02,4.9847990105e-02,4.9847333266e-02,4.9846329729e-02,4.9844796327e-02,4.9842452885e-02,4.9838870544e-02,4.9833392128e-02,4.9825008917e-02,4.9812168648e-02,4.9792473437e-02,4.9762197564e-02,4.9715501628e-02,4.9643114522e-02,4.9530035748e-02,4.9351326330e-02,4.9063916826e-02,4.8589499808e-02,4.7775901192e-02,4.6302538123e-02,4.3434213426e-02,3.7432629459e-02,3.2992074476e-02,3.0301443071e-02,2.8851396014e-02,2.8124496306e-02,2.7776926103e-02,2.7615905000e-02,2.7542831358e-02,2.7510071841e-02,2.7495461844e-02,2.7488938814e-02,2.7486004677e-02,2.7484665934e-02,2.7484041697e-02,2.7483741883e-02,2.7483592474e-02,2.7483514811e-02,2.7483472619e-02,2.7483448712e-02,2.7483434653e-02,2.7483426132e-02,2.7483420847e-02,2.7483417512e-02,2.7483415383e-02,2.7483414013e-02,2.7483413129e-02,2.7483412563e-02,2.7483412204e-02,2.7483411980e-02,2.7483411839e-02,2.7483411750e-02,2.7483411657e-02,2.7483411584e-02,2.7483411501e-02,2.7483411450e-02,2.7483411385e-02,2.7483411342e-02,2.7483411301e-02,2.7483411284e-02,2.7483411275e-02,2.7483411297e-02,2.7483411358e-02,2.7483411452e-02,2.7483411590e-02,2.7483411782e-02,2.7483412055e-02,2.7483412423e-02,2.7483412919e-02,2.7483413603e-02,2.7483414496e-02,2.7483409359e-02
7.2964672024e+01,8.6000008886e-08,8.5862485317e-08,8.5725242797e-08,8.5588282781e-08,8.5451604486e-08,8.5315208126e-08,8.5179091820e-08,8.5043256356e-08,8.4907699594e-08,8.4772422894e-08,8.4637423729e-08,8.4502702405e-08,8.4368259177e-08,8.4234091365e-08,8.4100200588e-08,8.3966585106e-08,8.3833244239e-08,8.3700177749e-08,8.3567385425e-08,8.3434865687e-08,8.3302619113e-08,8.3170646825e-08,8.2974919082e-08,8.2684997709e-08,8.2256347583e-08,8.1624332267e-08,8.0696284292e-08,7.9341835705e-08,7.7382943772e-08,7.4587905694e-08,7.0679291254e-08,6.5374943794e-08,5.8491309622e-08,5.0134905695e-08,4.0952475960e-08,3.2254541020e-08,2.5641190421e-08,2.1986150792e-08,2.0688137551e-08,2.0426844107e-08,2.0399854658e-08,2.0398532975e-08,2.0398529945e-08,2.0398557324e-08,2.0398579478e-08,2.0398592672e-08,2.0398597886e-08,2.0398599095e-08,2.0398599244e-08,2.0398599253e-08,2.0398599253e-08,2.0398599162e-08,2.0398588529e-08,2.0398116457e-08,2.0389060713e-08,2.0308077781e-08,1.9938303652e-08,1.8961261258e-08,1.7234743059e-08,1.4928587999e-08,1.3499315285e-08,5.9130426363e-08,9.8583606010e-07,9.5939948521e-06,5.0639404263e-05,1.6268366327e-04,3.6253065796e-04,6.2605702847e-04,9.0824231801e-04,1.1700450878e-03,1.3899484694e-03,1.5623049894e-03,1.6910468462e-03,1.7840595959e-03,1.8497357673e-03,1.8953876632e-03,1.9267831642e-03,1.9482181860e-03,1.9627810237e-03,1.9726421496e-03,1.9793046267e-03,1.9837992332e-03,1.9883050625e-03,1.9928220427e-03,1.9973501829e-03,2.0018894878e-03,2.0064399588e-03,2.0110015836e-03,2.0155743449e-03,2.0201582154e-03,2.0247531500e-03,2.0293590915e-03,2.0339759605e-03,2.0386036560e-03,2.0432420510e-03,2.0478909831e-03,2.0525502527e-03,2.0572196144e-03,2.0618987716e-03,2.0665873558e-03,2.0712849267e-03,2.0759909545e-03,2.0759895963e-03,2.0759889067e-03,2.0759881693e-03,2.0759874230e-03,2.0759866032e-03,2.0759857671e-03,2.0759849660e-03,2.0759841403e-03,2.0759833202e-03,2.0759824743e-03,2.0759816630e-03,2.0759808752e-03,2.0759800627e-03,2.0759792786e-03,2.0759784966e-03,2.0759777212e-03,2.0759769372e-03,2.0759761690e-03,2.0759753935e-03,2.0759746347e-03,2.0759738737e-03,2.0759729948e-03,2.0759719748e-03,2.0759707823e-03,2.0759694194e-03,2.0759678392e-03,2.0759660064e-03,2.0759638883e-03,2.0759614291e-03,2.0759585789e-03,2.0759552749e-03,2.0759514428e-03,2.0759469958e-03,2.0759418418e-03,2.0759358629e-03,2.0759289274e-03,2.0759208798e-03,2.0759115639e-03,2.0759007334e-03,2.0758881799e-03,2.0758736172e-03,2.0758567245e-03,2.0758371203e-03,2.0758143789e-03,2.0757879877e-03,2.0757573593e-03,2.0757218115e-03,2.0756805474e-03,2.0756326392e-03,2.0755770088e-03,2.0755123941e-03,2.0754373306e-03,2.0753501004e-03,2.0752486991e-03,2.0751307793e-03,2.0749935903e-03,2.0748339021e-03,2.0746479165e-03,2.0744311565e-03,2.0741783344e-03,2.0738831878e-03,2.0735382786e-03,2.0731347441e-03,2.0726619858e-03,2.0721072801e-03,2.0714552854e-03,2.0706874171e-03,2.0697810476e-03,2.0687084765e-03,2.0674355970e-03,2.0659201578e-03,2.0641094827e-03,2.0619374625e-03,2.0593205620e-03,2.0561524899e-03,2.0522970447e-03,2.0475784622e-03,2.0417683320e-03,2.0345677883e-03,2.0255831929e-03,2.0142928803e-03,2.0000017110e-03,1.9817792463e-03,1.9583765554e-03,1.9281166944e-03,1.8887565835e-03,1.8373274591e-03,1.7699865478e-03,1.6819719283e-03,1.5678752035e-03,1.4226581483e-03,1.2440700830e-03,1.0369325192e-03,8.1799758006e-04,6.1608384585e-04,4.6093211705e-04,3.6553209551e-04,3.2004376580e-04,3.0364229531e-04,2.9925600361e-04,2.9839525109e-04,2.9829058825e-04,2.9845397904e-04,2.9912343338e-04,3.0078315976e-04,3.0386354478e-04,3.0843947920e-04,3.1415709445e-04,3.2040981172e-04,3.2658226574e-04,3.3221234954e-04,3.3703994964e-04,3.4098022612e-04,3.4406825456e-04,3.4640505664e-04,3.4811727596e-04,3.4933192521e-04,3.5016310453e-04,3.5070671272e-04,3.5103982331e-04,3.5122241090e-04,3.5130000213e-04,3.5130646372e-04,3.5126654510e-04,3.5119802953e-04,3.5111347186e-04,3.5102155991e-04,3.5092815814e-04,3.5083709473e-04,3.5075074787e-04,3.5067047774e-04,3.5059694196e-04,3.5053032376e-04,3.5047049564e-04,3.5041713541e-04,3.5036980757e-04,3.5032801951e-04,3.5029125946e-04,3.5025902157e-04,3.5023082169e-04,3.5020620672e-04,3.5018475953e-04,3.5016610074e-04,3.5014988866e-04,3.5013581777e-04,3.5012361660e-04,3.5011304504e-04,3.5010389160e-04,3.5009597063e-04,3.5008911954e-04,3.5008319634e-04,3.5007807721e-04,3.5007365437e-04,3.5006983413e-04,3.5006653515e-04,3.5006368687e-04,3.5006122813e-04,3.5005910596e-04,3.5005727452e-04,3.5005569416e-04,3.5005433057e-04,3.5005315413e-04,3.5005213921e-04,3.5005126369e-04,3.5005050846e-04,3.5004985703e-04,3.5004929513e-04,3.5004881049e-04,3.5004839246e-04,3.5004803184e-04,3.5004772064e-04,3.5004745199e-04,3.5004721995e-04,3.5004701911e-04,3.5004684504e-04,3.5004669391e-04,3.5004656253e-04,3.5004644796e-04,3.5004634720e-04,3.5004625923e-04,3.5004618342e-04,3.5004610539e-04,3.5004602558e-04,3.5004594382e-04,3.5004585958e-04,3.5004577183e-04,3.5004568117e-04,3.5004558419e-04,3.5004548315e-04,3.5004537389e-04,3.5004525583e-04,3.5004512592e-04,3.5004498157e-04,3.5004481976e-04,3.5004463363e-04,3.5004441587e-04,3.5004415667e-04,3.5004384161e-04,3.5004344754e-04,3.5004290398e-04,4.9874871017e-02,4.9874888907e-02,4.9874883069e-02,4.9874877370e-02,4.9874871263e-02,4.9874865998e-02,4.9874860470e-02,4.9874854818e-02,4.9874849263e-02,4.9874843670e-02,4.9874838849e-02,4.9874831641e-02,4.9874826318e-02,4.9874821687e-02,4.9874817387e-02,4.9874811017e-02,4.9874804226e-02,4.9874799615e-02,4.9874796563e-02,4.9874787598e-02,4.9874780321e-02,4.9874778809e-02,4.9874768682e-02,4.9874757548e-02,4.9874738718e-02,4.9874710417e-02,4.9874666942e-02,4.9874600504e-02,4.9874498987e-02,4.9874343913e-02,4.9874107023e-02,4.9873745141e-02,4.9873192291e-02,4.9872347634e-02,4.9871057003e-02,4.9869084587e-02,4.9866069441e-02,4.9861458475e-02,4.9854402765e-02,4.9843596036e-02,4.9827020595e-02,4.9801541893e-02,4.9762248170e-02,4.9701343672e-02,4.9606221107e-02,4.9455935093e-02,4.9214349372e-02,4.8815852548e-02,4.8133167643e-02,4.6898675240e-02,4.4499076452e-02,3.9472753252e-02,3.5698217292e-02,3.3368984738e-02,3.2092453329e-02,3.1443727871e-02,3.1130275360e-02,3.0983938985e-02,3.0917163877e-02,3.0887113128e-02,3.0873675857e-02,3.0867665653e-02,3.0864958880e-02,3.0863722828e-02,3.0863146126e-02,3.0862869017e-02,3.0862730874e-02,3.0862659046e-02,3.0862620015e-02,3.0862597894e-02,3.0862584884e-02,3.0862576998e-02,3.0862572106e-02,3.0862569019e-02,3.0862567048e-02,3.0862565780e-02,3.0862564962e-02,3.0862564436e-02,3.0862564105e-02,3.0862563897e-02,3.0862563761e-02,3.0862563679e-02,3.0862563613e-02,3.0862563531e-02,3.0862563463e-02,3.0862563397e-02,3.0862563347e-02,3.0862563299e-02,3.0862563260e-02,3.0862563249e-02,3.0862563251e-02,3.0862563270e-02,3.0862563330e-02,3.0862563389e-02,3.0862563532e-02,3.0862563713e-02,3.0862563956e-02,3.0862564295e-02,3.0862564763e-02,3.0862565394e-02,3.0862566204e-02,3.0862561472e-02
7.8518111127e+01,8.6000010911e-08,8.5862485391e-08,8.5725242735e-08,8.5588282824e-08,8.5451604702e-08,8.5315207936e-08,8.5179092193e-08,8.5043255967e-08,8.4907700076e-08,8.4772422564e-08,8.4637423625e-08,8.4502702720e-08,8.4368258821e-08,8.4234091877e-08,8.4100200382e-08,8.3966585030e-08,8.3833244247e-08,8.3700177697e-08,8.3567385281e-08,8.3434865784e-08,8.3302618810e-08,8.3170646923e-08,8.2974919219e-08,8.2684997695e-08,8.2256347585e-08,8.1624332286e-08,8.0696284292e-08,7.9341835698e-08,7.7382943776e-08,7.4587905682e-08,7.0679291262e-08,6.5374943784e-08,5.8491309620e-08,5.0134905693e-08,4.0952475956e-08,3.2254541013e-08,2.5641190428e-08,2.1986150799e-08,2.0688137551e-08,2.0426844103e-08,2.0399854659e-08,2.0398532974e-08,2.0398529946e-08,2.0398557324e-08,2.0398579478e-08,2.0398592672e-08,2.0398597886e-08,2.0398599095e-08,2.0398599244e-08,2.0398599253e-08,2.0398599253e-08,2.0398599162e-08,2.0398588522e-08,2.0398116159e-08,2.0389054935e-08,2.0308023440e-08,1.9938027294e-08,1.8960387852e-08,1.7232767851e-08,1.4924840367e-08,1.3475923976e-08,5.8367245883e-08,9.7082235273e-07,9.4467014104e-06,4.9859530770e-05,1.6016354771e-04,3.5685606997e-04,6.1611797307e-04,8.9359671853e-04,1.1508957167e-03,1.3669085439e-03,1.5361438528e-03,1.6625115721e-03,1.7537856728e-03,1.8182221180e-03,1.8630062997e-03,1.8938021894e-03,1.9148264792e-03,1.9291096399e-03,1.9387810959e-03,1.9453152945e-03,1.9497233025e-03,1.9541422688e-03,1.9585721224e-03,1.9630128729e-03,1.9674645242e-03,1.9719270761e-03,1.9764005188e-03,1.9808848345e-03,1.9853799960e-03,1.9898859600e-03,1.9944026707e-03,1.9989300513e-03,2.0034680013e-03,2.0080163988e-03,2.0125750848e-03,2.0171438686e-03,2.0217225082e-03,2.0263107120e-03,2.0309081264e-03,2.0355143217e-03,2.0401287730e-03,2.0401275718e-03,2.0401269663e-03,2.0401263068e-03,2.0401255842e-03,2.0401248690e-03,2.0401241435e-03,2.0401234148e-03,2.0401226781e-03,2.0401219294e-03,2.0401211849e-03,2.0401204571e-03,2.0401197302e-03,2.0401190128e-03,2.0401183149e-03,2.0401176059e-03,2.0401169106e-03,2.0401162112e-03,2.0401155279e-03,2.0401148454e-03,2.0401141579e-03,2.0401134666e-03,2.0401126823e-03,2.0401117657e-03,2.0401107188e-03,2.0401094976e-03,2.0401080806e-03,2.0401064427e-03,2.0401045472e-03,2.0401023465e-03,2.0400997983e-03,2.0400968423e-03,2.0400934144e-03,2.0400894398e-03,2.0400848296e-03,2.0400794825e-03,2.0400732780e-03,2.0400660707e-03,2.0400577565e-03,2.0400480722e-03,2.0400368370e-03,2.0400238159e-03,2.0400087059e-03,2.0399911767e-03,2.0399708374e-03,2.0399472350e-03,2.0399198446e-03,2.0398880548e-03,2.0398511526e-03,2.0398083090e-03,2.0397585593e-03,2.0397007768e-03,2.0396336506e-03,2.0395556449e-03,2.0394649680e-03,2.0393595213e-03,2.0392368461e-03,2.0390940547e-03,2.0389277528e-03,2.0387339387e-03,2.0385078874e-03,2.0382440032e-03,2.0379356404e-03,2.0375748819e-03,2.0371522613e-03,2.0366564158e-03,2.0360736472e-03,2.0353873648e-03,2.0345773727e-03,2.0336189529e-03,2.0324816779e-03,2.0311278628e-03,2.0295105362e-03,2.0275707632e-03,2.0252340907e-03,2.0224058052e-03,2.0189645637e-03,2.0147538009e-03,2.0095700704e-03,2.0031471651e-03,1.9951344012e-03,1.9850668531e-03,1.9723245413e-03,1.9560766214e-03,1.9352056863e-03,1.9082068038e-03,1.8730573074e-03,1.8270597487e-03,1.7666791900e-03,1.6874421248e-03,1.5840649190e-03,1.4511680534e-03,1.2851895883e-03,1.0881504682e-03,8.7277882318e-04,6.6492874566e-04,4.9595185770e-04,3.8509676997e-04,3.2834467628e-04,3.0625455804e-04,2.9985399701e-04,2.9850589684e-04,2.9833874969e-04,2.9855125243e-04,2.9935237618e-04,3.0119908407e-04,3.0443662432e-04,3.0903851644e-04,3.1459870405e-04,3.2052777626e-04,3.2627201445e-04,3.3144000775e-04,3.3582814005e-04,3.3938612747e-04,3.4216378223e-04,3.4426291924e-04,3.4580295827e-04,3.4690016758e-04,3.4765724972e-04,3.4815961301e-04,3.4847542578e-04,3.4865749715e-04,3.4874581003e-04,3.4877007497e-04,3.4875201092e-04,3.4870725069e-04,3.4864686789e-04,3.4857856678e-04,3.4850759090e-04,3.4843740687e-04,3.4837021296e-04,3.4830731359e-04,3.4824939290e-04,3.4819671286e-04,3.4814925553e-04,3.4810682427e-04,3.4806911501e-04,3.4803576566e-04,3.4800638983e-04,3.4798059930e-04,3.4795801841e-04,3.4793829291e-04,3.4792109478e-04,3.4790612442e-04,3.4789311106e-04,3.4788181198e-04,3.4787201100e-04,3.4786351663e-04,3.4785615995e-04,3.4784979246e-04,3.4784428405e-04,3.4783952095e-04,3.4783540389e-04,3.4783184643e-04,3.4782877336e-04,3.4782611938e-04,3.4782382781e-04,3.4782184953e-04,3.4782014195e-04,3.4781866825e-04,3.4781739652e-04,3.4781629921e-04,3.4781535246e-04,3.4781453567e-04,3.4781383106e-04,3.4781322325e-04,3.4781269896e-04,3.4781224673e-04,3.4781185668e-04,3.4781152023e-04,3.4781122998e-04,3.4781097952e-04,3.4781076327e-04,3.4781057646e-04,3.4781041479e-04,3.4781027484e-04,3.4781015296e-04,3.4781004706e-04,3.4780995453e-04,3.4780987382e-04,3.4780980335e-04,3.4780974120e-04,3.4780967889e-04,3.4780961447e-04,3.4780954829e-04,3.4780947988e-04,3.4780940958e-04,3.4780933544e-04,3.4780925855e-04,3.4780917579e-04,3.4780908779e-04,3.4780899130e-04,3.4780888575e-04,3.4780876748e-04,3.4780863396e-04,3.4780848164e-04,3.4780830430e-04,3.4780809196e-04,3.4780783470e-04,3.4780751297e-04,3.4780708665e-04,4.9898985205e-02,4.9899002053e-02,4.9898998638e-02,4.9898994138e-02,4.9898989825e-02,4.9898985305e-02,4.9898979725e-02,4.9898974048e-02,4.9898969488e-02,4.9898964554e-02,4.9898958566e-02,4.9898953337e-02,4.9898948715e-02,4.9898943961e-02,4.9898938113e-02,4.9898934192e-02,4.9898929231e-02,4.9898927772e-02,4.9898921100e-02,4.9898916182e-02,4.9898912937e-02,4.9898909319e-02,4.9898899748e-02,4.9898894566e-02,4.9898875794e-02,4.9898853095e-02,4.9898817453e-02,4.9898762896e-02,4.9898679462e-02,4.9898552025e-02,4.9898357356e-02,4.9898059973e-02,4.9897605657e-02,4.9896911545e-02,4.9895850947e-02,4.9894230089e-02,4.9891752368e-02,4.9887963303e-02,4.9882165348e-02,4.9873285223e-02,4.9859665260e-02,4.9838730567e-02,4.9806447150e-02,4.9756414312e-02,4.9678285408e-02,4.9554881900e-02,4.9356593631e-02,4.9029726964e-02,4.8470296303e-02,4.7460058686e-02,4.5499299589e-02,4.1389397540e-02,3.8263986545e-02,3.6304302625e-02,3.5214050344e-02,3.4653030255e-02,3.4379307719e-02,3.4250589815e-02,3.4191546202e-02,3.4164876883e-02,3.4152921263e-02,3.4147564457e-02,3.4145149077e-02,3.4144045180e-02,3.4143529834e-02,3.4143282098e-02,3.4143158556e-02,3.4143094300e-02,3.4143059377e-02,3.4143039580e-02,3.4143027935e-02,3.4143020876e-02,3.4143016496e-02,3.4143013733e-02,3.4143011968e-02,3.4143010833e-02,3.4143010101e-02,3.4143009631e-02,3.4143009332e-02,3.4143009147e-02,3.4143009027e-02,3.4143008957e-02,3.4143008886e-02,3.4143008807e-02,3.4143008744e-02,3.4143008681e-02,3.4143008628e-02,3.4143008584e-02,3.4143008555e-02,3.4143008525e-02,3.4143008513e-02,3.4143008517e-02,3.4143008545e-02,3.4143008606e-02,3.4143008715e-02,3.4143008852e-02,3.4143009047e-02,3.4143009322e-02,3.4143009682e-02,3.4143010192e-02,3.4143010833e-02,3.4143006984e-02
8.4494229932e+01,8.6000011438e-08,8.5862485570e-08,8.5725242593e-08,8.5588282944e-08,8.5451604512e-08,8.5315208042e-08,8.5179091804e-08,8.5043256158e-08,8.4907699852e-08,8.4772422730e-08,8.4637423696e-08,8.4502702838e-08,8.4368258769e-08,8.4234091691e-08,8.4100200470e-08,8.3966585030e-08,8.3833244033e-08,8.3700178211e-08,8.3567385026e-08,8.3434865673e-08,8.3302619183e-08,8.3170646775e-08,8.2974919139e-08,8.2684997725e-08,8.2256347582e-08,8.1624332301e-08,8.0696284301e-08,7.9341835699e-08,7.7382943768e-08,7.4587905689e-08,7.0679291262e-08,6.5374943789e-08,5.8491309623e-08,5.0134905695e-08,4.0952475957e-08,3.2254541016e-08,2.5641190433e-08,2.1986150794e-08,2.0688137545e-08,2.0426844107e-08,2.0399854659e-08,2.0398532973e-08,2.0398529945e-08,2.0398557324e-08,2.0398579478e-08,2.0398592673e-08,2.0398597886e-08,2.0398599095e-08,2.0398599244e-08,2.0398599253e-08,2.0398599253e-08,2.0398599162e-08,2.0398588515e-08,2.0398115871e-08,2.0389049355e-08,2.0307970918e-08,1.9937760106e-08,1.8959543339e-08,1.7230858021e-08,1.4921208038e-08,1.3453297195e-08,5.7628344893e-08,9.5628630395e-07,9.3040975561e-06,4.9104534178e-05,1.5772421994e-04,3.5136512888e-04,6.0650491933e-04,8.7943887267e-04,1.1323936522e-03,1.3446576615e-03,1.5108881739e-03,1.6349719621e-03,1.7245744000e-03,1.7878193673e-03,1.8317698480e-03,1.8619897475e-03,1.8826195404e-03,1.8966341049e-03,1.9061234182e-03,1.9125344349e-03,1.9168592868e-03,1.9211948462e-03,1.9255410411e-03,1.9298978819e-03,1.9342653727e-03,1.9386435114e-03,1.9430322903e-03,1.9474316907e-03,1.9518416861e-03,1.9562622352e-03,1.9606932814e-03,1.9651347530e-03,1.9695865509e-03,1.9740485555e-03,1.9785206134e-03,1.9830025359e-03,1.9874940896e-03,1.9919949910e-03,1.9965048944e-03,2.0010233801e-03,2.0055499369e-03,2.0055489114e-03,2.0055483303e-03,2.0055477183e-03,2.0055471276e-03,2.0055464680e-03,2.0055458172e-03,2.0055451187e-03,2.0055444655e-03,2.0055438005e-03,2.0055431323e-03,2.0055425040e-03,2.0055418537e-03,2.0055412030e-03,2.0055405711e-03,2.0055399482e-03,2.0055393134e-03,2.0055386906e-03,2.0055380709e-03,2.0055374708e-03,2.0055368576e-03,2.0055362500e-03,2.0055355425e-03,2.0055347333e-03,2.0055337753e-03,2.0055326876e-03,2.0055314221e-03,2.0055299583e-03,2.0055282634e-03,2.0055263001e-03,2.0055240236e-03,2.0055213796e-03,2.0055183132e-03,2.0055147638e-03,2.0055106427e-03,2.0055058621e-03,2.0055003183e-03,2.0054938894e-03,2.0054864237e-03,2.0054777862e-03,2.0054677451e-03,2.0054561072e-03,2.0054425980e-03,2.0054269313e-03,2.0054087510e-03,2.0053876549e-03,2.0053631726e-03,2.0053347582e-03,2.0053017742e-03,2.0052634804e-03,2.0052190140e-03,2.0051673696e-03,2.0051073716e-03,2.0050376529e-03,2.0049566095e-03,2.0048623669e-03,2.0047527284e-03,2.0046251143e-03,2.0044764920e-03,2.0043032877e-03,2.0041012807e-03,2.0038654737e-03,2.0035899327e-03,2.0032675889e-03,2.0028899916e-03,2.0024469991e-03,2.0019263871e-03,2.0013133533e-03,2.0005898824e-03,1.9997339302e-03,1.9987183669e-03,1.9975096006e-03,1.9960657715e-03,1.9943343717e-03,1.9922490845e-03,1.9897255669e-03,1.9866557858e-03,1.9829003736e-03,1.9782782548e-03,1.9725525003e-03,1.9654109658e-03,1.9564396997e-03,1.9450863775e-03,1.9306100838e-03,1.9120127238e-03,1.8879465548e-03,1.8565927419e-03,1.8155098666e-03,1.7614647998e-03,1.6902934268e-03,1.5969194276e-03,1.4758210182e-03,1.3224918756e-03,1.1366268831e-03,9.2713167243e-04,7.1616943713e-04,5.3511534845e-04,4.0856820840e-04,3.3908730776e-04,3.0992362801e-04,3.0077190044e-04,2.9868988570e-04,2.9841060513e-04,2.9866908451e-04,2.9960500260e-04,3.0162677079e-04,3.0498824604e-04,3.0957396388e-04,3.1494472102e-04,3.2054024120e-04,3.2586955818e-04,3.3060591115e-04,3.3459402228e-04,3.3781112320e-04,3.4031701692e-04,3.4221178174e-04,3.4360673040e-04,3.4460753163e-04,3.4530617369e-04,3.4577846727e-04,3.4608458343e-04,3.4627098893e-04,3.4637282051e-04,3.4641619780e-04,3.4642025226e-04,3.4639880450e-04,3.4636169937e-04,3.4631584189e-04,3.4626598644e-04,3.4621532988e-04,3.4616595250e-04,3.4611914309e-04,3.4607563666e-04,3.4603578702e-04,3.4599969114e-04,3.4596727803e-04,3.4593837170e-04,3.4591273514e-04,3.4589010073e-04,3.4587019068e-04,3.4585273062e-04,3.4583745802e-04,3.4582412730e-04,3.4581251239e-04,3.4580240774e-04,3.4579362822e-04,3.4578600834e-04,3.4577940103e-04,3.4577367626e-04,3.4576871947e-04,3.4576443011e-04,3.4576072014e-04,3.4575751264e-04,3.4575474056e-04,3.4575234554e-04,3.4575027685e-04,3.4574849042e-04,3.4574694806e-04,3.4574561663e-04,3.4574446746e-04,3.4574347573e-04,3.4574261995e-04,3.4574188156e-04,3.4574124451e-04,3.4574069493e-04,3.4574022083e-04,3.4573981187e-04,3.4573945912e-04,3.4573915485e-04,3.4573889238e-04,3.4573866596e-04,3.4573847058e-04,3.4573830189e-04,3.4573815625e-04,3.4573803006e-04,3.4573792060e-04,3.4573782567e-04,3.4573774314e-04,3.4573767085e-04,3.4573760743e-04,3.4573755251e-04,3.4573750399e-04,3.4573745471e-04,3.4573740457e-04,3.4573735289e-04,3.4573729950e-04,3.4573724344e-04,3.4573718666e-04,3.4573712520e-04,3.4573705941e-04,3.4573699045e-04,3.4573691408e-04,3.4573682995e-04,3.4573673546e-04,3.4573663002e-04,3.4573650696e-04,3.4573636234e-04,3.4573618847e-04,3.4573597672e-04,3.4573571286e-04,3.4573536742e-04,4.9921325117e-02,4.9921338164e-02,4.9921335730e-02,4.9921332274e-02,4.9921328603e-02,4.9921324155e-02,4.9921321346e-02,4.9921316650e-02,4.9921312089e-02,4.9921308470e-02,4.9921304748e-02,4.9921299552e-02,4.9921297174e-02,4.9921292468e-02,4.9921288358e-02,4.9921284408e-02,4.9921281428e-02,4.9921277639e-02,4.9921275004e-02,4.9921270474e-02,4.9921266291e-02,4.9921263792e-02,4.9921258495e-02,4.9921250659e-02,4.9921238301e-02,4.9921219496e-02,4.9921190907e-02,4.9921147215e-02,4.9921080460e-02,4.9920978493e-02,4.9920822727e-02,4.9920584774e-02,4.9920221252e-02,4.9919665857e-02,4.9918817220e-02,4.9917520294e-02,4.9915537762e-02,4.9912505992e-02,4.9907866891e-02,4.9900761794e-02,4.9889864605e-02,4.9873115710e-02,4.9847288942e-02,4.9807266721e-02,4.9744779761e-02,4.9646106380e-02,4.9487614216e-02,4.9226497938e-02,4.8779980524e-02,4.7974613016e-02,4.6413530548e-02,4.3139381807e-02,4.0622410105e-02,3.9022174651e-02,3.8120038155e-02,3.7650611740e-02,3.7419554484e-02,3.7310176862e-02,3.7259761820e-02,3.7236911863e-02,3.7226644052e-02,3.7222035967e-02,3.7219955858e-02,3.7219004451e-02,3.7218560047e-02,3.7218346326e-02,3.7218239712e-02,3.7218184247e-02,3.7218154094e-02,3.7218136999e-02,3.7218126941e-02,3.7218120844e-02,3.7218117061e-02,3.7218114674e-02,3.7218113149e-02,3.7218112168e-02,3.7218111534e-02,3.7218111127e-02,3.7218110868e-02,3.7218110702e-02,3.7218110593e-02,3.7218110533e-02,3.7218110468e-02,3.7218110404e-02,3.7218110352e-02,3.7218110285e-02,3.7218110231e-02,3.7218110185e-02,3.7218110158e-02,3.7218110133e-02,3.7218110097e-02,3.7218110089e-02,3.7218110110e-02,3.7218110131e-02,3.7218110185e-02,3.7218110268e-02,3.7218110397e-02,3.7218110561e-02,3.7218110803e-02,3.7218111152e-02,3.7218111594e-02,3.7218108856e-02
9.0925199159e+01,8.6000012569e-08,8.5862485485e-08,8.5725242659e-08,8.5588282948e-08,8.5451604453e-08,8.5315208255e-08,8.5179091851e-08,8.5043256196e-08,8.4907699948e-08,8.4772422438e-08,8.4637423839e-08,8.4502702801e-08,8.4368258523e-08,8.4234091980e-08,8.4100200568e-08,8.3966584584e-08,8.3833244342e-08,8.3700177897e-08,8.3567385335e-08,8.3434865845e-08,8.3302619028e-08,8.3170646821e-08,8.2974919054e-08,8.2684997716e-08,8.2256347571e-08,8.1624332256e-08,8.0696284325e-08,7.9341835704e-08,7.7382943771e-08,7.4587905694e-08,7.0679291264e-08,6.5374943791e-08,5.8491309625e-08,5.0134905697e-08,4.0952475960e-08,3.2254541016e-08,2.5641190432e-08,2.1986150786e-08,2.0688137554e-08,2.0426844103e-08,2.0399854660e-08,2.0398532973e-08,2.0398529945e-08,2.0398557325e-08,2.0398579477e-08,2.0398592673e-08,2.0398597886e-08,2.0398599096e-08,2.0398599244e-08,2.0398599253e-08,2.0398599253e-08,2.0398599162e-08,2.0398588509e-08,2.0398115594e-08,2.0389043956e-08,2.0307920074e-08,1.9937501372e-08,1.8958725464e-08,1.7229008580e-08,1.4917697619e-08,1.3431399163e-08,5.6913786574e-08,9.4222950281e-07,9.1661985073e-06,4.8374489375e-05,1.5536587935e-04,3.4605810563e-04,5.9721789599e-04,8.6576805271e-04,1.1145369234e-03,1.3231923374e-03,1.4865329404e-03,1.6084216451e-03,1.6964182995e-03,1.7585191888e-03,1.8016693574e-03,1.8313364417e-03,1.8515876621e-03,1.8653444967e-03,1.8746590464e-03,1.8809518760e-03,1.8851969470e-03,1.8894524850e-03,1.8937184202e-03,1.8979947609e-03,1.9022815132e-03,1.9065786741e-03,1.9108862354e-03,1.9152041796e-03,1.9195324804e-03,1.9238710968e-03,1.9282199764e-03,1.9325790444e-03,1.9369482086e-03,1.9413273491e-03,1.9457163201e-03,1.9501149340e-03,1.9545229668e-03,1.9589401387e-03,1.9633661112e-03,1.9678004802e-03,1.9722427435e-03,1.9722417636e-03,1.9722412321e-03,1.9722407139e-03,1.9722401687e-03,1.9722395549e-03,1.9722389976e-03,1.9722384402e-03,1.9722378146e-03,1.9722372376e-03,1.9722366547e-03,1.9722360574e-03,1.9722354908e-03,1.9722349215e-03,1.9722343649e-03,1.9722337964e-03,1.9722332517e-03,1.9722326926e-03,1.9722321341e-03,1.9722315951e-03,1.9722310435e-03,1.9722304941e-03,1.9722298694e-03,1.9722291393e-03,1.9722283000e-03,1.9722273249e-03,1.9722261919e-03,1.9722248851e-03,1.9722233687e-03,1.9722216167e-03,1.9722195802e-03,1.9722172191e-03,1.9722144831e-03,1.9722113074e-03,1.9722076263e-03,1.9722033572e-03,1.9721984047e-03,1.9721926554e-03,1.9721860028e-03,1.9721782741e-03,1.9721693064e-03,1.9721589084e-03,1.9721468408e-03,1.9721328470e-03,1.9721166052e-03,1.9720977598e-03,1.9720758900e-03,1.9720505069e-03,1.9720210420e-03,1.9719868347e-03,1.9719471132e-03,1.9719009802e-03,1.9718473865e-03,1.9717851091e-03,1.9717127172e-03,1.9716285368e-03,1.9715306058e-03,1.9714166215e-03,1.9712838758e-03,1.9711291784e-03,1.9709487621e-03,1.9707381662e-03,1.9704920951e-03,1.9702042413e-03,1.9698670653e-03,1.9694715203e-03,1.9690067039e-03,1.9684594171e-03,1.9678135993e-03,1.9670496025e-03,1.9661432520e-03,1.9650646220e-03,1.9637764313e-03,1.9622319277e-03,1.9603720789e-03,1.9581218260e-03,1.9553850505e-03,1.9520377811e-03,1.9479189710e-03,1.9428179164e-03,1.9364570145e-03,1.9284680490e-03,1.9183594995e-03,1.9054714781e-03,1.8889138256e-03,1.8674818987e-03,1.8395442725e-03,1.8028989075e-03,1.7546035396e-03,1.6908122614e-03,1.6067135269e-03,1.4967996776e-03,1.3559362692e-03,1.1819629793e-03,9.8031942815e-04,7.6907338120e-04,5.7815396657e-04,4.3620861689e-04,3.5271747022e-04,3.1496784337e-04,3.0214756704e-04,2.9898811468e-04,2.9851888182e-04,2.9881156225e-04,2.9987967379e-04,3.0205923874e-04,3.0550968857e-04,3.1004064469e-04,3.1519677066e-04,3.2045558418e-04,3.2538774443e-04,3.2972445303e-04,3.3335101480e-04,3.3626592391e-04,3.3853499324e-04,3.4025461853e-04,3.4152750777e-04,3.4244910083e-04,3.4310146911e-04,3.4355176124e-04,3.4385305954e-04,3.4404628901e-04,3.4416240434e-04,3.4422446205e-04,3.4424941205e-04,3.4424956628e-04,3.4423376193e-04,3.4420826162e-04,3.4417743837e-04,3.4414429044e-04,3.4411082464e-04,3.4407833934e-04,3.4404763213e-04,3.4401915113e-04,3.4399310455e-04,3.4396953954e-04,3.4394839840e-04,3.4392955831e-04,3.4391285912e-04,3.4389812245e-04,3.4388516456e-04,3.4387380479e-04,3.4386387082e-04,3.4385520183e-04,3.4384765001e-04,3.4384108114e-04,3.4383537447e-04,3.4383042209e-04,3.4382612822e-04,3.4382240816e-04,3.4381918737e-04,3.4381640042e-04,3.4381399003e-04,3.4381190619e-04,3.4381010530e-04,3.4380854942e-04,3.4380720556e-04,3.4380604509e-04,3.4380504318e-04,3.4380417831e-04,3.4380343185e-04,3.4380278766e-04,3.4380223178e-04,3.4380175216e-04,3.4380133837e-04,3.4380098140e-04,3.4380067345e-04,3.4380040782e-04,3.4380017868e-04,3.4379998103e-04,3.4379981051e-04,3.4379966335e-04,3.4379953626e-04,3.4379942649e-04,3.4379933151e-04,3.4379924912e-04,3.4379917745e-04,3.4379911502e-04,3.4379906079e-04,3.4379901307e-04,3.4379897153e-04,3.4379893489e-04,3.4379889779e-04,3.4379885949e-04,3.4379882036e-04,3.4379877984e-04,3.4379873789e-04,3.4379869413e-04,3.4379864722e-04,3.4379859794e-04,3.4379854420e-04,3.4379848555e-04,3.4379842141e-04,3.4379834849e-04,3.4379826542e-04,3.4379816912e-04,3.4379805417e-04,3.4379791640e-04,3.4379774704e-04,3.4379752942e-04,3.4379724756e-04,4.9941490814e-02,4.9941499865e-02,4.9941497718e-02,4.9941495661e-02,4.9941493039e-02,4.9941489647e-02,4.9941486049e-02,4.9941482679e-02,4.9941479868e-02,4.9941476875e-02,4.9941474248e-02,4.9941470754e-02,4.9941468265e-02,4.9941465595e-02,4.9941463245e-02,4.9941460876e-02,4.9941457967e-02,4.9941454438e-02,4.9941449822e-02,4.9941448857e-02,4.9941446297e-02,4.9941442373e-02,4.9941439492e-02,4.9941433059e-02,4.9941423085e-02,4.9941408697e-02,4.9941386447e-02,4.9941352485e-02,4.9941300588e-02,4.9941221310e-02,4.9941100205e-02,4.9940915202e-02,4.9940632570e-02,4.9940200762e-02,4.9939540966e-02,4.9938532638e-02,4.9936991275e-02,4.9934634175e-02,4.9931027466e-02,4.9925503636e-02,4.9917031867e-02,4.9904011308e-02,4.9883934779e-02,4.9852826097e-02,4.9804262455e-02,4.9727591332e-02,4.9604479076e-02,4.9401749896e-02,4.9055327878e-02,4.8431128469e-02,4.7222492008e-02,4.4685784455e-02,4.2717366880e-02,4.1450860337e-02,4.0728648817e-02,4.0349175543e-02,4.0160944111e-02,4.0071313725e-02,4.0029822079e-02,4.0010958621e-02,4.0002463973e-02,3.9998646028e-02,3.9996920841e-02,3.9996131212e-02,3.9995762190e-02,3.9995584654e-02,3.9995496064e-02,3.9995449965e-02,3.9995424900e-02,3.9995410686e-02,3.9995402323e-02,3.9995397252e-02,3.9995394106e-02,3.9995392121e-02,3.9995390853e-02,3.9995390036e-02,3.9995389509e-02,3.9995389168e-02,3.9995388949e-02,3.9995388810e-02,3.9995388720e-02,3.9995388665e-02,3.9995388612e-02,3.9995388558e-02,3.9995388509e-02,3.9995388453e-02,3.9995388403e-02,3.9995388362e-02,3.9995388319e-02,3.9995388285e-02,3.9995388251e-02,3.9995388226e-02,3.9995388215e-02,3.9995388212e-02,3.9995388239e-02,3.9995388266e-02,3.9995388329e-02,3.9995388411e-02,3.9995388542e-02,3.9995388728e-02,3.9995388986e-02,3.9995387295e-02
1.0150094231e+02,8.6000011527e-08,8.5862485563e-08,8.5725242891e-08,8.5588282525e-08,8.5451604826e-08,8.5315207835e-08,8.5179092029e-08,8.5043256112e-08,8.4907700077e-08,8.4772422550e-08,8.4637423875e-08,8.4502702410e-08,8.4368258907e-08,8.4234091702e-08,8.4100200511e-08,8.3966585062e-08,8.3833244082e-08,8.3700177739e-08,8.3567385495e-08,8.3434865801e-08,8.3302619024e-08,8.3170646756e-08,8.2974919090e-08,8.2684997756e-08,8.2256347547e-08,8.1624332255e-08,8.0696284312e-08,7.9341835695e-08,7.7382943776e-08,7.4587905682e-08,7.0679291260e-08,6.5374943791e-08,5.8491309616e-08,5.0134905692e-08,4.0952475952e-08,3.2254541008e-08,2.5641190428e-08,2.1986150794e-08,2.0688137556e-08,2.0426844108e-08,2.0399854652e-08,2.0398532975e-08,2.0398529946e-08,2.0398557325e-08,2.0398579478e-08,2.0398592672e-08,2.0398597886e-08,2.0398599095e-08,2.0398599244e-08,2.0398599253e-08,2.0398599253e-08,2.0398599161e-08,2.0398588500e-08,2.0398115194e-08,2.0389036170e-08,2.0307846706e-08,1.9937127912e-08,1.8957544810e-08,1.7226338843e-08,1.4912626717e-08,1.3399921049e-08,5.5887542414e-08,9.2204246032e-07,8.9681666072e-06,4.7326170452e-05,1.5198001648e-04,3.3844159307e-04,5.8389630124e-04,8.4616991476e-04,1.0889530868e-03,1.2924544595e-03,1.4516717123e-03,1.5704310182e-03,1.6561398326e-03,1.7166114443e-03,1.7586222631e-03,1.7875025225e-03,1.8072150039e-03,1.8206051073e-03,1.8296709991e-03,1.8357956782e-03,1.8399272444e-03,1.8440689390e-03,1.8482206941e-03,1.8523825184e-03,1.8565544162e-03,1.8607363848e-03,1.8649284164e-03,1.8691304936e-03,1.8733425921e-03,1.8775646717e-03,1.8817966787e-03,1.8860385486e-03,1.8902901851e-03,1.8945514778e-03,1.8988222816e-03,1.9031024189e-03,1.9073916715e-03,1.9116897723e-03,1.9159963954e-03,1.9203111439e-03,1.9246335398e-03,1.9246327343e-03,1.9246322891e-03,1.9246318609e-03,1.9246313543e-03,1.9246308457e-03,1.9246303935e-03,1.9246299009e-03,1.9246293773e-03,1.9246288758e-03,1.9246283890e-03,1.9246278926e-03,1.9246274094e-03,1.9246269349e-03,1.9246264656e-03,1.9246259796e-03,1.9246255164e-03,1.9246250508e-03,1.9246245827e-03,1.9246241168e-03,1.9246236609e-03,1.9246232020e-03,1.9246226630e-03,1.9246220479e-03,1.9246213435e-03,1.9246205193e-03,1.9246195697e-03,1.9246184665e-03,1.9246171900e-03,1.9246157084e-03,1.9246139913e-03,1.9246120017e-03,1.9246096927e-03,1.9246070166e-03,1.9246039107e-03,1.9246003111e-03,1.9245961328e-03,1.9245912786e-03,1.9245856880e-03,1.9245791613e-03,1.9245715925e-03,1.9245628301e-03,1.9245526524e-03,1.9245408505e-03,1.9245271554e-03,1.9245112635e-03,1.9244928211e-03,1.9244714169e-03,1.9244465704e-03,1.9244177259e-03,1.9243842314e-03,1.9243453310e-03,1.9243001402e-03,1.9242476285e-03,1.9241865896e-03,1.9241156126e-03,1.9240330439e-03,1.9239369432e-03,1.9238250289e-03,1.9236946134e-03,1.9235425231e-03,1.9233650016e-03,1.9231575897e-03,1.9229149775e-03,1.9226308189e-03,1.9222975017e-03,1.9219058543e-03,1.9214447765e-03,1.9209007659e-03,1.9202573100e-03,1.9194940989e-03,1.9185860011e-03,1.9175017206e-03,1.9162020260e-03,1.9146374031e-03,1.9127449194e-03,1.9104440166e-03,1.9076308294e-03,1.9041704689e-03,1.8998864911e-03,1.8945464440e-03,1.8878419542e-03,1.8793611945e-03,1.8685507570e-03,1.8546629070e-03,1.8366830290e-03,1.8132311332e-03,1.7824317627e-03,1.7417513730e-03,1.6878181981e-03,1.6162819607e-03,1.5218685124e-03,1.3989800676e-03,1.2434879053e-03,1.0564999283e-03,8.4982491491e-04,6.4900768217e-04,4.8577264708e-04,3.7953834853e-04,3.2593971193e-04,3.0548105954e-04,2.9978722172e-04,2.9879518694e-04,2.9908544094e-04,3.0032955470e-04,3.0270204569e-04,3.0621930435e-04,3.1060533392e-04,3.1540667496e-04,3.2016708297e-04,3.2454374272e-04,3.2834161602e-04,3.3149354222e-04,3.3401996638e-04,3.3598988716e-04,3.3749174903e-04,3.3861521221e-04,3.3944151528e-04,3.4003955240e-04,3.4046527993e-04,3.4076280539e-04,3.4096614995e-04,3.4110112891e-04,3.4118708014e-04,3.4123833570e-04,3.4126541839e-04,3.4127598613e-04,3.4127556211e-04,3.4126809117e-04,3.4125635922e-04,3.4124230672e-04,3.4122726157e-04,3.4121211098e-04,3.4119742785e-04,3.4118356306e-04,3.4117071270e-04,3.4115896665e-04,3.4114834350e-04,3.4113881547e-04,3.4113032609e-04,3.4112280244e-04,3.4111616365e-04,3.4111032663e-04,3.4110520978e-04,3.4110073536e-04,3.4109683083e-04,3.4109342956e-04,3.4109047106e-04,3.4108790091e-04,3.4108567050e-04,3.4108373668e-04,3.4108206130e-04,3.4108061078e-04,3.4107935564e-04,3.4107827010e-04,3.4107733163e-04,3.4107652059e-04,3.4107581989e-04,3.4107521467e-04,3.4107469205e-04,3.4107424084e-04,3.4107385134e-04,3.4107351517e-04,3.4107322505e-04,3.4107297471e-04,3.4107275871e-04,3.4107257236e-04,3.4107241160e-04,3.4107227291e-04,3.4107215326e-04,3.4107205003e-04,3.4107196093e-04,3.4107188399e-04,3.4107181751e-04,3.4107175994e-04,3.4107170999e-04,3.4107166656e-04,3.4107162868e-04,3.4107159573e-04,3.4107156674e-04,3.4107154149e-04,3.4107151908e-04,3.4107149641e-04,3.4107147300e-04,3.4107144915e-04,3.4107142437e-04,3.4107139839e-04,3.4107137126e-04,3.4107134238e-04,3.4107131133e-04,3.4107127801e-04,3.4107124114e-04,3.4107120030e-04,3.4107115370e-04,3.4107110013e-04,3.4107103712e-04,3.4107096137e-04,3.4107086793e-04,3.4107074998e-04,3.4107059631e-04,3.4107038961e-04,4.9966906498e-02,4.9966910231e-02,4.9966909100e-02,4.9966907899e-02,4.9966906288e-02,4.9966905221e-02,4.9966902426e-02,4.9966900904e-02,4.9966899073e-02,4.9966896927e-02,4.9966895266e-02,4.9966894100e-02,4.9966892518e-02,4.9966888708e-02,4.9966888356e-02,4.9966886759e-02,4.9966884658e-02,4.9966884426e-02,4.9966879589e-02,4.9966878370e-02,4.9966875834e-02,4.9966874302e-02,4.9966873209e-02,4.9966869671e-02,4.9966862299e-02,4.9966853236e-02,4.9966838897e-02,4.9966816909e-02,4.9966783294e-02,4.9966731953e-02,4.9966653524e-02,4.9966533712e-02,4.9966350675e-02,4.9966071028e-02,4.9965643734e-02,4.9964990727e-02,4.9963992526e-02,4.9962466056e-02,4.9960130364e-02,4.9956553219e-02,4.9951067194e-02,4.9942635906e-02,4.9929636505e-02,4.9909495970e-02,4.9878059695e-02,4.9828441045e-02,4.9748797429e-02,4.9617723058e-02,4.9393933229e-02,4.8991160260e-02,4.8212138266e-02,4.6575127771e-02,4.5290130645e-02,4.4451313542e-02,4.3966325560e-02,4.3708471740e-02,4.3579352810e-02,4.3517423324e-02,4.3488601266e-02,4.3475447507e-02,4.3469508141e-02,4.3466833717e-02,4.3465623700e-02,4.3465069375e-02,4.3464810153e-02,4.3464685384e-02,4.3464623101e-02,4.3464590681e-02,4.3464573049e-02,4.3464563049e-02,4.3464557164e-02,4.3464553595e-02,4.3464551381e-02,4.3464549983e-02,4.3464549091e-02,4.3464548516e-02,4.3464548145e-02,4.3464547904e-02,4.3464547749e-02,4.3464547648e-02,4.3464547583e-02,4.3464547536e-02,4.3464547497e-02,4.3464547457e-02,4.3464547415e-02,4.3464547376e-02,4.3464547335e-02,4.3464547303e-02,4.3464547265e-02,4.3464547230e-02,4.3464547194e-02,4.3464547168e-02,4.3464547135e-02,4.3464547123e-02,4.3464547101e-02,4.3464547090e-02,4.3464547090e-02,4.3464547096e-02,4.3464547121e-02,4.3464547163e-02,4.3464547232e-02,4.3464546599e-02
1.1330677728e+02,8.6000012347e-08,8.5862485421e-08,8.5725242611e-08,8.5588282738e-08,8.5451604601e-08,8.5315208011e-08,8.5179092250e-08,8.5043256090e-08,8.4907699771e-08,8.4772422549e-08,8.4637424105e-08,8.4502702505e-08,8.4368258659e-08,8.4234092024e-08,8.4100200486e-08,8.3966584833e-08,8.3833244150e-08,8.3700177803e-08,8.3567385324e-08,8.3434866039e-08,8.3302618992e-08,8.3170646843e-08,8.2974919021e-08,8.2684997742e-08,8.2256347557e-08,8.1624332281e-08,8.0696284319e-08,7.9341835708e-08,7.7382943772e-08,7.4587905702e-08,7.0679291268e-08,6.5374943796e-08,5.8491309622e-08,5.0134905696e-08,4.0952475959e-08,3.2254541016e-08,2.5641190428e-08,2.1986150800e-08,2.0688137550e-08,2.0426844106e-08,2.0399854655e-08,2.0398532976e-08,2.0398529945e-08,2.0398557324e-08,2.0398579477e-08,2.0398592673e-08,2.0398597886e-08,2.0398599095e-08,2.0398599244e-08,2.0398599253e-08,2.0398599253e-08,2.0398599161e-08,2.0398588491e-08,2.0398114812e-08,2.0389028740e-08,2.0307776639e-08,1.9936771126e-08,1.8956416784e-08,1.7223788111e-08,1.4907774513e-08,1.3370064968e-08,5.4915667538e-08,9.0292681246e-07,8.7806514338e-06,4.6333602885e-05,1.4877490681e-04,3.3123468665e-04,5.7129861439e-04,8.2764940191e-04,1.0647922777e-03,1.2634435720e-03,1.4187851496e-03,1.5346057601e-03,1.6181676724e-03,1.6771111664e-03,1.7180537714e-03,1.7461965228e-03,1.7654041225e-03,1.7784505840e-03,1.7872834930e-03,1.7932506302e-03,1.7972758564e-03,1.8013108978e-03,1.8053556871e-03,1.8094102330e-03,1.8134745385e-03,1.8175486027e-03,1.8216324181e-03,1.8257259661e-03,1.8298292230e-03,1.8339421510e-03,1.8380647002e-03,1.8421968025e-03,1.8463383709e-03,1.8504892957e-03,1.8546494380e-03,1.8588186253e-03,1.8629966480e-03,1.8671832483e-03,1.8713781101e-03,1.8755808513e-03,1.8797910047e-03,1.8797903452e-03,1.8797899165e-03,1.8797895639e-03,1.8797891665e-03,1.8797887766e-03,1.8797883437e-03,1.8797879279e-03,1.8797874844e-03,1.8797870834e-03,1.8797866629e-03,1.8797862498e-03,1.8797858497e-03,1.8797854157e-03,1.8797850446e-03,1.8797846328e-03,1.8797842386e-03,1.8797838461e-03,1.8797834573e-03,1.8797830598e-03,1.8797826647e-03,1.8797822820e-03,1.8797818394e-03,1.8797813291e-03,1.8797807308e-03,1.8797800384e-03,1.8797792341e-03,1.8797783076e-03,1.8797772321e-03,1.8797759850e-03,1.8797745397e-03,1.8797728647e-03,1.8797709214e-03,1.8797686669e-03,1.8797660557e-03,1.8797630251e-03,1.8797595139e-03,1.8797554683e-03,1.8797506689e-03,1.8797452170e-03,1.8797388550e-03,1.8797314718e-03,1.8797229097e-03,1.8797129753e-03,1.8797014461e-03,1.8796880708e-03,1.8796725472e-03,1.8796545313e-03,1.8796336183e-03,1.8796093399e-03,1.8795811483e-03,1.8795484069e-03,1.8795103719e-03,1.8794661759e-03,1.8794148039e-03,1.8793550692e-03,1.8792855807e-03,1.8792047063e-03,1.8791105272e-03,1.8790007832e-03,1.8788728059e-03,1.8787234374e-03,1.8785489297e-03,1.8783448202e-03,1.8781057773e-03,1.8778254065e-03,1.8774960060e-03,1.8771082569e-03,1.8766508270e-03,1.8761098625e-03,1.8754683298e-03,1.8747051594e-03,1.8737941236e-03,1.8727023584e-03,1.8713884026e-03,1.8697995809e-03,1.8678684924e-03,1.8655082685e-03,1.8626061326e-03,1.8590146038e-03,1.8545394179e-03,1.8489228605e-03,1.8418206694e-03,1.8327699371e-03,1.8211444608e-03,1.8060927907e-03,1.7864529708e-03,1.7606373327e-03,1.7264824890e-03,1.6810685900e-03,1.6205386488e-03,1.5400161417e-03,1.4338676129e-03,1.2968267268e-03,1.1268008458e-03,9.2988734064e-04,7.2557778904e-04,5.4490771637e-04,4.1518132930e-04,3.4230039941e-04,3.1110205733e-04,3.0130074852e-04,2.9931421145e-04,2.9946617267e-04,3.0082507391e-04,3.0332167944e-04,3.0682696905e-04,3.1100687650e-04,3.1543170244e-04,3.1971479537e-04,3.2358910350e-04,3.2691768273e-04,3.2966700620e-04,3.3187007409e-04,3.3359423522e-04,3.3491859184e-04,3.3592050063e-04,3.3666881111e-04,3.3722140055e-04,3.3762512396e-04,3.3791693338e-04,3.3812542583e-04,3.3827242327e-04,3.3837439798e-04,3.3844367642e-04,3.3848941543e-04,3.3851837318e-04,3.3853550701e-04,3.3854443079e-04,3.3854776172e-04,3.3854738112e-04,3.3854462962e-04,3.3854045243e-04,3.3853550700e-04,3.3853024268e-04,3.3852495918e-04,3.3851984958e-04,3.3851503169e-04,3.3851057080e-04,3.3850649623e-04,3.3850281317e-04,3.3849951114e-04,3.3849656998e-04,3.3849396403e-04,3.3849166501e-04,3.3848964395e-04,3.3848787247e-04,3.3848632354e-04,3.3848497201e-04,3.3848379475e-04,3.3848277081e-04,3.3848188131e-04,3.3848110942e-04,3.3848044019e-04,3.3847986042e-04,3.3847935847e-04,3.3847892414e-04,3.3847854851e-04,3.3847822377e-04,3.3847794312e-04,3.3847770066e-04,3.3847749125e-04,3.3847731041e-04,3.3847715428e-04,3.3847701951e-04,3.3847690319e-04,3.3847680281e-04,3.3847671619e-04,3.3847664145e-04,3.3847657696e-04,3.3847652131e-04,3.3847647327e-04,3.3847643177e-04,3.3847639587e-04,3.3847636482e-04,3.3847633782e-04,3.3847631435e-04,3.3847629386e-04,3.3847627592e-04,3.3847626026e-04,3.3847624646e-04,3.3847623430e-04,3.3847622190e-04,3.3847620913e-04,3.3847619592e-04,3.3847618226e-04,3.3847616798e-04,3.3847615283e-04,3.3847613671e-04,3.3847611936e-04,3.3847610042e-04,3.3847607944e-04,3.3847605596e-04,3.3847602895e-04,3.3847599737e-04,3.3847596004e-04,3.3847591434e-04,3.3847585737e-04,3.3847578388e-04,3.3847568539e-04,3.3847554822e-04,4.9986019437e-02,4.9986020496e-02,4.9986019944e-02,4.9986019267e-02,4.9986018142e-02,4.9986017382e-02,4.9986016432e-02,4.9986015328e-02,4.9986014350e-02,4.9986013355e-02,4.9986012510e-02,4.9986011541e-02,4.9986010352e-02,4.9986008867e-02,4.9986007873e-02,4.9986007597e-02,4.9986005887e-02,4.9986004702e-02,4.9986003902e-02,4.9986003030e-02,4.9986000974e-02,4.9986000700e-02,4.9985999042e-02,4.9985997026e-02,4.9985993000e-02,4.9985987330e-02,4.9985978643e-02,4.9985965362e-02,4.9985945080e-02,4.9985914095e-02,4.9985866764e-02,4.9985794460e-02,4.9985684001e-02,4.9985515240e-02,4.9985257376e-02,4.9984863302e-02,4.9984260912e-02,4.9983339730e-02,4.9981930218e-02,4.9979771560e-02,4.9976461041e-02,4.9971373376e-02,4.9963529570e-02,4.9951377722e-02,4.9932412711e-02,4.9902483758e-02,4.9854457079e-02,4.9775448160e-02,4.9640630634e-02,4.9398173812e-02,4.8929533857e-02,4.7943549133e-02,4.7162891004e-02,4.6647886264e-02,4.6347112577e-02,4.6185821457e-02,4.6104496359e-02,4.6065282416e-02,4.6046960029e-02,4.6038574290e-02,4.6034780268e-02,4.6033069497e-02,4.6032294735e-02,4.6031939569e-02,4.6031773402e-02,4.6031693393e-02,4.6031653443e-02,4.6031632643e-02,4.6031621329e-02,4.6031614910e-02,4.6031611133e-02,4.6031608842e-02,4.6031607421e-02,4.6031606524e-02,4.6031605951e-02,4.6031605582e-02,4.6031605343e-02,4.6031605188e-02,4.6031605087e-02,4.6031605021e-02,4.6031604979e-02,4.6031604951e-02,4.6031604924e-02,4.6031604895e-02,4.6031604870e-02,4.6031604842e-02,4.6031604813e-02,4.6031604787e-02,4.6031604761e-02,4.6031604735e-02,4.6031604708e-02,4.6031604683e-02,4.6031604662e-02,4.6031604636e-02,4.6031604615e-02,4.6031604594e-02,4.6031604575e-02,4.6031604561e-02,4.6031604546e-02,4.6031604536e-02,4.6031604532e-02,4.6031604355e-02
1.3121101797e+02,8.6000009770e-08,8.5862485432e-08,8.5725242833e-08,8.5588282838e-08,8.5451604781e-08,8.5315207843e-08,8.5179091991e-08,8.5043255934e-08,8.4907699904e-08,8.4772422677e-08,8.4637423892e-08,8.4502702747e-08,8.4368258749e-08,8.4234091740e-08,8.4100200380e-08,8.3966585072e-08,8.3833244118e-08,8.3700178017e-08,8.3567385135e-08,8.3434865930e-08,8.3302618878e-08,8.3170646814e-08,8.2974919018e-08,8.2684997766e-08,8.2256347578e-08,8.1624332289e-08,8.0696284313e-08,7.9341835694e-08,7.7382943771e-08,7.4587905685e-08,7.0679291256e-08,6.5374943794e-08,5.8491309617e-08,5.0134905694e-08,4.0952475956e-08,3.2254541008e-08,2.5641190424e-08,2.1986150791e-08,2.0688137554e-08,2.0426844107e-08,2.0399854661e-08,2.0398532972e-08,2.0398529947e-08,2.0398557323e-08,2.0398579478e-08,2.0398592672e-08,2.0398597886e-08,2.0398599095e-08,2.0398599244e-08,2.0398599253e-08,2.0398599253e-08,2.0398599161e-08,2.0398588480e-08,2.0398114332e-08,2.0389019386e-08,2.0307688384e-08,1.9936321619e-08,1.8954995472e-08,1.7220574389e-08,1.4901684536e-08,1.3332704032e-08,5.3703267088e-08,8.7908316678e-07,8.5467670089e-06,4.5095704265e-05,1.4477854830e-04,3.2225271170e-04,5.5560829931e-04,8.0459939174e-04,1.0347445122e-03,1.2273872288e-03,1.3779333816e-03,1.4901215394e-03,1.5710317306e-03,1.6280888366e-03,1.6677133050e-03,1.6949462516e-03,1.7135311373e-03,1.7261538117e-03,1.7346994262e-03,1.7404723079e-03,1.7443664186e-03,1.7482699612e-03,1.7521828721e-03,1.7561051575e-03,1.7600368217e-03,1.7639778627e-03,1.7679282720e-03,1.7718880347e-03,1.7758571268e-03,1.7798355116e-03,1.7838231402e-03,1.7878199499e-03,1.7918258561e-03,1.7958407537e-03,1.7998645113e-03,1.8038969629e-03,1.8079379072e-03,1.8119870978e-03,1.8160442348e-03,1.8201089458e-03,1.8241807881e-03,1.8241801592e-03,1.8241799039e-03,1.8241795981e-03,1.8241793004e-03,1.8241789763e-03,1.8241786414e-03,1.8241783165e-03,1.8241779766e-03,1.8241776604e-03,1.8241773312e-03,1.8241770199e-03,1.8241766801e-03,1.8241763640e-03,1.8241760344e-03,1.8241757301e-03,1.8241754182e-03,1.8241751072e-03,1.8241747908e-03,1.8241744913e-03,1.8241741892e-03,1.8241738692e-03,1.8241735265e-03,1.8241731130e-03,1.8241726372e-03,1.8241720908e-03,1.8241714563e-03,1.8241707173e-03,1.8241698720e-03,1.8241688830e-03,1.8241677390e-03,1.8241664133e-03,1.8241648739e-03,1.8241630898e-03,1.8241610215e-03,1.8241586218e-03,1.8241558362e-03,1.8241525999e-03,1.8241488784e-03,1.8241445164e-03,1.8241394858e-03,1.8241336392e-03,1.8241268577e-03,1.8241189919e-03,1.8241098640e-03,1.8240992732e-03,1.8240869823e-03,1.8240727171e-03,1.8240561595e-03,1.8240369367e-03,1.8240146157e-03,1.8239886941e-03,1.8239585809e-03,1.8239235906e-03,1.8238829201e-03,1.8238356304e-03,1.8237806206e-03,1.8237165996e-03,1.8236420497e-03,1.8235551830e-03,1.8234538898e-03,1.8233356730e-03,1.8231975702e-03,1.8230360545e-03,1.8228469138e-03,1.8226250973e-03,1.8223645240e-03,1.8220578380e-03,1.8216960982e-03,1.8212683782e-03,1.8207612495e-03,1.8201581097e-03,1.8194383019e-03,1.8185759556e-03,1.8175384495e-03,1.8162843613e-03,1.8147607174e-03,1.8128992778e-03,1.8106114933e-03,1.8077816129e-03,1.8042572148e-03,1.7998361214e-03,1.7942482280e-03,1.7871301611e-03,1.7779898323e-03,1.7661568309e-03,1.7507132216e-03,1.7303979483e-03,1.7034776167e-03,1.6675794494e-03,1.6194951650e-03,1.5550023018e-03,1.4688431582e-03,1.3552016667e-03,1.2093541127e-03,1.0314168769e-03,8.3218261865e-04,6.3691555935e-04,4.7796999404e-04,3.7523721418e-04,3.2415426310e-04,3.0533719214e-04,3.0075635253e-04,3.0028001441e-04,3.0159055494e-04,3.0410428620e-04,3.0747265889e-04,3.1130638174e-04,3.1522099544e-04,3.1891479820e-04,3.2220108332e-04,3.2499826198e-04,3.2730080080e-04,3.2914859010e-04,3.3060287634e-04,3.3173038984e-04,3.3259433147e-04,3.3325013009e-04,3.3374412180e-04,3.3411381786e-04,3.3438891118e-04,3.3459252786e-04,3.3474246436e-04,3.3485229154e-04,3.3493228478e-04,3.3499018022e-04,3.3503177505e-04,3.3506139601e-04,3.3508226083e-04,3.3509675440e-04,3.3510663855e-04,3.3511321044e-04,3.3511742163e-04,3.3511996743e-04,3.3512135361e-04,3.3512194609e-04,3.3512200797e-04,3.3512172696e-04,3.3512123571e-04,3.3512062678e-04,3.3511996379e-04,3.3511928944e-04,3.3511863157e-04,3.3511800746e-04,3.3511742700e-04,3.3511689502e-04,3.3511641288e-04,3.3511597973e-04,3.3511559327e-04,3.3511525038e-04,3.3511494755e-04,3.3511468108e-04,3.3511444734e-04,3.3511424284e-04,3.3511406430e-04,3.3511390871e-04,3.3511377333e-04,3.3511365568e-04,3.3511355357e-04,3.3511346501e-04,3.3511338828e-04,3.3511332183e-04,3.3511326433e-04,3.3511321459e-04,3.3511317159e-04,3.3511313442e-04,3.3511310230e-04,3.3511307457e-04,3.3511305061e-04,3.3511302992e-04,3.3511301206e-04,3.3511299662e-04,3.3511298328e-04,3.3511297171e-04,3.3511296169e-04,3.3511295296e-04,3.3511294533e-04,3.3511293866e-04,3.3511293277e-04,3.3511292760e-04,3.3511292302e-04,3.3511291896e-04,3.3511291479e-04,3.3511291047e-04,3.3511290596e-04,3.3511290121e-04,3.3511289620e-04,3.3511289082e-04,3.3511288500e-04,3.3511287863e-04,3.3511287154e-04,3.3511286357e-04,3.3511285443e-04,3.3511284375e-04,3.3511283104e-04,3.3511281559e-04,3.3511279634e-04,3.3511277163e-04,3.3511273905e-04,3.3511269419e-04,3.3511262962e-04,5.0002281436e-02,5.0002281418e-02,5.0002281225e-02,5.0002280929e-02,5.0002280623e-02,5.0002280263e-02,5.0002279863e-02,5.0002279398e-02,5.0002279052e-02,5.0002278599e-02,5.0002278159e-02,5.0002277636e-02,5.0002277129e-02,5.0002276834e-02,5.0002276159e-02,5.0002275802e-02,5.0002275271e-02,5.0002274929e-02,5.0002274357e-02,5.0002273818e-02,5.0002273416e-02,5.0002272949e-02,5.0002272109e-02,5.0002271049e-02,5.0002269416e-02,5.0002266803e-02,5.0002262835e-02,5.0002256781e-02,5.0002247536e-02,5.0002233413e-02,5.0002211839e-02,5.0002178882e-02,5.0002128534e-02,5.0002051611e-02,5.0001934074e-02,5.0001754452e-02,5.0001479878e-02,5.0001059999e-02,5.0000417542e-02,4.9999433633e-02,4.9997924734e-02,4.9995605890e-02,4.9992030997e-02,4.9986492997e-02,4.9977850792e-02,4.9964214284e-02,4.9942336499e-02,4.9906356518e-02,4.9844989398e-02,4.9734689445e-02,4.9521581154e-02,4.9072635156e-02,4.8714526645e-02,4.8476163065e-02,4.8335774912e-02,4.8259948011e-02,4.8221493145e-02,4.8202867622e-02,4.8194135970e-02,4.8190130063e-02,4.8188314562e-02,4.8187494965e-02,4.8187123488e-02,4.8186953099e-02,4.8186873348e-02,4.8186834937e-02,4.8186815753e-02,4.8186805763e-02,4.8186800328e-02,4.8186797244e-02,4.8186795429e-02,4.8186794328e-02,4.8186793645e-02,4.8186793214e-02,4.8186792939e-02,4.8186792761e-02,4.8186792646e-02,4.8186792572e-02,4.8186792523e-02,4.8186792491e-02,4.8186792471e-02,4.8186792457e-02,4.8186792444e-02,4.8186792430e-02,4.8186792417e-02,4.8186792403e-02,4.8186792389e-02,4.8186792376e-02,4.8186792363e-02,4.8186792349e-02,4.8186792335e-02,4.8186792322e-02,4.8186792309e-02,4.8186792295e-02,4.8186792282e-02,4.8186792268e-02,4.8186792255e-02,4.8186792242e-02,4.8186792229e-02,4.8186792216e-02,4.8186792202e-02,4.8186792173e-02
1.5762072719e+02,8.6000011401e-08,8.5862485190e-08,8.5725242937e-08,8.5588282652e-08,8.5451604622e-08,8.5315208026e-08,8.5179091916e-08,8.5043256394e-08,8.4907699743e-08,8.4772422500e-08,8.4637423646e-08,8.4502702729e-08,8.4368259037e-08,8.4234091536e-08,8.4100200609e-08,8.3966584756e-08,8.3833244405e-08,8.3700177940e-08,8.3567385136e-08,8.3434865892e-08,8.3302618808e-08,8.3170647072e-08,8.2974919120e-08,8.2684997695e-08,8.2256347547e-08,8.1624332312e-08,8.0696284285e-08,7.9341835691e-08,7.7382943782e-08,7.4587905701e-08,7.0679291260e-08,6.5374943799e-08,5.8491309622e-08,5.0134905696e-08,4.0952475959e-08,3.2254541014e-08,2.5641190420e-08,2.1986150789e-08,2.0688137559e-08,2.0426844103e-08,2.0399854658e-08,2.0398532974e-08,2.0398529946e-08,2.0398557324e-08,2.0398579478e-08,2.0398592673e-08,2.0398597886e-08,2.0398599095e-08,2.0398599244e-08,2.0398599253e-08,2.0398599253e-08,2.0398599161e-08,2.0398588468e-08,2.0398113783e-08,2.0389008655e-08,2.0307587086e-08,1.9935805540e-08,1.8953363522e-08,1.7216884533e-08,1.4894711910e-08,1.3289969152e-08,5.2319207115e-08,8.5186621763e-07,8.2798098313e-06,4.3682930149e-05,1.4021896940e-04,3.1201051528e-04,5.3773040163e-04,7.7835883731e-04,1.0005671120e-03,1.1864065929e-03,1.3315310629e-03,1.4396171872e-03,1.5175355133e-03,1.5724656371e-03,1.6106045369e-03,1.6368124434e-03,1.6546958997e-03,1.6668412892e-03,1.6750633755e-03,1.6806175175e-03,1.6843639927e-03,1.6881194753e-03,1.6918839023e-03,1.6956572811e-03,1.6994396146e-03,1.7032309012e-03,1.7070311320e-03,1.7108402930e-03,1.7146583616e-03,1.7184853030e-03,1.7223210712e-03,1.7261656047e-03,1.7300188247e-03,1.7338806306e-03,1.7377508981e-03,1.7416294698e-03,1.7455161540e-03,1.7494107170e-03,1.7533128713e-03,1.7572222670e-03,1.7611384746e-03,1.7611380808e-03,1.7611378415e-03,1.7611376289e-03,1.7611373702e-03,1.7611371434e-03,1.7611368990e-03,1.7611366524e-03,1.7611363936e-03,1.7611361438e-03,1.7611359025e-03,1.7611356664e-03,1.7611354224e-03,1.7611351740e-03,1.7611349440e-03,1.7611347147e-03,1.7611344726e-03,1.7611342512e-03,1.7611340203e-03,1.7611337917e-03,1.7611335658e-03,1.7611333452e-03,1.7611330722e-03,1.7611327731e-03,1.7611324202e-03,1.7611320146e-03,1.7611315436e-03,1.7611309984e-03,1.7611303703e-03,1.7611296362e-03,1.7611287897e-03,1.7611278057e-03,1.7611266649e-03,1.7611253420e-03,1.7611238085e-03,1.7611220297e-03,1.7611199675e-03,1.7611175841e-03,1.7611147879e-03,1.7611115761e-03,1.7611078406e-03,1.7611035103e-03,1.7610984841e-03,1.7610926507e-03,1.7610858844e-03,1.7610780339e-03,1.7610689228e-03,1.7610583486e-03,1.7610460744e-03,1.7610318252e-03,1.7610152796e-03,1.7609960653e-03,1.7609737437e-03,1.7609478085e-03,1.7609176635e-03,1.7608826130e-03,1.7608418419e-03,1.7607943939e-03,1.7607391447e-03,1.7606747708e-03,1.7605997099e-03,1.7605121140e-03,1.7604097905e-03,1.7602901301e-03,1.7601500171e-03,1.7599857168e-03,1.7597927338e-03,1.7595656326e-03,1.7592978088e-03,1.7589811947e-03,1.7586058802e-03,1.7581596181e-03,1.7576271791e-03,1.7569895000e-03,1.7562225569e-03,1.7552958628e-03,1.7541704513e-03,1.7527961574e-03,1.7511079223e-03,1.7490207475e-03,1.7464227562e-03,1.7431655970e-03,1.7390510946e-03,1.7338125764e-03,1.7270886320e-03,1.7183861142e-03,1.7070279184e-03,1.6920794952e-03,1.6722464388e-03,1.6457349005e-03,1.6100700576e-03,1.5618831429e-03,1.4967232168e-03,1.4090646955e-03,1.2929277027e-03,1.1439262205e-03,9.6375048409e-04,7.6653438006e-04,5.8109935698e-04,4.3917586250e-04,3.5441768499e-04,3.1647803358e-04,3.0514585484e-04,3.0241063231e-04,3.0297319475e-04,3.0512113769e-04,3.0809069054e-04,3.1139090727e-04,3.1467125627e-04,3.1770305729e-04,3.2036400366e-04,3.2261240032e-04,3.2445904452e-04,3.2594359194e-04,3.2711778235e-04,3.2803501701e-04,3.2874470785e-04,3.2928977453e-04,3.2970601270e-04,3.3002245870e-04,3.3026220538e-04,3.3044335545e-04,3.3057994776e-04,3.3068278095e-04,3.3076010939e-04,3.3081821193e-04,3.3086184662e-04,3.3089460824e-04,3.3091920635e-04,3.3093767949e-04,3.3095155917e-04,3.3096199467e-04,3.3096984775e-04,3.3097576416e-04,3.3098022765e-04,3.3098360050e-04,3.3098615404e-04,3.3098809149e-04,3.3098956513e-04,3.3099068911e-04,3.3099154905e-04,3.3099220923e-04,3.3099271795e-04,3.3099311156e-04,3.3099341743e-04,3.3099365622e-04,3.3099384357e-04,3.3099399132e-04,3.3099410844e-04,3.3099420179e-04,3.3099427660e-04,3.3099433689e-04,3.3099438572e-04,3.3099442550e-04,3.3099445805e-04,3.3099448484e-04,3.3099450697e-04,3.3099452534e-04,3.3099454064e-04,3.3099455345e-04,3.3099456419e-04,3.3099457324e-04,3.3099458088e-04,3.3099458735e-04,3.3099459284e-04,3.3099459750e-04,3.3099460147e-04,3.3099460486e-04,3.3099460775e-04,3.3099461023e-04,3.3099461234e-04,3.3099461416e-04,3.3099461570e-04,3.3099461701e-04,3.3099461813e-04,3.3099461906e-04,3.3099461984e-04,3.3099462048e-04,3.3099462100e-04,3.3099462141e-04,3.3099462175e-04,3.3099462200e-04,3.3099462222e-04,3.3099462241e-04,3.3099462253e-04,3.3099462260e-04,3.3099462260e-04,3.3099462249e-04,3.3099462227e-04,3.3099462191e-04,3.3099462135e-04,3.3099462054e-04,3.3099461944e-04,3.3099461790e-04,3.3099461580e-04,3.3099461301e-04,3.3099460911e-04,3.3099460371e-04,3.3099459609e-04,3.3099458498e-04,3.3099456811e-04,5.0011528605e-02,5.0011528556e-02,5.0011528492e-02,5.0011528408e-02,5.0011528312e-02,5.0011528206e-02,5.0011528089e-02,5.0011527969e-02,5.0011527838e-02,5.0011527698e-02,5.0011527561e-02,5.0011527423e-02,5.0011527278e-02,5.0011527126e-02,5.0011526983e-02,5.0011526842e-02,5.0011526697e-02,5.0011526546e-02,5.0011526402e-02,5.0011526246e-02,5.0011526113e-02,5.0011525954e-02,5.0011525717e-02,5.0011525383e-02,5.0011524857e-02,5.0011524050e-02,5.0011522818e-02,5.0011520938e-02,5.0011518066e-02,5.0011513678e-02,5.0011506976e-02,5.0011496737e-02,5.0011481096e-02,5.0011457198e-02,5.0011420684e-02,5.0011364881e-02,5.0011279580e-02,5.0011149138e-02,5.0010949550e-02,5.0010643885e-02,5.0010175127e-02,5.0009454754e-02,5.0008344190e-02,5.0006623803e-02,5.0003939162e-02,4.9999703252e-02,4.9992907796e-02,4.9981733174e-02,4.9962676593e-02,4.9928430446e-02,4.9862264703e-02,4.9722722617e-02,4.9610897235e-02,4.9536062678e-02,4.9491765706e-02,4.9467737747e-02,4.9455510413e-02,4.9449572449e-02,4.9446783231e-02,4.9445501765e-02,4.9444920411e-02,4.9444657777e-02,4.9444538682e-02,4.9444484038e-02,4.9444458455e-02,4.9444446131e-02,4.9444439975e-02,4.9444436769e-02,4.9444435024e-02,4.9444434034e-02,4.9444433452e-02,4.9444433098e-02,4.9444432879e-02,4.9444432741e-02,4.9444432652e-02,4.9444432595e-02,4.9444432558e-02,4.9444432534e-02,4.9444432519e-02,4.9444432509e-02,4.9444432502e-02,4.9444432498e-02,4.9444432493e-02,4.9444432489e-02,4.9444432485e-02,4.9444432480e-02,4.9444432476e-02,4.9444432471e-02,4.9444432467e-02,4.9444432463e-02,4.9444432458e-02,4.9444432454e-02,4.9444432449e-02,4.9444432445e-02,4.9444432440e-02,4.9444432436e-02,4.9444432431e-02,4.9444432427e-02,4.9444432422e-02,4.9444432417e-02,4.9444432412e-02,4.9444432407e-02
1.9641965918e+02,8.6000012429e-08,8.5862485101e-08,8.5725242840e-08,8.5588282751e-08,8.5451604506e-08,8.5315208186e-08,8.5179092125e-08,8.5043255895e-08,8.4907700093e-08,8.4772422630e-08,8.4637423565e-08,8.4502702743e-08,8.4368258614e-08,8.4234091848e-08,8.4100200419e-08,8.3966584957e-08,8.3833244344e-08,8.3700177805e-08,8.3567385403e-08,8.3434865818e-08,8.3302618959e-08,8.3170646667e-08,8.2974919188e-08,8.2684997630e-08,8.2256347592e-08,8.1624332256e-08,8.0696284296e-08,7.9341835710e-08,7.7382943775e-08,7.4587905679e-08,7.0679291255e-08,6.5374943787e-08,5.8491309616e-08,5.0134905689e-08,4.0952475953e-08,3.2254541006e-08,2.5641190426e-08,2.1986150798e-08,2.0688137552e-08,2.0426844108e-08,2.0399854657e-08,2.0398532973e-08,2.0398529945e-08,2.0398557324e-08,2.0398579479e-08,2.0398592672e-08,2.0398597886e-08,2.0398599095e-08,2.0398599244e-08,2.0398599253e-08,2.0398599253e-08,2.0398599161e-08,2.0398588454e-08,2.0398113203e-08,2.0388997327e-08,2.0307480093e-08,1.9935260271e-08,1.8951639108e-08,1.7212985473e-08,1.4887295688e-08,1.3244637380e-08,5.0846474720e-08,8.2290539042e-07,7.9957703465e-06,4.2179981718e-05,1.3537000207e-04,3.0112497450e-04,5.1874581946e-04,7.5052091808e-04,9.6434342985e-04,1.1430082740e-03,1.2824241572e-03,1.3861966308e-03,1.4609717515e-03,1.5136688602e-03,1.5502489073e-03,1.5753815807e-03,1.5925294360e-03,1.6041743713e-03,1.6120572611e-03,1.6173820871e-03,1.6209737967e-03,1.6245740742e-03,1.6281828592e-03,1.6318001579e-03,1.6354259738e-03,1.6390603043e-03,1.6427031422e-03,1.6463544734e-03,1.6500142747e-03,1.6536825160e-03,1.6573591519e-03,1.6610441248e-03,1.6647373603e-03,1.6684387629e-03,1.6721482151e-03,1.6758655690e-03,1.6795906425e-03,1.6833232126e-03,1.6870630090e-03,1.6908096983e-03,1.6945628744e-03,1.6945626149e-03,1.6945624383e-03,1.6945622742e-03,1.6945621149e-03,1.6945619528e-03,1.6945617861e-03,1.6945615987e-03,1.6945614273e-03,1.6945612661e-03,1.6945610808e-03,1.6945609058e-03,1.6945607664e-03,1.6945605973e-03,1.6945604270e-03,1.6945602621e-03,1.6945601142e-03,1.6945599469e-03,1.6945597945e-03,1.6945596415e-03,1.6945594764e-03,1.6945593288e-03,1.6945591439e-03,1.6945589302e-03,1.6945586901e-03,1.6945584100e-03,1.6945580868e-03,1.6945577108e-03,1.6945572780e-03,1.6945567705e-03,1.6945561863e-03,1.6945555092e-03,1.6945547233e-03,1.6945538122e-03,1.6945527552e-03,1.6945515296e-03,1.6945501070e-03,1.6945484592e-03,1.6945465447e-03,1.6945443233e-03,1.6945417530e-03,1.6945387658e-03,1.6945353025e-03,1.6945312826e-03,1.6945266206e-03,1.6945212093e-03,1.6945149312e-03,1.6945076439e-03,1.6944991856e-03,1.6944893663e-03,1.6944779651e-03,1.6944647233e-03,1.6944493430e-03,1.6944314713e-03,1.6944106996e-03,1.6943865482e-03,1.6943584560e-03,1.6943257640e-03,1.6942876986e-03,1.6942433481e-03,1.6941916375e-03,1.6941312946e-03,1.6940608107e-03,1.6939783907e-03,1.6938818916e-03,1.6937687452e-03,1.6936358611e-03,1.6934795042e-03,1.6932951373e-03,1.6930772202e-03,1.6928189505e-03,1.6925119254e-03,1.6921457009e-03,1.6917072106e-03,1.6911799975e-03,1.6905431886e-03,1.6897701218e-03,1.6888264935e-03,1.6876678422e-03,1.6862361147e-03,1.6844549409e-03,1.6822230985e-03,1.6794054088e-03,1.6758199766e-03,1.6712201947e-03,1.6652692275e-03,1.6575036735e-03,1.6472817005e-03,1.6337091300e-03,1.6155348760e-03,1.5910059180e-03,1.5576743417e-03,1.5121635016e-03,1.4499470486e-03,1.3653186099e-03,1.2520079573e-03,1.1053698406e-03,9.2732025949e-04,7.3331968574e-04,5.5413689980e-04,4.2158667884e-04,3.4689751085e-04,3.1905513921e-04,3.0925712906e-04,3.0668931265e-04,3.0721684438e-04,3.0909163349e-04,3.1147083811e-04,3.1391149251e-04,3.1618200854e-04,3.1817536186e-04,3.1985900477e-04,3.2124255205e-04,3.2235679938e-04,3.2324071052e-04,3.2393391833e-04,3.2447284450e-04,3.2488905008e-04,3.2520886650e-04,3.2545369629e-04,3.2564061337e-04,3.2578305200e-04,3.2589147379e-04,3.2597396160e-04,3.2603672288e-04,3.2608450281e-04,3.2612091603e-04,3.2614870868e-04,3.2616996304e-04,3.2618625592e-04,3.2619878038e-04,3.2620843878e-04,3.2621591366e-04,3.2622172150e-04,3.2622625342e-04,3.2622980598e-04,3.2623260434e-04,3.2623481981e-04,3.2623658298e-04,3.2623799368e-04,3.2623912844e-04,3.2624004612e-04,3.2624079215e-04,3.2624140175e-04,3.2624190231e-04,3.2624231529e-04,3.2624265751e-04,3.2624294227e-04,3.2624318014e-04,3.2624337954e-04,3.2624354722e-04,3.2624368866e-04,3.2624380826e-04,3.2624390965e-04,3.2624399578e-04,3.2624406908e-04,3.2624413157e-04,3.2624418492e-04,3.2624423052e-04,3.2624426955e-04,3.2624430299e-04,3.2624433166e-04,3.2624435626e-04,3.2624437738e-04,3.2624439553e-04,3.2624441113e-04,3.2624442454e-04,3.2624443608e-04,3.2624444601e-04,3.2624445456e-04,3.2624446192e-04,3.2624446826e-04,3.2624447372e-04,3.2624447842e-04,3.2624448246e-04,3.2624448595e-04,3.2624448896e-04,3.2624449154e-04,3.2624449378e-04,3.2624449569e-04,3.2624449735e-04,3.2624449877e-04,3.2624450019e-04,3.2624450161e-04,3.2624450304e-04,3.2624450444e-04,3.2624450587e-04,3.2624450727e-04,3.2624450868e-04,3.2624451008e-04,3.2624451148e-04,3.2624451285e-04,3.2624451424e-04,3.2624451560e-04,3.2624451693e-04,3.2624451825e-04,3.2624451950e-04,3.2624452066e-04,3.2624452170e-04,3.2624452246e-04,3.2624452285e-04,5.0013991659e-02,5.0013991649e-02,5.0013991636e-02,5.0013991619e-02,5.0013991602e-02,5.0013991583e-02,5.0013991561e-02,5.0013991537e-02,5.0013991513e-02,5.0013991489e-02,5.0013991464e-02,5.0013991437e-02,5.0013991411e-02,5.0013991386e-02,5.0013991358e-02,5.0013991333e-02,5.0013991305e-02,5.0013991279e-02,5.0013991251e-02,5.0013991225e-02,5.0013991198e-02,5.0013991170e-02,5.0013991131e-02,5.0013991068e-02,5.0013990972e-02,5.0013990826e-02,5.0013990603e-02,5.0013990261e-02,5.0013989740e-02,5.0013988945e-02,5.0013987729e-02,5.0013985872e-02,5.0013983035e-02,5.0013978701e-02,5.0013972078e-02,5.0013961957e-02,5.0013946486e-02,5.0013922827e-02,5.0013886625e-02,5.0013831183e-02,5.0013746155e-02,5.0013615478e-02,5.0013414003e-02,5.0013101855e-02,5.0012614655e-02,5.0011845712e-02,5.0010611611e-02,5.0008580992e-02,5.0005115176e-02,4.9998879796e-02,4.9986814457e-02,4.9961311871e-02,4.9940815030e-02,4.9927062854e-02,4.9918904820e-02,4.9914471944e-02,4.9912213077e-02,4.9911114970e-02,4.9910598768e-02,4.9910361476e-02,4.9910253783e-02,4.9910205119e-02,4.9910183048e-02,4.9910172919e-02,4.9910168177e-02,4.9910165892e-02,4.9910164751e-02,4.9910164156e-02,4.9910163833e-02,4.9910163649e-02,4.9910163541e-02,4.9910163476e-02,4.9910163435e-02,4.9910163410e-02,4.9910163393e-02,4.9910163383e-02,4.9910163376e-02,4.9910163371e-02,4.9910163368e-02,4.9910163367e-02,4.9910163365e-02,4.9910163364e-02,4.9910163364e-02,4.9910163363e-02,4.9910163362e-02,4.9910163361e-02,4.9910163360e-02,4.9910163360e-02,4.9910163359e-02,4.9910163358e-02,4.9910163357e-02,4.9910163356e-02,4.9910163355e-02,4.9910163355e-02,4.9910163354e-02,4.9910163353e-02,4.9910163352e-02,4.9910163351e-02,4.9910163350e-02,4.9910163350e-02,4.9910163349e-02,4.9910163348e-02
2.3595434282e+02,8.6000011711e-08,8.5862485490e-08,8.5725242539e-08,8.5588283019e-08,8.5451604799e-08,8.5315207866e-08,8.5179092171e-08,8.5043255929e-08,8.4907699789e-08,8.4772422601e-08,8.4637423967e-08,8.4502702758e-08,8.4368258725e-08,8.4234091626e-08,8.4100200551e-08,8.3966584813e-08,8.3833244352e-08,8.3700177857e-08,8.3567385295e-08,8.3434865799e-08,8.3302618874e-08,8.3170646887e-08,8.2974919108e-08,8.2684997754e-08,8.2256347584e-08,8.1624332274e-08,8.0696284302e-08,7.9341835720e-08,7.7382943776e-08,7.4587905698e-08,7.0679291262e-08,6.5374943794e-08,5.8491309620e-08,5.0134905695e-08,4.0952475953e-08,3.2254541008e-08,2.5641190422e-08,2.1986150791e-08,2.0688137550e-08,2.0426844114e-08,2.0399854660e-08,2.0398532974e-08,2.0398529944e-08,2.0398557323e-08,2.0398579479e-08,2.0398592672e-08,2.0398597886e-08,2.0398599095e-08,2.0398599244e-08,2.0398599253e-08,2.0398599253e-08,2.0398599161e-08,2.0398588445e-08,2.0398112788e-08,2.0388989219e-08,2.0307403447e-08,1.9934869527e-08,1.8950403255e-08,1.7210191217e-08,1.4881979381e-08,1.3211696959e-08,4.9772122789e-08,8.0177648767e-07,7.7885603864e-06,4.1083726331e-05,1.3183425493e-04,2.9319192659e-04,5.0492105183e-04,7.3026653377e-04,9.3800975897e-04,1.1114818731e-03,1.2467718608e-03,1.3474300831e-03,1.4199378548e-03,1.4710251612e-03,1.5064819024e-03,1.5308399993e-03,1.5474580532e-03,1.5587425972e-03,1.5663812458e-03,1.5715409618e-03,1.5750212433e-03,1.5785097802e-03,1.5820065141e-03,1.5855114506e-03,1.5890245927e-03,1.5925459386e-03,1.5960754799e-03,1.5996132045e-03,1.6031590898e-03,1.6067131058e-03,1.6102752101e-03,1.6138453460e-03,1.6174234436e-03,1.6210094110e-03,1.6246031346e-03,1.6282044727e-03,1.6318132514e-03,1.6354292566e-03,1.6390522275e-03,1.6426818430e-03,1.6463177126e-03,1.6463174598e-03,1.6463173785e-03,1.6463172612e-03,1.6463171411e-03,1.6463170248e-03,1.6463168998e-03,1.6463167797e-03,1.6463166483e-03,1.6463165330e-03,1.6463164169e-03,1.6463162865e-03,1.6463161618e-03,1.6463160526e-03,1.6463159386e-03,1.6463158125e-03,1.6463157029e-03,1.6463155944e-03,1.6463154738e-03,1.6463153620e-03,1.6463152389e-03,1.6463151334e-03,1.6463150015e-03,1.6463148429e-03,1.6463146769e-03,1.6463144719e-03,1.6463142397e-03,1.6463139661e-03,1.6463136503e-03,1.6463132855e-03,1.6463128625e-03,1.6463123719e-03,1.6463118014e-03,1.6463111415e-03,1.6463103765e-03,1.6463094887e-03,1.6463084585e-03,1.6463072621e-03,1.6463058757e-03,1.6463042747e-03,1.6463024078e-03,1.6463002450e-03,1.6462977365e-03,1.6462948259e-03,1.6462914484e-03,1.6462875304e-03,1.6462829833e-03,1.6462777059e-03,1.6462715803e-03,1.6462644690e-03,1.6462562122e-03,1.6462466229e-03,1.6462354843e-03,1.6462225421e-03,1.6462074998e-03,1.6461900104e-03,1.6461696674e-03,1.6461459940e-03,1.6461184301e-03,1.6460863159e-03,1.6460488732e-03,1.6460051816e-03,1.6459541494e-03,1.6458944779e-03,1.6458246167e-03,1.6457427085e-03,1.6456465186e-03,1.6455333465e-03,1.6453999126e-03,1.6452422135e-03,1.6450553346e-03,1.6448332074e-03,1.6445682911e-03,1.6442511552e-03,1.6438699260e-03,1.6434095498e-03,1.6428508058e-03,1.6421689749e-03,1.6413320330e-03,1.6402981847e-03,1.6390124712e-03,1.6374020778e-03,1.6353697948e-03,1.6327848419e-03,1.6294699075e-03,1.6251827153e-03,1.6195896513e-03,1.6122278391e-03,1.6024504492e-03,1.5893478779e-03,1.5716349738e-03,1.5474927282e-03,1.5143553812e-03,1.4686506436e-03,1.4055573270e-03,1.3189984433e-03,1.2024364007e-03,1.0516084399e-03,8.7047879396e-04,6.7870682461e-04,5.1061445177e-04,3.9602370279e-04,3.4519784582e-04,3.2343255826e-04,3.1464652450e-04,3.1174836439e-04,3.1154030303e-04,3.1251050655e-04,3.1391564190e-04,3.1538768410e-04,3.1675266456e-04,3.1793969938e-04,3.1893211814e-04,3.1974024908e-04,3.2038621021e-04,3.2089562529e-04,3.2129336836e-04,3.2160161831e-04,3.2183919397e-04,3.2202155882e-04,3.2216114144e-04,3.2226777416e-04,3.2234914513e-04,3.2241121365e-04,3.2245856849e-04,3.2249472544e-04,3.2252236803e-04,3.2254353887e-04,3.2255978953e-04,3.2257229705e-04,3.2258195364e-04,3.2258943540e-04,3.2259525479e-04,3.2259980043e-04,3.2260336735e-04,3.2260617980e-04,3.2260840859e-04,3.2261018405e-04,3.2261160589e-04,3.2261275064e-04,3.2261367720e-04,3.2261443108e-04,3.2261504757e-04,3.2261555418e-04,3.2261597243e-04,3.2261631925e-04,3.2261660802e-04,3.2261684936e-04,3.2261705177e-04,3.2261722207e-04,3.2261736576e-04,3.2261748733e-04,3.2261759041e-04,3.2261767800e-04,3.2261775256e-04,3.2261781614e-04,3.2261787044e-04,3.2261791686e-04,3.2261795659e-04,3.2261799064e-04,3.2261801983e-04,3.2261804488e-04,3.2261806640e-04,3.2261808488e-04,3.2261810077e-04,3.2261811443e-04,3.2261812619e-04,3.2261813631e-04,3.2261814502e-04,3.2261815251e-04,3.2261815897e-04,3.2261816453e-04,3.2261816933e-04,3.2261817346e-04,3.2261817702e-04,3.2261818009e-04,3.2261818273e-04,3.2261818502e-04,3.2261818700e-04,3.2261818869e-04,3.2261819016e-04,3.2261819144e-04,3.2261819271e-04,3.2261819399e-04,3.2261819526e-04,3.2261819655e-04,3.2261819786e-04,3.2261819916e-04,3.2261820048e-04,3.2261820181e-04,3.2261820317e-04,3.2261820453e-04,3.2261820596e-04,3.2261820741e-04,3.2261820892e-04,3.2261821050e-04,3.2261821218e-04,3.2261821397e-04,3.2261821596e-04,3.2261821819e-04,3.2261822081e-04,5.0013317440e-02,5.0013317437e-02,5.0013317434e-02,5.0013317432e-02,5.0013317426e-02,5.0013317425e-02,5.0013317419e-02,5.0013317415e-02,5.0013317412e-02,5.0013317406e-02,5.0013317400e-02,5.0013317399e-02,5.0013317392e-02,5.0013317389e-02,5.0013317383e-02,5.0013317379e-02,5.0013317376e-02,5.0013317368e-02,5.0013317365e-02,5.0013317362e-02,5.0013317354e-02,5.0013317351e-02,5.0013317345e-02,5.0013317333e-02,5.0013317317e-02,5.0013317292e-02,5.0013317254e-02,5.0013317195e-02,5.0013317107e-02,5.0013316970e-02,5.0013316762e-02,5.0013316445e-02,5.0013315959e-02,5.0013315218e-02,5.0013314085e-02,5.0013312353e-02,5.0013309706e-02,5.0013305657e-02,5.0013299462e-02,5.0013289973e-02,5.0013275416e-02,5.0013253037e-02,5.0013218513e-02,5.0013164982e-02,5.0013081329e-02,5.0012949059e-02,5.0012736212e-02,5.0012384665e-02,5.0011781515e-02,5.0010688864e-02,5.0008556210e-02,5.0004001461e-02,5.0000315990e-02,4.9997834948e-02,4.9996360503e-02,4.9995558523e-02,4.9995149620e-02,4.9994950771e-02,4.9994857275e-02,4.9994814291e-02,4.9994794781e-02,4.9994785964e-02,4.9994781965e-02,4.9994780130e-02,4.9994779271e-02,4.9994778857e-02,4.9994778650e-02,4.9994778543e-02,4.9994778484e-02,4.9994778451e-02,4.9994778431e-02,4.9994778419e-02,4.9994778412e-02,4.9994778407e-02,4.9994778404e-02,4.9994778402e-02,4.9994778401e-02,4.9994778400e-02,4.9994778400e-02,4.9994778400e-02,4.9994778399e-02,4.9994778399e-02,4.9994778399e-02,4.9994778399e-02,4.9994778399e-02,4.9994778398e-02,4.9994778398e-02,4.9994778398e-02,4.9994778398e-02,4.9994778398e-02,4.9994778398e-02,4.9994778398e-02,4.9994778398e-02,4.9994778397e-02,4.9994778397e-02,4.9994778397e-02,4.9994778397e-02,4.9994778397e-02,4.9994778397e-02,4.9994778396e-02,4.9994778396e-02,4.9994778396e-02
2.8344643365e+02,8.6000010516e-08,8.5862485148e-08,8.5725242777e-08,8.5588283032e-08,8.5451604704e-08,8.5315207840e-08,8.5179091990e-08,8.5043255980e-08,8.4907700123e-08,8.4772422663e-08,8.4637423440e-08,8.4502702819e-08,8.4368258973e-08,8.4234091436e-08,8.4100200510e-08,8.3966584974e-08,8.3833244351e-08,8.3700177656e-08,8.3567385371e-08,8.3434865932e-08,8.3302618826e-08,8.3170646912e-08,8.2974919144e-08,8.2684997733e-08,8.2256347529e-08,8.1624332297e-08,8.0696284283e-08,7.9341835713e-08,7.7382943773e-08,7.4587905687e-08,7.0679291259e-08,6.5374943790e-08,5.8491309614e-08,5.0134905690e-08,4.0952475952e-08,3.2254541011e-08,2.5641190426e-08,2.1986150794e-08,2.0688137551e-08,2.0426844106e-08,2.0399854660e-08,2.0398532973e-08,2.0398529946e-08,2.0398557324e-08,2.0398579478e-08,2.0398592672e-08,2.0398597886e-08,2.0398599095e-08,2.0398599244e-08,2.0398599253e-08,2.0398599253e-08,2.0398599161e-08,2.0398588437e-08,2.0398112434e-08,2.0388982278e-08,2.0307337796e-08,1.9934534742e-08,1.8949344309e-08,1.7207797079e-08,1.4877434344e-08,1.3183010006e-08,4.8832983057e-08,7.8330444127e-07,7.6074179182e-06,4.0125500171e-05,1.2874447173e-04,2.8626254771e-04,4.9285268884e-04,7.1259743171e-04,9.1505242517e-04,1.0840133063e-03,1.2157227819e-03,1.3136807384e-03,1.3842238420e-03,1.4339169059e-03,1.4684010836e-03,1.4920887056e-03,1.5082482359e-03,1.5192209094e-03,1.5266482153e-03,1.5316650682e-03,1.5350489388e-03,1.5384407973e-03,1.5418405864e-03,1.5452483116e-03,1.5486639758e-03,1.5520875763e-03,1.5555191070e-03,1.5589585537e-03,1.5624058966e-03,1.5658611054e-03,1.5693241395e-03,1.5727949458e-03,1.5762734542e-03,1.5797595776e-03,1.5832532067e-03,1.5867542047e-03,1.5902624033e-03,1.5937775955e-03,1.5972995313e-03,1.6008278999e-03,1.6043623214e-03,1.6043621759e-03,1.6043621058e-03,1.6043620200e-03,1.6043619240e-03,1.6043618398e-03,1.6043617459e-03,1.6043616541e-03,1.6043615694e-03,1.6043614756e-03,1.6043613879e-03,1.6043613057e-03,1.6043612176e-03,1.6043611256e-03,1.6043610477e-03,1.6043609679e-03,1.6043608799e-03,1.6043608012e-03,1.6043607201e-03,1.6043606321e-03,1.6043605558e-03,1.6043604678e-03,1.6043603765e-03,1.6043602647e-03,1.6043601457e-03,1.6043600001e-03,1.6043598349e-03,1.6043596366e-03,1.6043594141e-03,1.6043591515e-03,1.6043588489e-03,1.6043584978e-03,1.6043580913e-03,1.6043576196e-03,1.6043570721e-03,1.6043564377e-03,1.6043557017e-03,1.6043548476e-03,1.6043538542e-03,1.6043527122e-03,1.6043513751e-03,1.6043498310e-03,1.6043480369e-03,1.6043459569e-03,1.6043435432e-03,1.6043407420e-03,1.6043374921e-03,1.6043337198e-03,1.6043293412e-03,1.6043242583e-03,1.6043183568e-03,1.6043115021e-03,1.6043035409e-03,1.6042942903e-03,1.6042835387e-03,1.6042710383e-03,1.6042564983e-03,1.6042395783e-03,1.6042198780e-03,1.6041969259e-03,1.6041701662e-03,1.6041389413e-03,1.6041024714e-03,1.6040598288e-03,1.6040099066e-03,1.6039513783e-03,1.6038826485e-03,1.6038017896e-03,1.6037064607e-03,1.6035938052e-03,1.6034603169e-03,1.6033016673e-03,1.6031124794e-03,1.6028860305e-03,1.6026138588e-03,1.6022852400e-03,1.6018864857e-03,1.6013999989e-03,1.6008029904e-03,1.6000657302e-03,1.5991491410e-03,1.5980014692e-03,1.5965536468e-03,1.5947127787e-03,1.5923529346e-03,1.5893020284e-03,1.5853229867e-03,1.5800865387e-03,1.5731316650e-03,1.5638079000e-03,1.5511911349e-03,1.5339615454e-03,1.5102298459e-03,1.4773004559e-03,1.4313794362e-03,1.3673036062e-03,1.2785593524e-03,1.1583018027e-03,1.0027867883e-03,8.1856355342e-04,6.3020762066e-04,4.7538052860e-04,3.9398539340e-04,3.5305644251e-04,3.3285740973e-04,3.2310723604e-04,3.1863267743e-04,3.1681842020e-04,3.1632179364e-04,3.1644574669e-04,3.1682896722e-04,3.1728808886e-04,3.1773478636e-04,3.1813115066e-04,3.1846534754e-04,3.1873832605e-04,3.1895664848e-04,3.1912873148e-04,3.1926297831e-04,3.1936694305e-04,3.1944704074e-04,3.1950853179e-04,3.1955563092e-04,3.1959166120e-04,3.1961921277e-04,3.1964028771e-04,3.1965642413e-04,3.1966879845e-04,3.1967830758e-04,3.1968563380e-04,3.1969129543e-04,3.1969568590e-04,3.1969910382e-04,3.1970177593e-04,3.1970387448e-04,3.1970553057e-04,3.1970684408e-04,3.1970789131e-04,3.1970873066e-04,3.1970940700e-04,3.1970995486e-04,3.1971040096e-04,3.1971076603e-04,3.1971106625e-04,3.1971131426e-04,3.1971152005e-04,3.1971169149e-04,3.1971183485e-04,3.1971195514e-04,3.1971205639e-04,3.1971214186e-04,3.1971221419e-04,3.1971227554e-04,3.1971232769e-04,3.1971237209e-04,3.1971240996e-04,3.1971244231e-04,3.1971246997e-04,3.1971249365e-04,3.1971251394e-04,3.1971253134e-04,3.1971254627e-04,3.1971255910e-04,3.1971257012e-04,3.1971257960e-04,3.1971258774e-04,3.1971259475e-04,3.1971260079e-04,3.1971260598e-04,3.1971261045e-04,3.1971261430e-04,3.1971261763e-04,3.1971262048e-04,3.1971262294e-04,3.1971262507e-04,3.1971262690e-04,3.1971262848e-04,3.1971262984e-04,3.1971263103e-04,3.1971263204e-04,3.1971263292e-04,3.1971263368e-04,3.1971263445e-04,3.1971263521e-04,3.1971263598e-04,3.1971263676e-04,3.1971263754e-04,3.1971263833e-04,3.1971263913e-04,3.1971263993e-04,3.1971264075e-04,3.1971264161e-04,3.1971264247e-04,3.1971264340e-04,3.1971264432e-04,3.1971264533e-04,3.1971264640e-04,3.1971264759e-04,3.1971264894e-04,3.1971265048e-04,3.1971265234e-04,5.0011903224e-02,5.0011903224e-02,5.0011903223e-02,5.0011903221e-02,5.0011903220e-02,5.0011903221e-02,5.0011903222e-02,5.0011903219e-02,5.0011903220e-02,5.0011903217e-02,5.0011903220e-02,5.0011903218e-02,5.0011903217e-02,5.0011903217e-02,5.0011903218e-02,5.0011903217e-02,5.0011903217e-02,5.0011903216e-02,5.0011903215e-02,5.0011903215e-02,5.0011903215e-02,5.0011903215e-02,5.0011903215e-02,5.0011903214e-02,5.0011903213e-02,5.0011903212e-02,5.0011903210e-02,5.0011903207e-02,5.0011903202e-02,5.0011903194e-02,5.0011903183e-02,5.0011903165e-02,5.0011903139e-02,5.0011903098e-02,5.0011903036e-02,5.0011902941e-02,5.0011902796e-02,5.0011902573e-02,5.0011902232e-02,5.0011901708e-02,5.0011900900e-02,5.0011899650e-02,5.0011897702e-02,5.0011894634e-02,5.0011889733e-02,5.0011881731e-02,5.0011868262e-02,5.0011844627e-02,5.0011800799e-02,5.0011713589e-02,5.0011524414e-02,5.0011072803e-02,5.0010683587e-02,5.0010414171e-02,5.0010251933e-02,5.0010163124e-02,5.0010117705e-02,5.0010095586e-02,5.0010085179e-02,5.0010080393e-02,5.0010078220e-02,5.0010077238e-02,5.0010076793e-02,5.0010076589e-02,5.0010076493e-02,5.0010076447e-02,5.0010076424e-02,5.0010076412e-02,5.0010076405e-02,5.0010076402e-02,5.0010076399e-02,5.0010076398e-02,5.0010076397e-02,5.0010076397e-02,5.0010076396e-02,5.0010076396e-02,5.0010076396e-02,5.0010076396e-02,5.0010076396e-02,5.0010076396e-02,5.0010076396e-02,5.0010076396e-02,5.0010076396e-02,5.0010076396e-02,5.0010076396e-02,5.0010076396e-02,5.0010076396e-02,5.0010076396e-02,5.0010076396e-02,5.0010076396e-02,5.0010076396e-02,5.0010076396e-02,5.0010076395e-02,5.0010076396e-02,5.0010076396e-02,5.0010076396e-02,5.0010076396e-02,5.0010076396e-02,5.0010076396e-02,5.0010076395e-02,5.0010076396e-02,5.0010076396e-02
3.2823539767e+02,8.6000012375e-08,8.5862485416e-08,8.5725242789e-08,8.5588282638e-08,8.5451604731e-08,8.5315208050e-08,8.5179091737e-08,8.5043256426e-08,8.4907699915e-08,8.4772422378e-08,8.4637423970e-08,8.4502702556e-08,8.4368258847e-08,8.4234091420e-08,8.4100200674e-08,8.3966584980e-08,8.3833244169e-08,8.3700177739e-08,8.3567385291e-08,8.3434865761e-08,8.3302619157e-08,8.3170646790e-08,8.2974919126e-08,8.2684997731e-08,8.2256347616e-08,8.1624332246e-08,8.0696284327e-08,7.9341835685e-08,7.7382943776e-08,7.4587905686e-08,7.0679291263e-08,6.5374943792e-08,5.8491309624e-08,5.0134905695e-08,4.0952475957e-08,3.2254541016e-08,2.5641190423e-08,2.1986150786e-08,2.0688137555e-08,2.0426844110e-08,2.0399854657e-08,2.0398532972e-08,2.0398529946e-08,2.0398557324e-08,2.0398579478e-08,2.0398592672e-08,2.0398597886e-08,2.0398599095e-08,2.0398599244e-08,2.0398599253e-08,2.0398599253e-08,2.0398599161e-08,2.0398588432e-08,2.0398112191e-08,2.0388977516e-08,2.0307292745e-08,1.9934304950e-08,1.8948617422e-08,1.7206153668e-08,1.4874302988e-08,1.3163042981e-08,4.8176167609e-08,7.7038389704e-07,7.4807219221e-06,3.9455357624e-05,1.2658404548e-04,2.8141912318e-04,4.8442132944e-04,7.0025983639e-04,8.9903058090e-04,1.0648517136e-03,1.1940713346e-03,1.2901528178e-03,1.3593313241e-03,1.4080563483e-03,1.4418654400e-03,1.4650877498e-03,1.4809291031e-03,1.4916853828e-03,1.4989660559e-03,1.5038837919e-03,1.5072007756e-03,1.5105255627e-03,1.5138580970e-03,1.5171983845e-03,1.5205464268e-03,1.5239022224e-03,1.5272657645e-03,1.5306370394e-03,1.5340160277e-03,1.5374027003e-03,1.5407970170e-03,1.5441989262e-03,1.5476083602e-03,1.5510252340e-03,1.5544494401e-03,1.5578808456e-03,1.5613192871e-03,1.5647645629e-03,1.5682164288e-03,1.5716745790e-03,1.5751386462e-03,1.5751384979e-03,1.5751384786e-03,1.5751384144e-03,1.5751383377e-03,1.5751382810e-03,1.5751382099e-03,1.5751381352e-03,1.5751380647e-03,1.5751380055e-03,1.5751379452e-03,1.5751378716e-03,1.5751378067e-03,1.5751377517e-03,1.5751376863e-03,1.5751376128e-03,1.5751375505e-03,1.5751374839e-03,1.5751374223e-03,1.5751373543e-03,1.5751373103e-03,1.5751372524e-03,1.5751371753e-03,1.5751370939e-03,1.5751369966e-03,1.5751368890e-03,1.5751367621e-03,1.5751366138e-03,1.5751364445e-03,1.5751362474e-03,1.5751360186e-03,1.5751357530e-03,1.5751354455e-03,1.5751350893e-03,1.5751346760e-03,1.5751341956e-03,1.5751336405e-03,1.5751330103e-03,1.5751322291e-03,1.5751313777e-03,1.5751303689e-03,1.5751292024e-03,1.5751278448e-03,1.5751262729e-03,1.5751244480e-03,1.5751223312e-03,1.5751198741e-03,1.5751170226e-03,1.5751137130e-03,1.5751098705e-03,1.5751054092e-03,1.5751002283e-03,1.5750942102e-03,1.5750872176e-03,1.5750790905e-03,1.5750696415e-03,1.5750586509e-03,1.5750458615e-03,1.5750309705e-03,1.5750136219e-03,1.5749933954e-03,1.5749697944e-03,1.5749422294e-03,1.5749099997e-03,1.5748722688e-03,1.5748280349e-03,1.5747760926e-03,1.5747149861e-03,1.5746429476e-03,1.5745578200e-03,1.5744569560e-03,1.5743370881e-03,1.5741941580e-03,1.5740230926e-03,1.5738175076e-03,1.5735693138e-03,1.5732681887e-03,1.5729008651e-03,1.5724501672e-03,1.5718936934e-03,1.5712020080e-03,1.5703361385e-03,1.5692440884e-03,1.5678559404e-03,1.5660769297e-03,1.5637775639e-03,1.5607794211e-03,1.5568345703e-03,1.5515955343e-03,1.5445711695e-03,1.5350616041e-03,1.5220622815e-03,1.5041234835e-03,1.4791490441e-03,1.4441221665e-03,1.3947750112e-03,1.3253190471e-03,1.2286320256e-03,1.0979147532e-03,9.3163739399e-04,7.4254094843e-04,5.6334939168e-04,4.5559123906e-04,3.9459792613e-04,3.6076710006e-04,3.4204648903e-04,3.3164991762e-04,3.2585426892e-04,3.2261885408e-04,3.2081635785e-04,3.1981831136e-04,3.1927179579e-04,3.1897778208e-04,3.1882390871e-04,3.1874687378e-04,3.1871120006e-04,3.1869717610e-04,3.1869399092e-04,3.1869582628e-04,3.1869963833e-04,3.1870390423e-04,3.1870791915e-04,3.1871140577e-04,3.1871430044e-04,3.1871663825e-04,3.1871849304e-04,3.1871994750e-04,3.1872107933e-04,3.1872195582e-04,3.1872263269e-04,3.1872315474e-04,3.1872355739e-04,3.1872386825e-04,3.1872410867e-04,3.1872429509e-04,3.1872444008e-04,3.1872455325e-04,3.1872464195e-04,3.1872471178e-04,3.1872476701e-04,3.1872481092e-04,3.1872484601e-04,3.1872487419e-04,3.1872489694e-04,3.1872491541e-04,3.1872493048e-04,3.1872494284e-04,3.1872495302e-04,3.1872496144e-04,3.1872496844e-04,3.1872497428e-04,3.1872497917e-04,3.1872498327e-04,3.1872498673e-04,3.1872498966e-04,3.1872499213e-04,3.1872499424e-04,3.1872499603e-04,3.1872499755e-04,3.1872499885e-04,3.1872499996e-04,3.1872500091e-04,3.1872500172e-04,3.1872500242e-04,3.1872500302e-04,3.1872500354e-04,3.1872500398e-04,3.1872500436e-04,3.1872500468e-04,3.1872500496e-04,3.1872500520e-04,3.1872500541e-04,3.1872500559e-04,3.1872500575e-04,3.1872500588e-04,3.1872500599e-04,3.1872500609e-04,3.1872500617e-04,3.1872500625e-04,3.1872500632e-04,3.1872500637e-04,3.1872500643e-04,3.1872500646e-04,3.1872500652e-04,3.1872500657e-04,3.1872500661e-04,3.1872500667e-04,3.1872500671e-04,3.1872500677e-04,3.1872500682e-04,3.1872500688e-04,3.1872500694e-04,3.1872500700e-04,3.1872500707e-04,3.1872500714e-04,3.1872500721e-04,3.1872500730e-04,3.1872500742e-04,3.1872500753e-04,3.1872500767e-04,3.1872500787e-04,5.0010577172e-02,5.0010577173e-02,5.0010577172e-02,5.0010577172e-02,5.0010577171e-02,5.0010577172e-02,5.0010577172e-02,5.0010577173e-02,5.0010577173e-02,5.0010577172e-02,5.0010577174e-02,5.0010577175e-02,5.0010577174e-02,5.0010577173e-02,5.0010577175e-02,5.0010577176e-02,5.0010577175e-02,5.0010577176e-02,5.0010577174e-02,5.0010577178e-02,5.0010577175e-02,5.0010577178e-02,5.0010577177e-02,5.0010577178e-02,5.0010577179e-02,5.0010577181e-02,5.0010577183e-02,5.0010577187e-02,5.0010577193e-02,5.0010577202e-02,5.0010577216e-02,5.0010577238e-02,5.0010577271e-02,5.0010577321e-02,5.0010577397e-02,5.0010577514e-02,5.0010577692e-02,5.0010577964e-02,5.0010578380e-02,5.0010579016e-02,5.0010579987e-02,5.0010581471e-02,5.0010583739e-02,5.0010587207e-02,5.0010592512e-02,5.0010600634e-02,5.0010613078e-02,5.0010632164e-02,5.0010661443e-02,5.0010706228e-02,5.0010773604e-02,5.0010867218e-02,5.0010917850e-02,5.0010944141e-02,5.0010957529e-02,5.0010964222e-02,5.0010967490e-02,5.0010969047e-02,5.0010969772e-02,5.0010970104e-02,5.0010970254e-02,5.0010970322e-02,5.0010970352e-02,5.0010970367e-02,5.0010970373e-02,5.0010970376e-02,5.0010970378e-02,5.0010970379e-02,5.0010970379e-02,5.0010970380e-02,5.0010970380e-02,5.0010970380e-02,5.0010970380e-02,5.0010970380e-02,5.0010970380e-02,5.0010970380e-02,5.0010970380e-02,5.0010970380e-02,5.0010970380e-02,5.0010970380e-02,5.0010970380e-02,5.0010970380e-02,5.0010970380e-02,5.0010970380e-02,5.0010970380e-02,5.0010970380e-02,5.0010970380e-02,5.0010970380e-02,5.0010970380e-02,5.0010970380e-02,5.0010970380e-02,5.0010970380e-02,5.0010970380e-02,5.0010970380e-02,5.0010970380e-02,5.0010970380e-02,5.0010970380e-02,5.0010970380e-02,5.0010970380e-02,5.0010970380e-02,5.0010970380e-02,5.0010970380e-02
3.8010171763e+02,8.6000008259e-08,8.5862485223e-08,8.5725242749e-08,8.5588283026e-08,8.5451604776e-08,8.5315207952e-08,8.5179091735e-08,8.5043256178e-08,8.4907699882e-08,8.4772422807e-08,8.4637423692e-08,8.4502702773e-08,8.4368258583e-08,8.4234091861e-08,8.4100200410e-08,8.3966585015e-08,8.3833244284e-08,8.3700177624e-08,8.3567385437e-08,8.3434865609e-08,8.3302619267e-08,8.3170646834e-08,8.2974918967e-08,8.2684997814e-08,8.2256347553e-08,8.1624332254e-08,8.0696284305e-08,7.9341835706e-08,7.7382943770e-08,7.4587905690e-08,7.0679291264e-08,6.5374943786e-08,5.8491309622e-08,5.0134905692e-08,4.0952475955e-08,3.2254541011e-08,2.5641190418e-08,2.1986150790e-08,2.0688137562e-08,2.0426844108e-08,2.0399854655e-08,2.0398532976e-08,2.0398529944e-08,2.0398557324e-08,2.0398579478e-08,2.0398592672e-08,2.0398597886e-08,2.0398599095e-08,2.0398599244e-08,2.0398599253e-08,2.0398599253e-08,2.0398599161e-08,2.0398588427e-08,2.0398111982e-08,2.0388973415e-08,2.0307253919e-08,1.9934106884e-08,1.8947990859e-08,1.7204737087e-08,1.4871596533e-08,1.3145615316e-08,4.7600556022e-08,7.5905952860e-07,7.3696823752e-06,3.8868074396e-05,1.2469104206e-04,2.7717638969e-04,4.7703838831e-04,6.8946085844e-04,8.8501240021e-04,1.0480922261e-03,1.1751393814e-03,1.2695844351e-03,1.3375733686e-03,1.3854547525e-03,1.4186756287e-03,1.4414925596e-03,1.4570567442e-03,1.4676245327e-03,1.4747774858e-03,1.4796088919e-03,1.4828676185e-03,1.4861339892e-03,1.4894079485e-03,1.4926895017e-03,1.4959786511e-03,1.4992753951e-03,1.5025797262e-03,1.5058916322e-03,1.5092110931e-03,1.5125380804e-03,1.5158725557e-03,1.5192144682e-03,1.5225637515e-03,1.5259203226e-03,1.5292840763e-03,1.5326548825e-03,1.5360325821e-03,1.5394169780e-03,1.5428078298e-03,1.5462048415e-03,1.5496076487e-03,1.5496075863e-03,1.5496075142e-03,1.5496074793e-03,1.5496074231e-03,1.5496073660e-03,1.5496073148e-03,1.5496072720e-03,1.5496072128e-03,1.5496071742e-03,1.5496071184e-03,1.5496070759e-03,1.5496070186e-03,1.5496069680e-03,1.5496069281e-03,1.5496068782e-03,1.5496068346e-03,1.5496067774e-03,1.5496067404e-03,1.5496066953e-03,1.5496066438e-03,1.5496066011e-03,1.5496065498e-03,1.5496064886e-03,1.5496064155e-03,1.5496063331e-03,1.5496062392e-03,1.5496061284e-03,1.5496060017e-03,1.5496058549e-03,1.5496056842e-03,1.5496054860e-03,1.5496052561e-03,1.5496049896e-03,1.5496046809e-03,1.5496043227e-03,1.5496039077e-03,1.5496034398e-03,1.5496028541e-03,1.5496022140e-03,1.5496014668e-03,1.5496005905e-03,1.5495995793e-03,1.5495984047e-03,1.5495970420e-03,1.5495954604e-03,1.5495936252e-03,1.5495914956e-03,1.5495890233e-03,1.5495861534e-03,1.5495828213e-03,1.5495789514e-03,1.5495744563e-03,1.5495692336e-03,1.5495631634e-03,1.5495561058e-03,1.5495478970e-03,1.5495383446e-03,1.5495272226e-03,1.5495142652e-03,1.5494991586e-03,1.5494815317e-03,1.5494609446e-03,1.5494368741e-03,1.5494086955e-03,1.5493756609e-03,1.5493368707e-03,1.5492912380e-03,1.5492374433e-03,1.5491738768e-03,1.5490985630e-03,1.5490090640e-03,1.5489023519e-03,1.5487746429e-03,1.5486211755e-03,1.5484359179e-03,1.5482111748e-03,1.5479370576e-03,1.5476007677e-03,1.5471856167e-03,1.5466696818e-03,1.5460239455e-03,1.5452097032e-03,1.5441749237e-03,1.5428490982e-03,1.5411358895e-03,1.5389025539e-03,1.5359645819e-03,1.5320632145e-03,1.5268322501e-03,1.5197487373e-03,1.5100593640e-03,1.4966706073e-03,1.4779861382e-03,1.4516720284e-03,1.4143371998e-03,1.3611592069e-03,1.2856331031e-03,1.1800277454e-03,1.0379853802e-03,8.6146765351e-04,6.7110433059e-04,5.4060549912e-04,4.5777717390e-04,4.0684258943e-04,3.7570312153e-04,3.5651280452e-04,3.4450522638e-04,3.3684890616e-04,3.3186578174e-04,3.2855393458e-04,3.2630757837e-04,3.2475465759e-04,3.2366255586e-04,3.2288297800e-04,3.2231942172e-04,3.2190776142e-04,3.2160450539e-04,3.2137958578e-04,3.2121185439e-04,3.2108621403e-04,3.2099175294e-04,3.2092050515e-04,3.2086660915e-04,3.2082572545e-04,3.2079462625e-04,3.2077090193e-04,3.2075274859e-04,3.2073881272e-04,3.2072807678e-04,3.2071977451e-04,3.2071332791e-04,3.2070830024e-04,3.2070436094e-04,3.2070125929e-04,3.2069880472e-04,3.2069685204e-04,3.2069529033e-04,3.2069403459e-04,3.2069301947e-04,3.2069219453e-04,3.2069152070e-04,3.2069096758e-04,3.2069051140e-04,3.2069013350e-04,3.2068981914e-04,3.2068955662e-04,3.2068933662e-04,3.2068915164e-04,3.2068899566e-04,3.2068886378e-04,3.2068875200e-04,3.2068865706e-04,3.2068857628e-04,3.2068850741e-04,3.2068844863e-04,3.2068839838e-04,3.2068835538e-04,3.2068831854e-04,3.2068828696e-04,3.2068825987e-04,3.2068823660e-04,3.2068821661e-04,3.2068819943e-04,3.2068818466e-04,3.2068817195e-04,3.2068816101e-04,3.2068815160e-04,3.2068814349e-04,3.2068813652e-04,3.2068813050e-04,3.2068812533e-04,3.2068812086e-04,3.2068811702e-04,3.2068811370e-04,3.2068811084e-04,3.2068810837e-04,3.2068810624e-04,3.2068810441e-04,3.2068810282e-04,3.2068810144e-04,3.2068810026e-04,3.2068809906e-04,3.2068809787e-04,3.2068809667e-04,3.2068809546e-04,3.2068809424e-04,3.2068809302e-04,3.2068809177e-04,3.2068809051e-04,3.2068808924e-04,3.2068808792e-04,3.2068808657e-04,3.2068808517e-04,3.2068808371e-04,3.2068808217e-04,3.2068808053e-04,3.2068807871e-04,3.2068807667e-04,3.2068807437e-04,3.2068807155e-04,5.0009158897e-02,5.0009158898e-02,5.0009158898e-02,5.0009158898e-02,5.0009158900e-02,5.0009158902e-02,5.0009158902e-02,5.0009158902e-02,5.0009158902e-02,5.0009158903e-02,5.0009158905e-02,5.0009158903e-02,5.0009158904e-02,5.0009158906e-02,5.0009158905e-02,5.0009158905e-02,5.0009158908e-02,5.0009158906e-02,5.0009158907e-02,5.0009158907e-02,5.0009158908e-02,5.0009158910e-02,5.0009158908e-02,5.0009158910e-02,5.0009158911e-02,5.0009158913e-02,5.0009158916e-02,5.0009158921e-02,5.0009158928e-02,5.0009158939e-02,5.0009158956e-02,5.0009158982e-02,5.0009159022e-02,5.0009159082e-02,5.0009159174e-02,5.0009159315e-02,5.0009159530e-02,5.0009159858e-02,5.0009160360e-02,5.0009161128e-02,5.0009162302e-02,5.0009164098e-02,5.0009166850e-02,5.0009171071e-02,5.0009177562e-02,5.0009187576e-02,5.0009203110e-02,5.0009227402e-02,5.0009265860e-02,5.0009327854e-02,5.0009430235e-02,5.0009602154e-02,5.0009717921e-02,5.0009788614e-02,5.0009828548e-02,5.0009849721e-02,5.0009860384e-02,5.0009865539e-02,5.0009867956e-02,5.0009869066e-02,5.0009869570e-02,5.0009869797e-02,5.0009869900e-02,5.0009869948e-02,5.0009869970e-02,5.0009869981e-02,5.0009869986e-02,5.0009869989e-02,5.0009869990e-02,5.0009869991e-02,5.0009869992e-02,5.0009869992e-02,5.0009869992e-02,5.0009869992e-02,5.0009869992e-02,5.0009869992e-02,5.0009869992e-02,5.0009869992e-02,5.0009869992e-02,5.0009869992e-02,5.0009869993e-02,5.0009869992e-02,5.0009869993e-02,5.0009869993e-02,5.0009869992e-02,5.0009869992e-02,5.0009869993e-02,5.0009869992e-02,5.0009869992e-02,5.0009869992e-02,5.0009869992e-02,5.0009869992e-02,5.0009869992e-02,5.0009869993e-02,5.0009869993e-02,5.0009869992e-02,5.0009869993e-02,5.0009869992e-02,5.0009869992e-02,5.0009869992e-02,5.0009869993e-02,5.0009869992e-02
4.2431232343e+02,8.6000010376e-08,8.5862485382e-08,8.5725242741e-08,8.5588283013e-08,8.5451604403e-08,8.5315208200e-08,8.5179091895e-08,8.5043256341e-08,8.4907699620e-08,8.4772422578e-08,8.4637423894e-08,8.4502702668e-08,8.4368258992e-08,8.4234091604e-08,8.4100200482e-08,8.3966584955e-08,8.3833244337e-08,8.3700177607e-08,8.3567385279e-08,8.3434865904e-08,8.3302619125e-08,8.3170646614e-08,8.2974919304e-08,8.2684997633e-08,8.2256347606e-08,8.1624332287e-08,8.0696284325e-08,7.9341835677e-08,7.7382943785e-08,7.4587905698e-08,7.0679291269e-08,6.5374943792e-08,5.8491309627e-08,5.0134905698e-08,4.0952475960e-08,3.2254541024e-08,2.5641190429e-08,2.1986150794e-08,2.0688137549e-08,2.0426844099e-08,2.0399854658e-08,2.0398532975e-08,2.0398529945e-08,2.0398557325e-08,2.0398579477e-08,2.0398592673e-08,2.0398597886e-08,2.0398599095e-08,2.0398599244e-08,2.0398599253e-08,2.0398599253e-08,2.0398599161e-08,2.0398588424e-08,2.0398111846e-08,2.0388970746e-08,2.0307228652e-08,1.9933977966e-08,1.8947583016e-08,1.7203815145e-08,1.4869857363e-08,1.3134104582e-08,4.7220330493e-08,7.5157841341e-07,7.2963298014e-06,3.8480140355e-05,1.2344076004e-04,2.7437476573e-04,4.7216458308e-04,6.8233426121e-04,8.7576419604e-04,1.0370384516e-03,1.1626554263e-03,1.2560236113e-03,1.3232299683e-03,1.3705564724e-03,1.4033905265e-03,1.4259409006e-03,1.4413228467e-03,1.4517667081e-03,1.4588356922e-03,1.4636103424e-03,1.4668307698e-03,1.4700587366e-03,1.4732941884e-03,1.4765371300e-03,1.4797875642e-03,1.4830454885e-03,1.4863108963e-03,1.4895837751e-03,1.4928641054e-03,1.4961518593e-03,1.4994469985e-03,1.5027494730e-03,1.5060592177e-03,1.5093761506e-03,1.5127001684e-03,1.5160311432e-03,1.5193689175e-03,1.5227132974e-03,1.5260640460e-03,1.5294208716e-03,1.5327834146e-03,1.5327833762e-03,1.5327833259e-03,1.5327832926e-03,1.5327832459e-03,1.5327831992e-03,1.5327831559e-03,1.5327831245e-03,1.5327830731e-03,1.5327830345e-03,1.5327829949e-03,1.5327829554e-03,1.5327829150e-03,1.5327828714e-03,1.5327828389e-03,1.5327828014e-03,1.5327827646e-03,1.5327827214e-03,1.5327826905e-03,1.5327826513e-03,1.5327826131e-03,1.5327825754e-03,1.5327825358e-03,1.5327824879e-03,1.5327824331e-03,1.5327823676e-03,1.5327822925e-03,1.5327822044e-03,1.5327821024e-03,1.5327819858e-03,1.5327818496e-03,1.5327816918e-03,1.5327815088e-03,1.5327812969e-03,1.5327810506e-03,1.5327807654e-03,1.5327804348e-03,1.5327800535e-03,1.5327796031e-03,1.5327790887e-03,1.5327784915e-03,1.5327777960e-03,1.5327769893e-03,1.5327760545e-03,1.5327749700e-03,1.5327737108e-03,1.5327722499e-03,1.5327705546e-03,1.5327685865e-03,1.5327663020e-03,1.5327636494e-03,1.5327605690e-03,1.5327569904e-03,1.5327528330e-03,1.5327480008e-03,1.5327423826e-03,1.5327358481e-03,1.5327282440e-03,1.5327193905e-03,1.5327090760e-03,1.5326970507e-03,1.5326830194e-03,1.5326666317e-03,1.5326474713e-03,1.5326250411e-03,1.5325987459e-03,1.5325678696e-03,1.5325315473e-03,1.5324887292e-03,1.5324381343e-03,1.5323781908e-03,1.5323069591e-03,1.5322220308e-03,1.5321203953e-03,1.5319982662e-03,1.5318508463e-03,1.5316720165e-03,1.5314539150e-03,1.5311863675e-03,1.5308561100e-03,1.5304457213e-03,1.5299321462e-03,1.5292846384e-03,1.5284618726e-03,1.5274078555e-03,1.5260460912e-03,1.5242711756e-03,1.5219365839e-03,1.5188367534e-03,1.5146805851e-03,1.5090518605e-03,1.5013498114e-03,1.4906994545e-03,1.4758165883e-03,1.4548070365e-03,1.4248780717e-03,1.3819568015e-03,1.3202902549e-03,1.2323613788e-03,1.1101209829e-03,9.4967407603e-04,7.6125498787e-04,6.1945853543e-04,5.2160171717e-04,4.5683166648e-04,4.1454343017e-04,3.8685835832e-04,3.6852077349e-04,3.5617800395e-04,3.4772275611e-04,3.4182926280e-04,3.3765518699e-04,3.3465717954e-04,3.3247830672e-04,3.3087942999e-04,3.2969712589e-04,3.2881759514e-04,3.2816024191e-04,3.2766715005e-04,3.2729619947e-04,3.2701646497e-04,3.2680507400e-04,3.2664501669e-04,3.2652359206e-04,3.2643128880e-04,3.2636096910e-04,3.2630726801e-04,3.2626614817e-04,3.2623456821e-04,3.2621023484e-04,3.2619141719e-04,3.2617680743e-04,3.2616541619e-04,3.2615649391e-04,3.2614947177e-04,3.2614391727e-04,3.2613950081e-04,3.2613597056e-04,3.2613313357e-04,3.2613084150e-04,3.2612897991e-04,3.2612746018e-04,3.2612621337e-04,3.2612518561e-04,3.2612433463e-04,3.2612362706e-04,3.2612303643e-04,3.2612254164e-04,3.2612212579e-04,3.2612177523e-04,3.2612147891e-04,3.2612122784e-04,3.2612101464e-04,3.2612083326e-04,3.2612067868e-04,3.2612054674e-04,3.2612043397e-04,3.2612033749e-04,3.2612025485e-04,3.2612018400e-04,3.2612012322e-04,3.2612007103e-04,3.2612002620e-04,3.2611998767e-04,3.2611995454e-04,3.2611992604e-04,3.2611990152e-04,3.2611988041e-04,3.2611986223e-04,3.2611984659e-04,3.2611983310e-04,3.2611982149e-04,3.2611981149e-04,3.2611980286e-04,3.2611979543e-04,3.2611978901e-04,3.2611978348e-04,3.2611977870e-04,3.2611977459e-04,3.2611977102e-04,3.2611976794e-04,3.2611976528e-04,3.2611976261e-04,3.2611975992e-04,3.2611975723e-04,3.2611975453e-04,3.2611975179e-04,3.2611974903e-04,3.2611974625e-04,3.2611974342e-04,3.2611974053e-04,3.2611973760e-04,3.2611973456e-04,3.2611973140e-04,3.2611972812e-04,3.2611972463e-04,3.2611972091e-04,3.2611971682e-04,3.2611971222e-04,3.2611970698e-04,3.2611970056e-04,5.0008057598e-02,5.0008057598e-02,5.0008057601e-02,5.0008057603e-02,5.0008057606e-02,5.0008057605e-02,5.0008057607e-02,5.0008057607e-02,5.0008057609e-02,5.0008057610e-02,5.0008057612e-02,5.0008057612e-02,5.0008057613e-02,5.0008057611e-02,5.0008057614e-02,5.0008057613e-02,5.0008057613e-02,5.0008057616e-02,5.0008057613e-02,5.0008057617e-02,5.0008057614e-02,5.0008057617e-02,5.0008057615e-02,5.0008057618e-02,5.0008057619e-02,5.0008057620e-02,5.0008057624e-02,5.0008057628e-02,5.0008057635e-02,5.0008057645e-02,5.0008057661e-02,5.0008057686e-02,5.0008057723e-02,5.0008057780e-02,5.0008057868e-02,5.0008058001e-02,5.0008058205e-02,5.0008058516e-02,5.0008058992e-02,5.0008059720e-02,5.0008060833e-02,5.0008062536e-02,5.0008065146e-02,5.0008069150e-02,5.0008075311e-02,5.0008084824e-02,5.0008099599e-02,5.0008122748e-02,5.0008159505e-02,5.0008219044e-02,5.0008318139e-02,5.0008486822e-02,5.0008601853e-02,5.0008672634e-02,5.0008712788e-02,5.0008734125e-02,5.0008744881e-02,5.0008750085e-02,5.0008752525e-02,5.0008753646e-02,5.0008754154e-02,5.0008754384e-02,5.0008754488e-02,5.0008754536e-02,5.0008754558e-02,5.0008754569e-02,5.0008754574e-02,5.0008754577e-02,5.0008754579e-02,5.0008754580e-02,5.0008754580e-02,5.0008754580e-02,5.0008754581e-02,5.0008754581e-02,5.0008754581e-02,5.0008754581e-02,5.0008754581e-02,5.0008754581e-02,5.0008754581e-02,5.0008754581e-02,5.0008754581e-02,5.0008754581e-02,5.0008754581e-02,5.0008754581e-02,5.0008754581e-02,5.0008754581e-02,5.0008754581e-02,5.0008754581e-02,5.0008754581e-02,5.0008754581e-02,5.0008754581e-02,5.0008754581e-02,5.0008754581e-02,5.0008754581e-02,5.0008754581e-02,5.0008754581e-02,5.0008754581e-02,5.0008754581e-02,5.0008754581e-02,5.0008754581e-02,5.0008754581e-02,5.0008754581e-02
4.7366517819e+02,8.6000010598e-08,8.5862485545e-08,8.5725242586e-08,8.5588282916e-08,8.5451604447e-08,8.5315208048e-08,8.5179092121e-08,8.5043256107e-08,8.4907700070e-08,8.4772422476e-08,8.4637423904e-08,8.4502702459e-08,8.4368258773e-08,8.4234091639e-08,8.4100200629e-08,8.3966584997e-08,8.3833244422e-08,8.3700177656e-08,8.3567385062e-08,8.3434866171e-08,8.3302618749e-08,8.3170646755e-08,8.2974919289e-08,8.2684997658e-08,8.2256347563e-08,8.1624332306e-08,8.0696284305e-08,7.9341835700e-08,7.7382943792e-08,7.4587905691e-08,7.0679291263e-08,6.5374943798e-08,5.8491309620e-08,5.0134905696e-08,4.0952475956e-08,3.2254541014e-08,2.5641190425e-08,2.1986150794e-08,2.0688137555e-08,2.0426844106e-08,2.0399854660e-08,2.0398532970e-08,2.0398529946e-08,2.0398557325e-08,2.0398579476e-08,2.0398592672e-08,2.0398597886e-08,2.0398599095e-08,2.0398599244e-08,2.0398599253e-08,2.0398599253e-08,2.0398599161e-08,2.0398588421e-08,2.0398111727e-08,2.0388968406e-08,2.0307206497e-08,1.9933864915e-08,1.8947225374e-08,1.7203006513e-08,1.4868299156e-08,1.3123956212e-08,4.6882609596e-08,7.4493300087e-07,7.2311730251e-06,3.8135567588e-05,1.2233033272e-04,2.7188692759e-04,4.6783759078e-04,6.7600875006e-04,8.6755745949e-04,1.0272314353e-03,1.1515813163e-03,1.2439957133e-03,1.3105090930e-03,1.3573443262e-03,1.3898359409e-03,1.4121503611e-03,1.4273709999e-03,1.4377051723e-03,1.4446998365e-03,1.4494242535e-03,1.4526107836e-03,1.4558047610e-03,1.4590061318e-03,1.4622149010e-03,1.4654310708e-03,1.4686546390e-03,1.4718855992e-03,1.4751239388e-03,1.4783696386e-03,1.4816226711e-03,1.4848829986e-03,1.4881505715e-03,1.4914253260e-03,1.4947071808e-03,1.4979960342e-03,1.5012917602e-03,1.5045942029e-03,1.5079031715e-03,1.5112184317e-03,1.5145396958e-03,1.5178666084e-03,1.5178665769e-03,1.5178665438e-03,1.5178665098e-03,1.5178664753e-03,1.5178664410e-03,1.5178664069e-03,1.5178663732e-03,1.5178663402e-03,1.5178663077e-03,1.5178662758e-03,1.5178662444e-03,1.5178662135e-03,1.5178661830e-03,1.5178661528e-03,1.5178661231e-03,1.5178660935e-03,1.5178660642e-03,1.5178660351e-03,1.5178660061e-03,1.5178659772e-03,1.5178659485e-03,1.5178659153e-03,1.5178658768e-03,1.5178658324e-03,1.5178657810e-03,1.5178657215e-03,1.5178656526e-03,1.5178655727e-03,1.5178654802e-03,1.5178653729e-03,1.5178652485e-03,1.5178651043e-03,1.5178649370e-03,1.5178647430e-03,1.5178645179e-03,1.5178642570e-03,1.5178639542e-03,1.5178636031e-03,1.5178631959e-03,1.5178627234e-03,1.5178621754e-03,1.5178615396e-03,1.5178608021e-03,1.5178599463e-03,1.5178589533e-03,1.5178578009e-03,1.5178564636e-03,1.5178549113e-03,1.5178531092e-03,1.5178510168e-03,1.5178485869e-03,1.5178457644e-03,1.5178424849e-03,1.5178386734e-03,1.5178342419e-03,1.5178290875e-03,1.5178230895e-03,1.5178161061e-03,1.5178079702e-03,1.5177984850e-03,1.5177874174e-03,1.5177744913e-03,1.5177593783e-03,1.5177416863e-03,1.5177209458e-03,1.5176965923e-03,1.5176679436e-03,1.5176341718e-03,1.5175942668e-03,1.5175469892e-03,1.5174908098e-03,1.5174238296e-03,1.5173436756e-03,1.5172473625e-03,1.5171311093e-03,1.5169900934e-03,1.5168181191e-03,1.5166071698e-03,1.5163467957e-03,1.5160232736e-03,1.5156184456e-03,1.5151080999e-03,1.5144596989e-03,1.5136291626e-03,1.5125562757e-03,1.5111580705e-03,1.5093192024e-03,1.5068778135e-03,1.5036045667e-03,1.4991712512e-03,1.4931033623e-03,1.4847079910e-03,1.4729638195e-03,1.4563539682e-03,1.4326164426e-03,1.3983885502e-03,1.3487570017e-03,1.2768720139e-03,1.1742326485e-03,1.0332905574e-03,8.5515998029e-04,7.0901079468e-04,5.9968419686e-04,5.2196251691e-04,4.6795040718e-04,4.3060606412e-04,4.0465571523e-04,3.8643839415e-04,3.7349336652e-04,3.6418219547e-04,3.5741022055e-04,3.5243814185e-04,3.4875925104e-04,3.4602057061e-04,3.4397224555e-04,3.4243481474e-04,3.4127775368e-04,3.4040515684e-04,3.3974599384e-04,3.3924734434e-04,3.3886961167e-04,3.3858308015e-04,3.3836540460e-04,3.3819976006e-04,3.3807346714e-04,3.3797696487e-04,3.3790304042e-04,3.3784624995e-04,3.3780248269e-04,3.3776863253e-04,3.3774235053e-04,3.3772185856e-04,3.3770580885e-04,3.3769317823e-04,3.3768318852e-04,3.3767524660e-04,3.3766889924e-04,3.3766379915e-04,3.3765967934e-04,3.3765633385e-04,3.3765360316e-04,3.3765136322e-04,3.3764951711e-04,3.3764798876e-04,3.3764671814e-04,3.3764565767e-04,3.3764476939e-04,3.3764402290e-04,3.3764339367e-04,3.3764286186e-04,3.3764241129e-04,3.3764202872e-04,3.3764170325e-04,3.3764142589e-04,3.3764118917e-04,3.3764098687e-04,3.3764081378e-04,3.3764066552e-04,3.3764053843e-04,3.3764042939e-04,3.3764033578e-04,3.3764025537e-04,3.3764018626e-04,3.3764012683e-04,3.3764007571e-04,3.3764003172e-04,3.3763999386e-04,3.3763996126e-04,3.3763993319e-04,3.3763990902e-04,3.3763988819e-04,3.3763987024e-04,3.3763985477e-04,3.3763984144e-04,3.3763982993e-04,3.3763982002e-04,3.3763981145e-04,3.3763980405e-04,3.3763979766e-04,3.3763979214e-04,3.3763978737e-04,3.3763978257e-04,3.3763977776e-04,3.3763977293e-04,3.3763976807e-04,3.3763976317e-04,3.3763975823e-04,3.3763975322e-04,3.3763974815e-04,3.3763974296e-04,3.3763973767e-04,3.3763973223e-04,3.3763972657e-04,3.3763972065e-04,3.3763971439e-04,3.3763970767e-04,3.3763970031e-04,3.3763969206e-04,3.3763968249e-04,3.3763967090e-04,5.0006946533e-02,5.0006946537e-02,5.0006946538e-02,5.0006946542e-02,5.0006946545e-02,5.0006946549e-02,5.0006946549e-02,5.0006946550e-02,5.0006946552e-02,5.0006946555e-02,5.0006946555e-02,5.0006946556e-02,5.0006946555e-02,5.0006946556e-02,5.0006946558e-02,5.0006946557e-02,5.0006946560e-02,5.0006946557e-02,5.0006946560e-02,5.0006946559e-02,5.0006946562e-02,5.0006946560e-02,5.0006946561e-02,5.0006946562e-02,5.0006946563e-02,5.0006946565e-02,5.0006946567e-02,5.0006946571e-02,5.0006946578e-02,5.0006946587e-02,5.0006946602e-02,5.0006946624e-02,5.0006946658e-02,5.0006946710e-02,5.0006946789e-02,5.0006946909e-02,5.0006947094e-02,5.0006947376e-02,5.0006947807e-02,5.0006948466e-02,5.0006949473e-02,5.0006951015e-02,5.0006953379e-02,5.0006957005e-02,5.0006962586e-02,5.0006971204e-02,5.0006984594e-02,5.0007005584e-02,5.0007038939e-02,5.0007093035e-02,5.0007183251e-02,5.0007337337e-02,5.0007442728e-02,5.0007507691e-02,5.0007544580e-02,5.0007564192e-02,5.0007574081e-02,5.0007578866e-02,5.0007581110e-02,5.0007582140e-02,5.0007582608e-02,5.0007582819e-02,5.0007582915e-02,5.0007582959e-02,5.0007582979e-02,5.0007582989e-02,5.0007582994e-02,5.0007582997e-02,5.0007582998e-02,5.0007582999e-02,5.0007582999e-02,5.0007583000e-02,5.0007583000e-02,5.0007583000e-02,5.0007583000e-02,5.0007583000e-02,5.0007583000e-02,5.0007583000e-02,5.0007583000e-02,5.0007583000e-02,5.0007583000e-02,5.0007583000e-02,5.0007583000e-02,5.0007583000e-02,5.0007583000e-02,5.0007583000e-02,5.0007583000e-02,5.0007583000e-02,5.0007583000e-02,5.0007583000e-02,5.0007583000e-02,5.0007583000e-02,5.0007583000e-02,5.0007583000e-02,5.0007583000e-02,5.0007583000e-02,5.0007583000e-02,5.0007583000e-02,5.0007583000e-02,5.0007583000e-02,5.0007583000e-02,5.0007583000e-02
5.2875839009e+02,8.6000013400e-08,8.5862485449e-08,8.5725242767e-08,8.5588282613e-08,8.5451604768e-08,8.5315208064e-08,8.5179091635e-08,8.5043256258e-08,8.4907699867e-08,8.4772422738e-08,8.4637423659e-08,8.4502702888e-08,8.4368258621e-08,8.4234091865e-08,8.4100200506e-08,8.3966584629e-08,8.3833244372e-08,8.3700177799e-08,8.3567385129e-08,8.3434865817e-08,8.3302619119e-08,8.3170646708e-08,8.2974919323e-08,8.2684997570e-08,8.2256347606e-08,8.1624332279e-08,8.0696284304e-08,7.9341835678e-08,7.7382943774e-08,7.4587905687e-08,7.0679291263e-08,6.5374943788e-08,5.8491309615e-08,5.0134905693e-08,4.0952475956e-08,3.2254541013e-08,2.5641190424e-08,2.1986150792e-08,2.0688137553e-08,2.0426844107e-08,2.0399854655e-08,2.0398532976e-08,2.0398529944e-08,2.0398557325e-08,2.0398579477e-08,2.0398592673e-08,2.0398597886e-08,2.0398599096e-08,2.0398599244e-08,2.0398599253e-08,2.0398599253e-08,2.0398599161e-08,2.0398588419e-08,2.0398111624e-08,2.0388966377e-08,2.0307187276e-08,1.9933766828e-08,1.8946915057e-08,1.7202304965e-08,1.4866959535e-08,1.3115039002e-08,4.6585695390e-08,7.3909004825e-07,7.1738855617e-06,3.7832624175e-05,1.2135414359e-04,2.6970015428e-04,4.6403496012e-04,6.7045097240e-04,8.6034825395e-04,1.0186179836e-03,1.1418563580e-03,1.2334343018e-03,1.2993400731e-03,1.3457446172e-03,1.3779360512e-03,1.4000436497e-03,1.4151229041e-03,1.4253609381e-03,1.4322904651e-03,1.4369708563e-03,1.4401276781e-03,1.4432918667e-03,1.4464633688e-03,1.4496421891e-03,1.4528283299e-03,1.4560217890e-03,1.4592225600e-03,1.4624306304e-03,1.4656459814e-03,1.4688685855e-03,1.4720984058e-03,1.4753353930e-03,1.4785794840e-03,1.4818305990e-03,1.4850886371e-03,1.4883534737e-03,1.4916249551e-03,1.4949028924e-03,1.4981870540e-03,1.5014771559e-03,1.5047728457e-03,1.5047728140e-03,1.5047727880e-03,1.5047727666e-03,1.5047727358e-03,1.5047727157e-03,1.5047726815e-03,1.5047726616e-03,1.5047726328e-03,1.5047726101e-03,1.5047725847e-03,1.5047725622e-03,1.5047725359e-03,1.5047725102e-03,1.5047724901e-03,1.5047724653e-03,1.5047724442e-03,1.5047724204e-03,1.5047723976e-03,1.5047723752e-03,1.5047723528e-03,1.5047723313e-03,1.5047723035e-03,1.5047722731e-03,1.5047722394e-03,1.5047721991e-03,1.5047721524e-03,1.5047720990e-03,1.5047720364e-03,1.5047719644e-03,1.5047718806e-03,1.5047717835e-03,1.5047716707e-03,1.5047715402e-03,1.5047713888e-03,1.5047712130e-03,1.5047710089e-03,1.5047707786e-03,1.5047704951e-03,1.5047701828e-03,1.5047698100e-03,1.5047693845e-03,1.5047688883e-03,1.5047683124e-03,1.5047676442e-03,1.5047668690e-03,1.5047659696e-03,1.5047649256e-03,1.5047637137e-03,1.5047623069e-03,1.5047606735e-03,1.5047587767e-03,1.5047565733e-03,1.5047540131e-03,1.5047510377e-03,1.5047475783e-03,1.5047435545e-03,1.5047388723e-03,1.5047334207e-03,1.5047270695e-03,1.5047196649e-03,1.5047110252e-03,1.5047009346e-03,1.5046891369e-03,1.5046753259e-03,1.5046591353e-03,1.5046401244e-03,1.5046177606e-03,1.5045913979e-03,1.5045602478e-03,1.5045233430e-03,1.5044794899e-03,1.5044272066e-03,1.5043646412e-03,1.5042894644e-03,1.5041987258e-03,1.5040886626e-03,1.5039544416e-03,1.5037898092e-03,1.5035866148e-03,1.5033341560e-03,1.5030182736e-03,1.5026200902e-03,1.5021142405e-03,1.5014663644e-03,1.5006295290e-03,1.4995390694e-03,1.4981050810e-03,1.4962013790e-03,1.4936490970e-03,1.4901920556e-03,1.4854594075e-03,1.4789084608e-03,1.4697365731e-03,1.4567450835e-03,1.4381305435e-03,1.4111720943e-03,1.3717922440e-03,1.3140377685e-03,1.2297922387e-03,1.1097940235e-03,9.4852804205e-04,8.0558352761e-04,6.9026340175e-04,6.0244715654e-04,5.3763124139e-04,4.9043532659e-04,4.5616283291e-04,4.3119428123e-04,4.1289504108e-04,3.9939347653e-04,3.8936859357e-04,3.8188482060e-04,3.7627382801e-04,3.7205307078e-04,3.6887038106e-04,3.6646625259e-04,3.6464792865e-04,3.6327134637e-04,3.6222835055e-04,3.6143749349e-04,3.6083731982e-04,3.6038140687e-04,3.6003466809e-04,3.5977057995e-04,3.5956909230e-04,3.5941504978e-04,3.5929699751e-04,3.5920627719e-04,3.5913634308e-04,3.5908224458e-04,3.5904023517e-04,3.5900747711e-04,3.5898181843e-04,3.5896162488e-04,3.5894565314e-04,3.5893295532e-04,3.5892280699e-04,3.5891465294e-04,3.5890806633e-04,3.5890271783e-04,3.5889835237e-04,3.5889477158e-04,3.5889182049e-04,3.5888937743e-04,3.5888734644e-04,3.5888565140e-04,3.5888423165e-04,3.5888303855e-04,3.5888203290e-04,3.5888118297e-04,3.5888046289e-04,3.5887985149e-04,3.5887933137e-04,3.5887888813e-04,3.5887850985e-04,3.5887818657e-04,3.5887790996e-04,3.5887767306e-04,3.5887746997e-04,3.5887729573e-04,3.5887714615e-04,3.5887701765e-04,3.5887690722e-04,3.5887681226e-04,3.5887673057e-04,3.5887666029e-04,3.5887659979e-04,3.5887654770e-04,3.5887650285e-04,3.5887646422e-04,3.5887643094e-04,3.5887640228e-04,3.5887637758e-04,3.5887635617e-04,3.5887633782e-04,3.5887632195e-04,3.5887630829e-04,3.5887629643e-04,3.5887628620e-04,3.5887627736e-04,3.5887626972e-04,3.5887626221e-04,3.5887625452e-04,3.5887624677e-04,3.5887623896e-04,3.5887623117e-04,3.5887622315e-04,3.5887621524e-04,3.5887620722e-04,3.5887619890e-04,3.5887619045e-04,3.5887618171e-04,3.5887617272e-04,3.5887616335e-04,3.5887615351e-04,3.5887614307e-04,3.5887613181e-04,3.5887611942e-04,3.5887610576e-04,3.5887609059e-04,5.0005856131e-02,5.0005856089e-02,5.0005856107e-02,5.0005856121e-02,5.0005856133e-02,5.0005856142e-02,5.0005856148e-02,5.0005856156e-02,5.0005856157e-02,5.0005856163e-02,5.0005856164e-02,5.0005856162e-02,5.0005856168e-02,5.0005856166e-02,5.0005856169e-02,5.0005856167e-02,5.0005856169e-02,5.0005856170e-02,5.0005856170e-02,5.0005856170e-02,5.0005856171e-02,5.0005856171e-02,5.0005856172e-02,5.0005856171e-02,5.0005856174e-02,5.0005856174e-02,5.0005856177e-02,5.0005856180e-02,5.0005856186e-02,5.0005856194e-02,5.0005856207e-02,5.0005856226e-02,5.0005856256e-02,5.0005856301e-02,5.0005856370e-02,5.0005856476e-02,5.0005856637e-02,5.0005856884e-02,5.0005857260e-02,5.0005857836e-02,5.0005858717e-02,5.0005860066e-02,5.0005862132e-02,5.0005865303e-02,5.0005870183e-02,5.0005877720e-02,5.0005889433e-02,5.0005907799e-02,5.0005936999e-02,5.0005984387e-02,5.0006063504e-02,5.0006198865e-02,5.0006291581e-02,5.0006348777e-02,5.0006381270e-02,5.0006398548e-02,5.0006407262e-02,5.0006411478e-02,5.0006413455e-02,5.0006414363e-02,5.0006414775e-02,5.0006414961e-02,5.0006415046e-02,5.0006415085e-02,5.0006415103e-02,5.0006415111e-02,5.0006415116e-02,5.0006415118e-02,5.0006415119e-02,5.0006415120e-02,5.0006415120e-02,5.0006415121e-02,5.0006415121e-02,5.0006415121e-02,5.0006415121e-02,5.0006415121e-02,5.0006415121e-02,5.0006415121e-02,5.0006415121e-02,5.0006415121e-02,5.0006415121e-02,5.0006415121e-02,5.0006415121e-02,5.0006415121e-02,5.0006415121e-02,5.0006415121e-02,5.0006415121e-02,5.0006415121e-02,5.0006415121e-02,5.0006415121e-02,5.0006415121e-02,5.0006415121e-02,5.0006415121e-02,5.0006415121e-02,5.0006415121e-02,5.0006415121e-02,5.0006415121e-02,5.0006415121e-02,5.0006415121e-02,5.0006415121e-02,5.0006415121e-02,5.0006415121e-02
5.6900290073e+02,8.6000008627e-08,8.5862485345e-08,8.5725242987e-08,8.5588282678e-08,8.5451604525e-08,8.5315208236e-08,8.5179091703e-08,8.5043256361e-08,8.4907699972e-08,8.4772422353e-08,8.4637424037e-08,8.4502702423e-08,8.4368258891e-08,8.4234091732e-08,8.4100200727e-08,8.3966584785e-08,8.3833244136e-08,8.3700178017e-08,8.3567385249e-08,8.3434865735e-08,8.3302619085e-08,8.3170646695e-08,8.2974919256e-08,8.2684997631e-08,8.2256347618e-08,8.1624332273e-08,8.0696284292e-08,7.9341835693e-08,7.7382943780e-08,7.4587905707e-08,7.0679291262e-08,6.5374943789e-08,5.8491309622e-08,5.0134905695e-08,4.0952475952e-08,3.2254541017e-08,2.5641190421e-08,2.1986150795e-08,2.0688137556e-08,2.0426844104e-08,2.0399854661e-08,2.0398532972e-08,2.0398529946e-08,2.0398557324e-08,2.0398579477e-08,2.0398592672e-08,2.0398597886e-08,2.0398599095e-08,2.0398599244e-08,2.0398599253e-08,2.0398599253e-08,2.0398599161e-08,2.0398588417e-08,2.0398111563e-08,2.0388965187e-08,2.0307175998e-08,1.9933709272e-08,1.8946732966e-08,1.7201893291e-08,1.4866171154e-08,1.3109761867e-08,4.6409473175e-08,7.3562191632e-07,7.1398827523e-06,3.7652819201e-05,1.2077478656e-04,2.6840246901e-04,4.6177871017e-04,6.6715384900e-04,8.5607207999e-04,1.0135095455e-03,1.1360893182e-03,1.2271717342e-03,1.2927176013e-03,1.3388670625e-03,1.3708807228e-03,1.3928658433e-03,1.4078613739e-03,1.4180424791e-03,1.4249334354e-03,1.4295877571e-03,1.4327269876e-03,1.4358735374e-03,1.4390273533e-03,1.4421884403e-03,1.4453568002e-03,1.4485324312e-03,1.4517153267e-03,1.4549054744e-03,1.4581028555e-03,1.4613074430e-03,1.4645191999e-03,1.4677380774e-03,1.4709640131e-03,1.4741969271e-03,1.4774367199e-03,1.4806832675e-03,1.4839364173e-03,1.4871959817e-03,1.4904617309e-03,1.4937333821e-03,1.4970105859e-03,1.4970105627e-03,1.4970105427e-03,1.4970105206e-03,1.4970104989e-03,1.4970104771e-03,1.4970104533e-03,1.4970104299e-03,1.4970104097e-03,1.4970103856e-03,1.4970103660e-03,1.4970103455e-03,1.4970103236e-03,1.4970103051e-03,1.4970102844e-03,1.4970102656e-03,1.4970102456e-03,1.4970102300e-03,1.4970102090e-03,1.4970101887e-03,1.4970101702e-03,1.4970101520e-03,1.4970101296e-03,1.4970101023e-03,1.4970100751e-03,1.4970100410e-03,1.4970100013e-03,1.4970099565e-03,1.4970099038e-03,1.4970098429e-03,1.4970097724e-03,1.4970096906e-03,1.4970095958e-03,1.4970094858e-03,1.4970093583e-03,1.4970092103e-03,1.4970090389e-03,1.4970088438e-03,1.4970086051e-03,1.4970083432e-03,1.4970080277e-03,1.4970076699e-03,1.4970072518e-03,1.4970067666e-03,1.4970062036e-03,1.4970055509e-03,1.4970047930e-03,1.4970039136e-03,1.4970028927e-03,1.4970017076e-03,1.4970003318e-03,1.4969987337e-03,1.4969968776e-03,1.4969947209e-03,1.4969922144e-03,1.4969893002e-03,1.4969859106e-03,1.4969819662e-03,1.4969773738e-03,1.4969720236e-03,1.4969657860e-03,1.4969585078e-03,1.4969500075e-03,1.4969400691e-03,1.4969284347e-03,1.4969147958e-03,1.4968987809e-03,1.4968799418e-03,1.4968577339e-03,1.4968314932e-03,1.4968004048e-03,1.4967634635e-03,1.4967194208e-03,1.4966667170e-03,1.4966033901e-03,1.4965269552e-03,1.4964342432e-03,1.4963211836e-03,1.4961825103e-03,1.4960113596e-03,1.4957987200e-03,1.4955326697e-03,1.4951973160e-03,1.4947713051e-03,1.4942257129e-03,1.4935210331e-03,1.4926028348e-03,1.4913954383e-03,1.4897926115e-03,1.4876437342e-03,1.4847329867e-03,1.4807477164e-03,1.4752298444e-03,1.4675005739e-03,1.4565431097e-03,1.4408201550e-03,1.4179938756e-03,1.3845136099e-03,1.3350715757e-03,1.2620975386e-03,1.1560296318e-03,1.0084777757e-03,8.7157219782e-04,7.5586882792e-04,6.6384007780e-04,5.9323203135e-04,5.4007319934e-04,5.0036784826e-04,4.7075675358e-04,4.4863509305e-04,4.3205793398e-04,4.1959528255e-04,4.1019913136e-04,4.0309900479e-04,3.9772509267e-04,3.9365321577e-04,3.9056571491e-04,3.8822355190e-04,3.8644621499e-04,3.8509707154e-04,3.8407256404e-04,3.8329415857e-04,3.8270229561e-04,3.8225181908e-04,3.8190850924e-04,3.8164644762e-04,3.8144601270e-04,3.8129235549e-04,3.8117424101e-04,3.8108316862e-04,3.8101270503e-04,3.8095797901e-04,3.8091529926e-04,3.8088186555e-04,3.8085555066e-04,3.8083473582e-04,3.8081818663e-04,3.8080495955e-04,3.8079433134e-04,3.8078574587e-04,3.8077877405e-04,3.8077308351e-04,3.8076841573e-04,3.8076456874e-04,3.8076138398e-04,3.8075873635e-04,3.8075652667e-04,3.8075467584e-04,3.8075312046e-04,3.8075180947e-04,3.8075070145e-04,3.8074976271e-04,3.8074896566e-04,3.8074828760e-04,3.8074770978e-04,3.8074721662e-04,3.8074679517e-04,3.8074643458e-04,3.8074612573e-04,3.8074586097e-04,3.8074563383e-04,3.8074543882e-04,3.8074527131e-04,3.8074512733e-04,3.8074500354e-04,3.8074489705e-04,3.8074480542e-04,3.8074472655e-04,3.8074465865e-04,3.8074460017e-04,3.8074454980e-04,3.8074450641e-04,3.8074446901e-04,3.8074443688e-04,3.8074440895e-04,3.8074438520e-04,3.8074436415e-04,3.8074434645e-04,3.8074433113e-04,3.8074431788e-04,3.8074430631e-04,3.8074429626e-04,3.8074428617e-04,3.8074427643e-04,3.8074426604e-04,3.8074425591e-04,3.8074424585e-04,3.8074423568e-04,3.8074422502e-04,3.8074421456e-04,3.8074420402e-04,3.8074419287e-04,3.8074418153e-04,3.8074417019e-04,3.8074415801e-04,3.8074414567e-04,3.8074413244e-04,3.8074411858e-04,3.8074410430e-04,3.8074408969e-04,3.8074407721e-04,5.0005160906e-02,5.0005160759e-02,5.0005160801e-02,5.0005160839e-02,5.0005160871e-02,5.0005160894e-02,5.0005160915e-02,5.0005160928e-02,5.0005160936e-02,5.0005160942e-02,5.0005160947e-02,5.0005160949e-02,5.0005160949e-02,5.0005160955e-02,5.0005160952e-02,5.0005160956e-02,5.0005160953e-02,5.0005160957e-02,5.0005160956e-02,5.0005160956e-02,5.0005160957e-02,5.0005160956e-02,5.0005160958e-02,5.0005160958e-02,5.0005160959e-02,5.0005160960e-02,5.0005160963e-02,5.0005160965e-02,5.0005160970e-02,5.0005160978e-02,5.0005160989e-02,5.0005161006e-02,5.0005161033e-02,5.0005161073e-02,5.0005161135e-02,5.0005161229e-02,5.0005161373e-02,5.0005161593e-02,5.0005161930e-02,5.0005162444e-02,5.0005163231e-02,5.0005164435e-02,5.0005166280e-02,5.0005169111e-02,5.0005173469e-02,5.0005180201e-02,5.0005190663e-02,5.0005207072e-02,5.0005233168e-02,5.0005275542e-02,5.0005346343e-02,5.0005467623e-02,5.0005550776e-02,5.0005602102e-02,5.0005631268e-02,5.0005646780e-02,5.0005654603e-02,5.0005658388e-02,5.0005660164e-02,5.0005660979e-02,5.0005661349e-02,5.0005661516e-02,5.0005661592e-02,5.0005661627e-02,5.0005661643e-02,5.0005661651e-02,5.0005661655e-02,5.0005661657e-02,5.0005661658e-02,5.0005661658e-02,5.0005661659e-02,5.0005661659e-02,5.0005661659e-02,5.0005661659e-02,5.0005661659e-02,5.0005661659e-02,5.0005661659e-02,5.0005661659e-02,5.0005661659e-02,5.0005661659e-02,5.0005661659e-02,5.0005661660e-02,5.0005661659e-02,5.0005661659e-02,5.0005661660e-02,5.0005661659e-02,5.0005661659e-02,5.0005661660e-02,5.0005661659e-02,5.0005661659e-02,5.0005661660e-02,5.0005661659e-02,5.0005661659e-02,5.0005661659e-02,5.0005661659e-02,5.0005661659e-02,5.0005661659e-02,5.0005661660e-02,5.0005661659e-02,5.0005661659e-02,5.0005661660e-02,5.0005661659e-02
6.3518508770e+02,8.6000009966e-08,8.5862484977e-08,8.5725242882e-08,8.5588282760e-08,8.5451604844e-08,8.5315208034e-08,8.5179091827e-08,8.5043256345e-08,8.4907699622e-08,8.4772422766e-08,8.4637423618e-08,8.4502702760e-08,8.4368259061e-08,8.4234091682e-08,8.4100200421e-08,8.3966584802e-08,8.3833244282e-08,8.3700177891e-08,8.3567385277e-08,8.3434865751e-08,8.3302619122e-08,8.3170646692e-08,8.2974919234e-08,8.2684997724e-08,8.2256347520e-08,8.1624332322e-08,8.0696284294e-08,7.9341835708e-08,7.7382943777e-08,7.4587905696e-08,7.0679291260e-08,6.5374943795e-08,5.8491309626e-08,5.0134905700e-08,4.0952475963e-08,3.2254541023e-08,2.5641190428e-08,2.1986150790e-08,2.0688137545e-08,2.0426844104e-08,2.0399854659e-08,2.0398532974e-08,2.0398529945e-08,2.0398557325e-08,2.0398579477e-08,2.0398592673e-08,2.0398597886e-08,2.0398599095e-08,2.0398599244e-08,2.0398599253e-08,2.0398599253e-08,2.0398599161e-08,2.0398588416e-08,2.0398111484e-08,2.0388963628e-08,2.0307161235e-08,1.9933633924e-08,1.8946494581e-08,1.7201354379e-08,1.4865143037e-08,1.3102783495e-08,4.6176114571e-08,7.3102896149e-07,7.0948525262e-06,3.7414709287e-05,1.2000760622e-04,2.6668424510e-04,4.5879165526e-04,6.6278938099e-04,8.5041236901e-04,1.0067490634e-03,1.1284579405e-03,1.2188852098e-03,1.2839553005e-03,1.3297675851e-03,1.3615462735e-03,1.3833695164e-03,1.3982543938e-03,1.4083602607e-03,1.4152002420e-03,1.4198201107e-03,1.4229360928e-03,1.4260593317e-03,1.4291897742e-03,1.4323274254e-03,1.4354722871e-03,1.4386243574e-03,1.4417836298e-03,1.4449500922e-03,1.4481237259e-03,1.4513045040e-03,1.4544923899e-03,1.4576873356e-03,1.4608892788e-03,1.4640981406e-03,1.4673138224e-03,1.4705362014e-03,1.4737651264e-03,1.4770004116e-03,1.4802418291e-03,1.4834890989e-03,1.4867418742e-03,1.4867418582e-03,1.4867418413e-03,1.4867418241e-03,1.4867418067e-03,1.4867417893e-03,1.4867417720e-03,1.4867417550e-03,1.4867417384e-03,1.4867417219e-03,1.4867417059e-03,1.4867416900e-03,1.4867416745e-03,1.4867416591e-03,1.4867416440e-03,1.4867416290e-03,1.4867416141e-03,1.4867415993e-03,1.4867415847e-03,1.4867415701e-03,1.4867415555e-03,1.4867415411e-03,1.4867415244e-03,1.4867415050e-03,1.4867414827e-03,1.4867414568e-03,1.4867414269e-03,1.4867413922e-03,1.4867413520e-03,1.4867413055e-03,1.4867412515e-03,1.4867411890e-03,1.4867411164e-03,1.4867410322e-03,1.4867409346e-03,1.4867408214e-03,1.4867406901e-03,1.4867405379e-03,1.4867403612e-03,1.4867401563e-03,1.4867399187e-03,1.4867396430e-03,1.4867393232e-03,1.4867389521e-03,1.4867385216e-03,1.4867380221e-03,1.4867374424e-03,1.4867367696e-03,1.4867359887e-03,1.4867350821e-03,1.4867340295e-03,1.4867328071e-03,1.4867313872e-03,1.4867297374e-03,1.4867278200e-03,1.4867255907e-03,1.4867229977e-03,1.4867199804e-03,1.4867164672e-03,1.4867123744e-03,1.4867076027e-03,1.4867020351e-03,1.4866955325e-03,1.4866879297e-03,1.4866790296e-03,1.4866685960e-03,1.4866563448e-03,1.4866419330e-03,1.4866249442e-03,1.4866048702e-03,1.4865810879e-03,1.4865528280e-03,1.4865191356e-03,1.4864788177e-03,1.4864303733e-03,1.4863719019e-03,1.4863009794e-03,1.4862144926e-03,1.4861084139e-03,1.4859774946e-03,1.4858148436e-03,1.4856113455e-03,1.4853548492e-03,1.4850290300e-03,1.4846117771e-03,1.4840728919e-03,1.4833707673e-03,1.4824475504e-03,1.4812220193e-03,1.4795789753e-03,1.4773532581e-03,1.4743053740e-03,1.4700838912e-03,1.4641667819e-03,1.4557690884e-03,1.4436968369e-03,1.4261165704e-03,1.4001986587e-03,1.3615950617e-03,1.3037839255e-03,1.2176308048e-03,1.0925150703e-03,9.6933126418e-04,8.5850992519e-04,7.6488124184e-04,6.8899248906e-04,6.2905346411e-04,5.8242664850e-04,5.4645972299e-04,5.1883776881e-04,4.9767208479e-04,4.8147299260e-04,4.6908478214e-04,4.5961741280e-04,4.5238732234e-04,4.4686990206e-04,4.4266257186e-04,4.3945644635e-04,4.3701464948e-04,4.3515569028e-04,4.3374068208e-04,4.3266349290e-04,4.3184314397e-04,4.3121794201e-04,4.3074095323e-04,4.3037651771e-04,4.3009757026e-04,4.2988358609e-04,4.2971900918e-04,4.2959205287e-04,4.2949378645e-04,4.2941744108e-04,4.2935788324e-04,4.2931121591e-04,4.2927447693e-04,4.2924541105e-04,4.2922229777e-04,4.2920382150e-04,4.2918897346e-04,4.2917697781e-04,4.2916723573e-04,4.2915928331e-04,4.2915275964e-04,4.2914738270e-04,4.2914293107e-04,4.2913923004e-04,4.2913614103e-04,4.2913355357e-04,4.2913137906e-04,4.2912954615e-04,4.2912799698e-04,4.2912668445e-04,4.2912557000e-04,4.2912462190e-04,4.2912381394e-04,4.2912312437e-04,4.2912253505e-04,4.2912203082e-04,4.2912159894e-04,4.2912122872e-04,4.2912091109e-04,4.2912063839e-04,4.2912040414e-04,4.2912020281e-04,4.2912002969e-04,4.2911988078e-04,4.2911975264e-04,4.2911964235e-04,4.2911954740e-04,4.2911946563e-04,4.2911939520e-04,4.2911933452e-04,4.2911928224e-04,4.2911923718e-04,4.2911919833e-04,4.2911916483e-04,4.2911913593e-04,4.2911911098e-04,4.2911908942e-04,4.2911907081e-04,4.2911905472e-04,4.2911904080e-04,4.2911902685e-04,4.2911901285e-04,4.2911899876e-04,4.2911898459e-04,4.2911897033e-04,4.2911895591e-04,4.2911894133e-04,4.2911892653e-04,4.2911891143e-04,4.2911889601e-04,4.2911888012e-04,4.2911886363e-04,4.2911884638e-04,4.2911882812e-04,4.2911880847e-04,4.2911878697e-04,4.2911876285e-04,4.2911873484e-04,4.2911870093e-04,5.0004202969e-02,5.0004202978e-02,5.0004202988e-02,5.0004202996e-02,5.0004203005e-02,5.0004203007e-02,5.0004203017e-02,5.0004203019e-02,5.0004203022e-02,5.0004203026e-02,5.0004203028e-02,5.0004203029e-02,5.0004203030e-02,5.0004203034e-02,5.0004203033e-02,5.0004203035e-02,5.0004203034e-02,5.0004203036e-02,5.0004203036e-02,5.0004203038e-02,5.0004203035e-02,5.0004203037e-02,5.0004203039e-02,5.0004203038e-02,5.0004203039e-02,5.0004203040e-02,5.0004203042e-02,5.0004203045e-02,5.0004203048e-02,5.0004203054e-02,5.0004203064e-02,5.0004203077e-02,5.0004203099e-02,5.0004203131e-02,5.0004203181e-02,5.0004203256e-02,5.0004203372e-02,5.0004203549e-02,5.0004203819e-02,5.0004204233e-02,5.0004204865e-02,5.0004205832e-02,5.0004207315e-02,5.0004209591e-02,5.0004213094e-02,5.0004218506e-02,5.0004226919e-02,5.0004240121e-02,5.0004261130e-02,5.0004295278e-02,5.0004352420e-02,5.0004450534e-02,5.0004517933e-02,5.0004559577e-02,5.0004583255e-02,5.0004595852e-02,5.0004602206e-02,5.0004605280e-02,5.0004606722e-02,5.0004607385e-02,5.0004607685e-02,5.0004607821e-02,5.0004607883e-02,5.0004607911e-02,5.0004607924e-02,5.0004607930e-02,5.0004607934e-02,5.0004607935e-02,5.0004607936e-02,5.0004607937e-02,5.0004607937e-02,5.0004607937e-02,5.0004607937e-02,5.0004607937e-02,5.0004607937e-02,5.0004607937e-02,5.0004607937e-02,5.0004607937e-02,5.0004607937e-02,5.0004607937e-02,5.0004607938e-02,5.0004607937e-02,5.0004607938e-02,5.0004607937e-02,5.0004607938e-02,5.0004607937e-02,5.0004607938e-02,5.0004607938e-02,5.0004607938e-02,5.0004607937e-02,5.0004607938e-02,5.0004607937e-02,5.0004607938e-02,5.0004607937e-02,5.0004607938e-02,5.0004607938e-02,5.0004607937e-02,5.0004607937e-02,5.0004607938e-02,5.0004607937e-02,5.0004607938e-02,5.0004607938e-02
6.8352987710e+02,8.6000008589e-08,8.5862485307e-08,8.5725242987e-08,8.5588282683e-08,8.5451604674e-08,8.5315208105e-08,8.5179091876e-08,8.5043256222e-08,8.4907699794e-08,8.4772422554e-08,8.4637423668e-08,8.4502702914e-08,8.4368258825e-08,8.4234091517e-08,8.4100200601e-08,8.3966584853e-08,8.3833244360e-08,8.3700177897e-08,8.3567385333e-08,8.3434865575e-08,8.3302619192e-08,8.3170646687e-08,8.2974919145e-08,8.2684997680e-08,8.2256347659e-08,8.1624332247e-08,8.0696284286e-08,7.9341835711e-08,7.7382943783e-08,7.4587905697e-08,7.0679291253e-08,6.5374943797e-08,5.8491309618e-08,5.0134905695e-08,4.0952475958e-08,3.2254541014e-08,2.5641190422e-08,2.1986150789e-08,2.0688137558e-08,2.0426844109e-08,2.0399854657e-08,2.0398532972e-08,2.0398529945e-08,2.0398557326e-08,2.0398579477e-08,2.0398592673e-08,2.0398597886e-08,2.0398599095e-08,2.0398599244e-08,2.0398599253e-08,2.0398599253e-08,2.0398599161e-08,2.0398588414e-08,2.0398111438e-08,2.0388962732e-08,2.0307152735e-08,1.9933590541e-08,1.8946357322e-08,1.7201044080e-08,1.4864549447e-08,1.3098729630e-08,4.6040161988e-08,7.2835293310e-07,7.0686166285e-06,3.7275983684e-05,1.1956066129e-04,2.6568332542e-04,4.5705179868e-04,6.6024754537e-04,8.4711658489e-04,1.0028126775e-03,1.1240148279e-03,1.2140609605e-03,1.2788542959e-03,1.3244704636e-03,1.3561124899e-03,1.3778415869e-03,1.3926621117e-03,1.4027242230e-03,1.4095345596e-03,1.4141343923e-03,1.4172368545e-03,1.4203465371e-03,1.4234633871e-03,1.4265874095e-03,1.4297186063e-03,1.4328569753e-03,1.4360025103e-03,1.4391551991e-03,1.4423150231e-03,1.4454819555e-03,1.4486559602e-03,1.4518369890e-03,1.4550249803e-03,1.4582198556e-03,1.4614215167e-03,1.4646298415e-03,1.4678446798e-03,1.4710658466e-03,1.4742931153e-03,1.4775262073e-03,1.4807647776e-03,1.4807647642e-03,1.4807647502e-03,1.4807647359e-03,1.4807647214e-03,1.4807647070e-03,1.4807646926e-03,1.4807646785e-03,1.4807646647e-03,1.4807646510e-03,1.4807646377e-03,1.4807646245e-03,1.4807646116e-03,1.4807645989e-03,1.4807645863e-03,1.4807645738e-03,1.4807645615e-03,1.4807645492e-03,1.4807645371e-03,1.4807645250e-03,1.4807645129e-03,1.4807645009e-03,1.4807644870e-03,1.4807644710e-03,1.4807644524e-03,1.4807644310e-03,1.4807644061e-03,1.4807643774e-03,1.4807643440e-03,1.4807643054e-03,1.4807642606e-03,1.4807642086e-03,1.4807641484e-03,1.4807640786e-03,1.4807639976e-03,1.4807639036e-03,1.4807637947e-03,1.4807636683e-03,1.4807635217e-03,1.4807633516e-03,1.4807631544e-03,1.4807629256e-03,1.4807626601e-03,1.4807623522e-03,1.4807619949e-03,1.4807615803e-03,1.4807610992e-03,1.4807605408e-03,1.4807598927e-03,1.4807591403e-03,1.4807582667e-03,1.4807572522e-03,1.4807560738e-03,1.4807547045e-03,1.4807531132e-03,1.4807512630e-03,1.4807491109e-03,1.4807466067e-03,1.4807436910e-03,1.4807402941e-03,1.4807363339e-03,1.4807317130e-03,1.4807263161e-03,1.4807200062e-03,1.4807126195e-03,1.4807039600e-03,1.4806937920e-03,1.4806818307e-03,1.4806677305e-03,1.4806510697e-03,1.4806313310e-03,1.4806078760e-03,1.4805799121e-03,1.4805464490e-03,1.4805062410e-03,1.4804577107e-03,1.4803988461e-03,1.4803270637e-03,1.4802390206e-03,1.4801303610e-03,1.4799953664e-03,1.4798264723e-03,1.4796135959e-03,1.4793431914e-03,1.4789969128e-03,1.4785497033e-03,1.4779670404e-03,1.4772009196e-03,1.4761839386e-03,1.4748204795e-03,1.4729734086e-03,1.4704437608e-03,1.4669393190e-03,1.4620254186e-03,1.4550470728e-03,1.4450046831e-03,1.4303551681e-03,1.4086966365e-03,1.3762851406e-03,1.3273613624e-03,1.2534586018e-03,1.1435884291e-03,1.0317404483e-03,9.2740010449e-04,8.3601115063e-04,7.5940731808e-04,6.9706905681e-04,6.4731491224e-04,6.0810062230e-04,5.7744602687e-04,5.5361516506e-04,5.3516254318e-04,5.2091811495e-04,5.0994994825e-04,5.0152287960e-04,4.9506056206e-04,4.9011318307e-04,4.8633096985e-04,4.8344283035e-04,4.8123929865e-04,4.7955899766e-04,4.7827794143e-04,4.7730111564e-04,4.7655587772e-04,4.7598680428e-04,4.7555168500e-04,4.7521842015e-04,4.7496262729e-04,4.7476580141e-04,4.7461390537e-04,4.7449629302e-04,4.7440488871e-04,4.7433356357e-04,4.7427766221e-04,4.7423364419e-04,4.7419881281e-04,4.7417111002e-04,4.7414896154e-04,4.7413115994e-04,4.7411677631e-04,4.7410509354e-04,4.7409555597e-04,4.7408773123e-04,4.7408128138e-04,4.7407594109e-04,4.7407150093e-04,4.7406779480e-04,4.7406469025e-04,4.7406208106e-04,4.7405988166e-04,4.7405802266e-04,4.7405644759e-04,4.7405511017e-04,4.7405397236e-04,4.7405300271e-04,4.7405217512e-04,4.7405146784e-04,4.7405086267e-04,4.7405034434e-04,4.7404989999e-04,4.7404951876e-04,4.7404919146e-04,4.7404891031e-04,4.7404866866e-04,4.7404846087e-04,4.7404828214e-04,4.7404812834e-04,4.7404799596e-04,4.7404788199e-04,4.7404778384e-04,4.7404769931e-04,4.7404762648e-04,4.7404756373e-04,4.7404750964e-04,4.7404746301e-04,4.7404742280e-04,4.7404738811e-04,4.7404735815e-04,4.7404733229e-04,4.7404730995e-04,4.7404729063e-04,4.7404727393e-04,4.7404725718e-04,4.7404724037e-04,4.7404722347e-04,4.7404720647e-04,4.7404718934e-04,4.7404717204e-04,4.7404715454e-04,4.7404713676e-04,4.7404711867e-04,4.7404710012e-04,4.7404708105e-04,4.7404706128e-04,4.7404704056e-04,4.7404701863e-04,4.7404699506e-04,4.7404696924e-04,4.7404694026e-04,4.7404690665e-04,4.7404686590e-04,5.0003644615e-02,5.0003644627e-02,5.0003644637e-02,5.0003644647e-02,5.0003644656e-02,5.0003644662e-02,5.0003644671e-02,5.0003644675e-02,5.0003644678e-02,5.0003644682e-02,5.0003644685e-02,5.0003644689e-02,5.0003644689e-02,5.0003644690e-02,5.0003644690e-02,5.0003644694e-02,5.0003644692e-02,5.0003644694e-02,5.0003644695e-02,5.0003644696e-02,5.0003644695e-02,5.0003644697e-02,5.0003644696e-02,5.0003644696e-02,5.0003644697e-02,5.0003644698e-02,5.0003644700e-02,5.0003644702e-02,5.0003644705e-02,5.0003644710e-02,5.0003644717e-02,5.0003644729e-02,5.0003644747e-02,5.0003644773e-02,5.0003644814e-02,5.0003644877e-02,5.0003644973e-02,5.0003645119e-02,5.0003645343e-02,5.0003645685e-02,5.0003646208e-02,5.0003647009e-02,5.0003648236e-02,5.0003650119e-02,5.0003653019e-02,5.0003657499e-02,5.0003664466e-02,5.0003675403e-02,5.0003692817e-02,5.0003721147e-02,5.0003768616e-02,5.0003850292e-02,5.0003906492e-02,5.0003941249e-02,5.0003961020e-02,5.0003971542e-02,5.0003976849e-02,5.0003979417e-02,5.0003980622e-02,5.0003981176e-02,5.0003981427e-02,5.0003981540e-02,5.0003981591e-02,5.0003981615e-02,5.0003981626e-02,5.0003981631e-02,5.0003981634e-02,5.0003981635e-02,5.0003981636e-02,5.0003981637e-02,5.0003981637e-02,5.0003981637e-02,5.0003981637e-02,5.0003981637e-02,5.0003981637e-02,5.0003981637e-02,5.0003981637e-02,5.0003981637e-02,5.0003981637e-02,5.0003981637e-02,5.0003981637e-02,5.0003981637e-02,5.0003981637e-02,5.0003981637e-02,5.0003981637e-02,5.0003981637e-02,5.0003981637e-02,5.0003981637e-02,5.0003981637e-02,5.0003981637e-02,5.0003981637e-02,5.0003981637e-02,5.0003981637e-02,5.0003981637e-02,5.0003981637e-02,5.0003981637e-02,5.0003981637e-02,5.0003981637e-02,5.0003981637e-02,5.0003981637e-02,5.0003981637e-02,5.0003981637e-02
7.3555425331e+02,8.6000011523e-08,8.5862485140e-08,8.5725242687e-08,8.5588282748e-08,8.5451604748e-08,8.5315208156e-08,8.5179092065e-08,8.5043256163e-08,8.4907699738e-08,8.4772422459e-08,8.4637423958e-08,8.4502702710e-08,8.4368258681e-08,8.4234091852e-08,8.4100200523e-08,8.3966584910e-08,8.3833244110e-08,8.3700177790e-08,8.3567385127e-08,8.3434865913e-08,8.3302618886e-08,8.3170646981e-08,8.2974919084e-08,8.2684997726e-08,8.2256347613e-08,8.1624332238e-08,8.0696284315e-08,7.9341835680e-08,7.7382943770e-08,7.4587905693e-08,7.0679291252e-08,6.5374943787e-08,5.8491309613e-08,5.0134905689e-08,4.0952475950e-08,3.2254541013e-08,2.5641190428e-08,2.1986150795e-08,2.0688137556e-08,2.0426844108e-08,2.0399854657e-08,2.0398532974e-08,2.0398529943e-08,2.0398557325e-08,2.0398579478e-08,2.0398592673e-08,2.0398597886e-08,2.0398599095e-08,2.0398599244e-08,2.0398599253e-08,2.0398599253e-08,2.0398599161e-08,2.0398588414e-08,2.0398111398e-08,2.0388961939e-08,2.0307145231e-08,1.9933552238e-08,1.8946236138e-08,1.7200770049e-08,1.4864012084e-08,1.3095143408e-08,4.5919019995e-08,7.2596826765e-07,7.0452375256e-06,3.7152366352e-05,1.1916240671e-04,2.6479149975e-04,4.5550169848e-04,6.5798313030e-04,8.4418075186e-04,9.9930645662e-04,1.1200574809e-03,1.2097643325e-03,1.2743113248e-03,1.3197529365e-03,1.3512733301e-03,1.3729186371e-03,1.3876818892e-03,1.3977050594e-03,1.4044890133e-03,1.4090710147e-03,1.4121614448e-03,1.4152590629e-03,1.4183638163e-03,1.4214757099e-03,1.4245947456e-03,1.4277209214e-03,1.4308542309e-03,1.4339946620e-03,1.4371421964e-03,1.4402968072e-03,1.4434584585e-03,1.4466271025e-03,1.4498026777e-03,1.4529851061e-03,1.4561742899e-03,1.4593701079e-03,1.4625724102e-03,1.4657810129e-03,1.4689956907e-03,1.4722161656e-03,1.4754420948e-03,1.4754420817e-03,1.4754420708e-03,1.4754420601e-03,1.4754420482e-03,1.4754420364e-03,1.4754420249e-03,1.4754420135e-03,1.4754420027e-03,1.4754419913e-03,1.4754419796e-03,1.4754419684e-03,1.4754419575e-03,1.4754419481e-03,1.4754419366e-03,1.4754419266e-03,1.4754419154e-03,1.4754419068e-03,1.4754418952e-03,1.4754418862e-03,1.4754418776e-03,1.4754418671e-03,1.4754418549e-03,1.4754418415e-03,1.4754418269e-03,1.4754418090e-03,1.4754417886e-03,1.4754417648e-03,1.4754417373e-03,1.4754417055e-03,1.4754416685e-03,1.4754416257e-03,1.4754415761e-03,1.4754415185e-03,1.4754414517e-03,1.4754413743e-03,1.4754412847e-03,1.4754411851e-03,1.4754410549e-03,1.4754409196e-03,1.4754407566e-03,1.4754405682e-03,1.4754403492e-03,1.4754400955e-03,1.4754398009e-03,1.4754394592e-03,1.4754390627e-03,1.4754386024e-03,1.4754380682e-03,1.4754374480e-03,1.4754367280e-03,1.4754358917e-03,1.4754349203e-03,1.4754337917e-03,1.4754324800e-03,1.4754309549e-03,1.4754291810e-03,1.4754271168e-03,1.4754247135e-03,1.4754219135e-03,1.4754186491e-03,1.4754148402e-03,1.4754103917e-03,1.4754051904e-03,1.4753991016e-03,1.4753919636e-03,1.4753835822e-03,1.4753737225e-03,1.4753620997e-03,1.4753483660e-03,1.4753320952e-03,1.4753127608e-03,1.4752897095e-03,1.4752621251e-03,1.4752289804e-03,1.4751889752e-03,1.4751404510e-03,1.4750812779e-03,1.4750087006e-03,1.4749191284e-03,1.4748078476e-03,1.4746686233e-03,1.4744931449e-03,1.4742702478e-03,1.4739848115e-03,1.4736161847e-03,1.4731359143e-03,1.4725044335e-03,1.4716661812e-03,1.4705423240e-03,1.4690197633e-03,1.4669343251e-03,1.4640446999e-03,1.4599915182e-03,1.4542322503e-03,1.4459365604e-03,1.4338169301e-03,1.4158549379e-03,1.3888672041e-03,1.3478565696e-03,1.2851968204e-03,1.1901850781e-03,1.0906514414e-03,9.9480834389e-04,9.0812123165e-04,8.3320841496e-04,7.7054217814e-04,7.1930947734e-04,6.7809712624e-04,6.4532769488e-04,6.1949328068e-04,5.9925882588e-04,5.8349248224e-04,5.7125984279e-04,5.6180280415e-04,5.5451374932e-04,5.4891010252e-04,5.4461137768e-04,5.4131940401e-04,5.3880174564e-04,5.3687804778e-04,5.3540894025e-04,5.3428711381e-04,5.3343020677e-04,5.3277517845e-04,5.3227388881e-04,5.3188964692e-04,5.3159453057e-04,5.3136731466e-04,5.3119187704e-04,5.3105597627e-04,5.3095031750e-04,5.3086784065e-04,5.3080317915e-04,5.3075224914e-04,5.3071193833e-04,5.3067987036e-04,5.3065422673e-04,5.3063361217e-04,5.3061695291e-04,5.3060341979e-04,5.3059237012e-04,5.3058330371e-04,5.3057582954e-04,5.3056964051e-04,5.3056449422e-04,5.3056019835e-04,5.3055659951e-04,5.3055357472e-04,5.3055102483e-04,5.3054886950e-04,5.3054704326e-04,5.3054549251e-04,5.3054417317e-04,5.3054304878e-04,5.3054208910e-04,5.3054126891e-04,5.3054056711e-04,5.3053996601e-04,5.3053945070e-04,5.3053900858e-04,5.3053862901e-04,5.3053830294e-04,5.3053802269e-04,5.3053778171e-04,5.3053757442e-04,5.3053739598e-04,5.3053724254e-04,5.3053711033e-04,5.3053699655e-04,5.3053689847e-04,5.3053681404e-04,5.3053674148e-04,5.3053667629e-04,5.3053662496e-04,5.3053657575e-04,5.3053653019e-04,5.3053649968e-04,5.3053647665e-04,5.3053644497e-04,5.3053642475e-04,5.3053640667e-04,5.3053638171e-04,5.3053635967e-04,5.3053633793e-04,5.3053631886e-04,5.3053630047e-04,5.3053628290e-04,5.3053626022e-04,5.3053624122e-04,5.3053621823e-04,5.3053620022e-04,5.3053618402e-04,5.3053616140e-04,5.3053614752e-04,5.3053614174e-04,5.3053614259e-04,5.3053615234e-04,5.3053620209e-04,5.3053631153e-04,5.3053658179e-04,5.0003168425e-02,5.0003164081e-02,5.0003165048e-02,5.0003165949e-02,5.0003166708e-02,5.0003167288e-02,5.0003167712e-02,5.0003167999e-02,5.0003168193e-02,5.0003168316e-02,5.0003168396e-02,5.0003168445e-02,5.0003168476e-02,5.0003168492e-02,5.0003168504e-02,5.0003168509e-02,5.0003168513e-02,5.0003168518e-02,5.0003168517e-02,5.0003168516e-02,5.0003168519e-02,5.0003168520e-02,5.0003168519e-02,5.0003168519e-02,5.0003168520e-02,5.0003168520e-02,5.0003168522e-02,5.0003168523e-02,5.0003168526e-02,5.0003168530e-02,5.0003168536e-02,5.0003168545e-02,5.0003168559e-02,5.0003168580e-02,5.0003168612e-02,5.0003168662e-02,5.0003168737e-02,5.0003168853e-02,5.0003169029e-02,5.0003169299e-02,5.0003169712e-02,5.0003170344e-02,5.0003171313e-02,5.0003172801e-02,5.0003175090e-02,5.0003178630e-02,5.0003184135e-02,5.0003192780e-02,5.0003206558e-02,5.0003228996e-02,5.0003266657e-02,5.0003331628e-02,5.0003376429e-02,5.0003404169e-02,5.0003419959e-02,5.0003428364e-02,5.0003432604e-02,5.0003434656e-02,5.0003435619e-02,5.0003436061e-02,5.0003436262e-02,5.0003436352e-02,5.0003436394e-02,5.0003436412e-02,5.0003436421e-02,5.0003436425e-02,5.0003436428e-02,5.0003436429e-02,5.0003436429e-02,5.0003436430e-02,5.0003436430e-02,5.0003436430e-02,5.0003436430e-02,5.0003436430e-02,5.0003436430e-02,5.0003436430e-02,5.0003436430e-02,5.0003436430e-02,5.0003436430e-02,5.0003436430e-02,5.0003436430e-02,5.0003436430e-02,5.0003436430e-02,5.0003436430e-02,5.0003436430e-02,5.0003436430e-02,5.0003436430e-02,5.0003436430e-02,5.0003436430e-02,5.0003436430e-02,5.0003436430e-02,5.0003436430e-02,5.0003436430e-02,5.0003436430e-02,5.0003436430e-02,5.0003436430e-02,5.0003436430e-02,5.0003436430e-02,5.0003436430e-02,5.0003436430e-02,5.0003436430e-02,5.0003436430e-02
7.9153827461e+02,8.6000010765e-08,8.5862485385e-08,8.5725242814e-08,8.5588282629e-08,8.5451604814e-08,8.5315207925e-08,8.5179091896e-08,8.5043256184e-08,8.4907699959e-08,8.4772422679e-08,8.4637423816e-08,8.4502702479e-08,8.4368259079e-08,8.4234091418e-08,8.4100200711e-08,8.3966585092e-08,8.3833243992e-08,8.3700177787e-08,8.3567385330e-08,8.3434865833e-08,8.3302619003e-08,8.3170646815e-08,8.2974919180e-08,8.2684997645e-08,8.2256347611e-08,8.1624332305e-08,8.0696284286e-08,7.9341835707e-08,7.7382943774e-08,7.4587905696e-08,7.0679291264e-08,6.5374943789e-08,5.8491309621e-08,5.0134905694e-08,4.0952475956e-08,3.2254541011e-08,2.5641190419e-08,2.1986150792e-08,2.0688137559e-08,2.0426844109e-08,2.0399854656e-08,2.0398532974e-08,2.0398529946e-08,2.0398557324e-08,2.0398579478e-08,2.0398592672e-08,2.0398597886e-08,2.0398599095e-08,2.0398599244e-08,2.0398599253e-08,2.0398599253e-08,2.0398599161e-08,2.0398588413e-08,2.0398111363e-08,2.0388961245e-08,2.0307138653e-08,1.9933518661e-08,1.8946129905e-08,1.7200530010e-08,1.4863577217e-08,1.3091923437e-08,4.5811880670e-08,7.2385915215e-07,7.0245601060e-06,3.7043036272e-05,1.1881019266e-04,2.6400281648e-04,4.5413096879e-04,6.5598089757e-04,8.4158503153e-04,9.9620662365e-04,1.1165589867e-03,1.2059660430e-03,1.2702953767e-03,1.3155827658e-03,1.3469956990e-03,1.3685669811e-03,1.3832796358e-03,1.3932684040e-03,1.4000290507e-03,1.4045952996e-03,1.4076751003e-03,1.4107620604e-03,1.4138561275e-03,1.4169573064e-03,1.4200655988e-03,1.4231810030e-03,1.4263035125e-03,1.4294331152e-03,1.4325697928e-03,1.4357135188e-03,1.4388642572e-03,1.4420219605e-03,1.4451865675e-03,1.4483580004e-03,1.4515361621e-03,1.4547209316e-03,1.4579121598e-03,1.4611096638e-03,1.4643132187e-03,1.4675225484e-03,1.4707373107e-03,1.4707373016e-03,1.4707372922e-03,1.4707372826e-03,1.4707372730e-03,1.4707372635e-03,1.4707372534e-03,1.4707372440e-03,1.4707372351e-03,1.4707372258e-03,1.4707372158e-03,1.4707372073e-03,1.4707371985e-03,1.4707371892e-03,1.4707371812e-03,1.4707371738e-03,1.4707371645e-03,1.4707371565e-03,1.4707371478e-03,1.4707371402e-03,1.4707371321e-03,1.4707371236e-03,1.4707371143e-03,1.4707371038e-03,1.4707370912e-03,1.4707370768e-03,1.4707370601e-03,1.4707370408e-03,1.4707370182e-03,1.4707369921e-03,1.4707369619e-03,1.4707369268e-03,1.4707368862e-03,1.4707368391e-03,1.4707367844e-03,1.4707367211e-03,1.4707366477e-03,1.4707365627e-03,1.4707364635e-03,1.4707363488e-03,1.4707362160e-03,1.4707360615e-03,1.4707358825e-03,1.4707356750e-03,1.4707354339e-03,1.4707351544e-03,1.4707348299e-03,1.4707344534e-03,1.4707340163e-03,1.4707335089e-03,1.4707329198e-03,1.4707322357e-03,1.4707314409e-03,1.4707305176e-03,1.4707294444e-03,1.4707281967e-03,1.4707267454e-03,1.4707250566e-03,1.4707230903e-03,1.4707207996e-03,1.4707181289e-03,1.4707150126e-03,1.4707113730e-03,1.4707071176e-03,1.4707021361e-03,1.4706962961e-03,1.4706894388e-03,1.4706813719e-03,1.4706718625e-03,1.4706606261e-03,1.4706473136e-03,1.4706314946e-03,1.4706126345e-03,1.4705900650e-03,1.4705629462e-03,1.4705302138e-03,1.4704905110e-03,1.4704420950e-03,1.4703827111e-03,1.4703094218e-03,1.4702183701e-03,1.4701044548e-03,1.4699608767e-03,1.4697785015e-03,1.4695449588e-03,1.4692433533e-03,1.4688504064e-03,1.4683337455e-03,1.4676479094e-03,1.4667283767e-03,1.4654825639e-03,1.4637760137e-03,1.4614109605e-03,1.4580925741e-03,1.4533750523e-03,1.4465744429e-03,1.4366262264e-03,1.4218516743e-03,1.3995776255e-03,1.3655392341e-03,1.3130359133e-03,1.2321081608e-03,1.1452584820e-03,1.0593352283e-03,9.7942379662e-04,9.0848264440e-04,8.4765229219e-04,7.9681818579e-04,7.5514567840e-04,7.2147540675e-04,6.9457280035e-04,6.7326594188e-04,6.5651035360e-04,6.4341067593e-04,6.3321908273e-04,6.2532242778e-04,6.1922493363e-04,6.1453008555e-04,6.1092357274e-04,6.0815809850e-04,6.0604032437e-04,6.0441991961e-04,6.0318054250e-04,6.0223251846e-04,6.0150696501e-04,6.0095112378e-04,6.0052468231e-04,6.0019689670e-04,5.9994435436e-04,5.9974924394e-04,5.9959802335e-04,5.9948039841e-04,5.9938854225e-04,5.9931650037e-04,5.9925973815e-04,5.9921479750e-04,5.9917903657e-04,5.9915043268e-04,5.9912743320e-04,5.9910884277e-04,5.9909373803e-04,5.9908140305e-04,5.9907128046e-04,5.9906293443e-04,5.9905602258e-04,5.9905027460e-04,5.9904547597e-04,5.9904145559e-04,5.9903807622e-04,5.9903522722e-04,5.9903281891e-04,5.9903077819e-04,5.9902904524e-04,5.9902757082e-04,5.9902631422e-04,5.9902524166e-04,5.9902432497e-04,5.9902354058e-04,5.9902286873e-04,5.9902229274e-04,5.9902179857e-04,5.9902137430e-04,5.9902100980e-04,5.9902069657e-04,5.9902042721e-04,5.9902019545e-04,5.9901999613e-04,5.9901982438e-04,5.9901967662e-04,5.9901954921e-04,5.9901943941e-04,5.9901934451e-04,5.9901926176e-04,5.9901919649e-04,5.9901913662e-04,5.9901907518e-04,5.9901902729e-04,5.9901899444e-04,5.9901896554e-04,5.9901893448e-04,5.9901890362e-04,5.9901886959e-04,5.9901886145e-04,5.9901883340e-04,5.9901881553e-04,5.9901879566e-04,5.9901876798e-04,5.9901874856e-04,5.9901871967e-04,5.9901870491e-04,5.9901867495e-04,5.9901865885e-04,5.9901864511e-04,5.9901863073e-04,5.9901861139e-04,5.9901862431e-04,5.9901863464e-04,5.9901868916e-04,5.9901879631e-04,5.9901902879e-04,5.9901957497e-04,5.0002786275e-02,5.0002778204e-02,5.0002779975e-02,5.0002781645e-02,5.0002783038e-02,5.0002784113e-02,5.0002784889e-02,5.0002785420e-02,5.0002785780e-02,5.0002786010e-02,5.0002786158e-02,5.0002786245e-02,5.0002786302e-02,5.0002786331e-02,5.0002786354e-02,5.0002786366e-02,5.0002786371e-02,5.0002786377e-02,5.0002786378e-02,5.0002786378e-02,5.0002786378e-02,5.0002786381e-02,5.0002786380e-02,5.0002786381e-02,5.0002786381e-02,5.0002786381e-02,5.0002786382e-02,5.0002786383e-02,5.0002786385e-02,5.0002786388e-02,5.0002786393e-02,5.0002786399e-02,5.0002786410e-02,5.0002786425e-02,5.0002786449e-02,5.0002786486e-02,5.0002786542e-02,5.0002786628e-02,5.0002786759e-02,5.0002786959e-02,5.0002787265e-02,5.0002787734e-02,5.0002788453e-02,5.0002789556e-02,5.0002791255e-02,5.0002793882e-02,5.0002797970e-02,5.0002804393e-02,5.0002814640e-02,5.0002831353e-02,5.0002859467e-02,5.0002908138e-02,5.0002941793e-02,5.0002962663e-02,5.0002974552e-02,5.0002980884e-02,5.0002984079e-02,5.0002985625e-02,5.0002986350e-02,5.0002986684e-02,5.0002986835e-02,5.0002986903e-02,5.0002986934e-02,5.0002986948e-02,5.0002986955e-02,5.0002986958e-02,5.0002986960e-02,5.0002986960e-02,5.0002986961e-02,5.0002986961e-02,5.0002986961e-02,5.0002986961e-02,5.0002986962e-02,5.0002986962e-02,5.0002986962e-02,5.0002986962e-02,5.0002986962e-02,5.0002986962e-02,5.0002986962e-02,5.0002986962e-02,5.0002986961e-02,5.0002986962e-02,5.0002986962e-02,5.0002986961e-02,5.0002986962e-02,5.0002986961e-02,5.0002986962e-02,5.0002986961e-02,5.0002986962e-02,5.0002986962e-02,5.0002986961e-02,5.0002986962e-02,5.0002986962e-02,5.0002986962e-02,5.0002986961e-02,5.0002986962e-02,5.0002986962e-02,5.0002986962e-02,5.0002986962e-02,5.0002986961e-02,5.0002986962e-02,5.0002986962e-02
8.5178331489e+02,8.6000011496e-08,8.5862485136e-08,8.5725242955e-08,8.5588282761e-08,8.5451604796e-08,8.5315207934e-08,8.5179091825e-08,8.5043256007e-08,8.4907700001e-08,8.4772422594e-08,8.4637423828e-08,8.4502702458e-08,8.4368258949e-08,8.4234091786e-08,8.4100200422e-08,8.3966584985e-08,8.3833244316e-08,8.3700177586e-08,8.3567385510e-08,8.3434865502e-08,8.3302619265e-08,8.3170646678e-08,8.2974919139e-08,8.2684997648e-08,8.2256347644e-08,8.1624332272e-08,8.0696284288e-08,7.9341835688e-08,7.7382943760e-08,7.4587905679e-08,7.0679291260e-08,6.5374943785e-08,5.8491309612e-08,5.0134905688e-08,4.0952475954e-08,3.2254541012e-08,2.5641190426e-08,2.1986150794e-08,2.0688137556e-08,2.0426844105e-08,2.0399854657e-08,2.0398532974e-08,2.0398529946e-08,2.0398557324e-08,2.0398579478e-08,2.0398592672e-08,2.0398597886e-08,2.0398599095e-08,2.0398599244e-08,2.0398599253e-08,2.0398599253e-08,2.0398599161e-08,2.0398588412e-08,2.0398111332e-08,2.0388960642e-08,2.0307132932e-08,1.9933489451e-08,1.8946037485e-08,1.7200321020e-08,1.4863164716e-08,1.3089154330e-08,4.5717908932e-08,7.2200911438e-07,7.0064228022e-06,3.6947138481e-05,1.1850126066e-04,2.6331108372e-04,4.5292881369e-04,6.5422502232e-04,8.3930883978e-04,9.9348852621e-04,1.1134914589e-03,1.2026357631e-03,1.2667743443e-03,1.3119265811e-03,1.3432453449e-03,1.3647517589e-03,1.3794200759e-03,1.3893786984e-03,1.3961189218e-03,1.4006713672e-03,1.4037418538e-03,1.4068194748e-03,1.4099041778e-03,1.4129959678e-03,1.4160948465e-03,1.4192008121e-03,1.4223138579e-03,1.4254339724e-03,1.4285611368e-03,1.4316953250e-03,1.4348365011e-03,1.4379846177e-03,1.4411396139e-03,1.4443014123e-03,1.4474699159e-03,1.4506450044e-03,1.4538265293e-03,1.4570143081e-03,1.4602081171e-03,1.4634076809e-03,1.4666126586e-03,1.4666126515e-03,1.4666126435e-03,1.4666126360e-03,1.4666126280e-03,1.4666126198e-03,1.4666126117e-03,1.4666126034e-03,1.4666125963e-03,1.4666125894e-03,1.4666125820e-03,1.4666125745e-03,1.4666125677e-03,1.4666125595e-03,1.4666125539e-03,1.4666125469e-03,1.4666125399e-03,1.4666125345e-03,1.4666125276e-03,1.4666125193e-03,1.4666125127e-03,1.4666125076e-03,1.4666124978e-03,1.4666124907e-03,1.4666124805e-03,1.4666124687e-03,1.4666124550e-03,1.4666124393e-03,1.4666124210e-03,1.4666123998e-03,1.4666123753e-03,1.4666123469e-03,1.4666123140e-03,1.4666122758e-03,1.4666122314e-03,1.4666121801e-03,1.4666121204e-03,1.4666120512e-03,1.4666119741e-03,1.4666118754e-03,1.4666117705e-03,1.4666116446e-03,1.4666114996e-03,1.4666113311e-03,1.4666111356e-03,1.4666109087e-03,1.4666106455e-03,1.4666103399e-03,1.4666099853e-03,1.4666095736e-03,1.4666090955e-03,1.4666085404e-03,1.4666078955e-03,1.4666071463e-03,1.4666062755e-03,1.4666052630e-03,1.4666040854e-03,1.4666027150e-03,1.4666011195e-03,1.4665992607e-03,1.4665970936e-03,1.4665945649e-03,1.4665916116e-03,1.4665881585e-03,1.4665841162e-03,1.4665793774e-03,1.4665738129e-03,1.4665672670e-03,1.4665595504e-03,1.4665504324e-03,1.4665396296e-03,1.4665267928e-03,1.4665114880e-03,1.4664931732e-03,1.4664711663e-03,1.4664446040e-03,1.4664123848e-03,1.4663730946e-03,1.4663249037e-03,1.4662654281e-03,1.4661915378e-03,1.4660990934e-03,1.4659825773e-03,1.4658345775e-03,1.4656450556e-03,1.4654003021e-03,1.4650814268e-03,1.4646621592e-03,1.4641056020e-03,1.4633593861e-03,1.4623483408e-03,1.4609632576e-03,1.4590434137e-03,1.4563489894e-03,1.4525168760e-03,1.4469888590e-03,1.4388934191e-03,1.4268495186e-03,1.4086409298e-03,1.3806860354e-03,1.3372296481e-03,1.2693449860e-03,1.1950327323e-03,1.1198422884e-03,1.0482531205e-03,9.8322143478e-04,9.2624646213e-04,8.7770210236e-04,8.3722317431e-04,8.0403341599e-04,7.7718080445e-04,7.5568717137e-04,7.3863311413e-04,7.2519938511e-04,7.1468132780e-04,7.0648783913e-04,7.0013225426e-04,6.9521967767e-04,6.9143339853e-04,6.8852183972e-04,6.8628676271e-04,6.8457301718e-04,6.8325987509e-04,6.8225385375e-04,6.8148286734e-04,6.8089152259e-04,6.8043737552e-04,6.8008797933e-04,6.7981857418e-04,6.7961029070e-04,6.7944876072e-04,6.7932304786e-04,6.7922482759e-04,6.7914776057e-04,6.7908701500e-04,6.7903890339e-04,6.7900060681e-04,6.7896996570e-04,6.7894532154e-04,6.7892539685e-04,6.7890920442e-04,6.7889597852e-04,6.7888512281e-04,6.7887617083e-04,6.7886875604e-04,6.7886258897e-04,6.7885743984e-04,6.7885312534e-04,6.7884949840e-04,6.7884644041e-04,6.7884385523e-04,6.7884166451e-04,6.7883980406e-04,6.7883822108e-04,6.7883687190e-04,6.7883572026e-04,6.7883473596e-04,6.7883389369e-04,6.7883317224e-04,6.7883255373e-04,6.7883202304e-04,6.7883156741e-04,6.7883117599e-04,6.7883083965e-04,6.7883055021e-04,6.7883030153e-04,6.7883008742e-04,6.7882990309e-04,6.7882974429e-04,6.7882960816e-04,6.7882949106e-04,6.7882939112e-04,6.7882930629e-04,6.7882920999e-04,6.7882915439e-04,6.7882910681e-04,6.7882904704e-04,6.7882900561e-04,6.7882897739e-04,6.7882893746e-04,6.7882890017e-04,6.7882888838e-04,6.7882887652e-04,6.7882883458e-04,6.7882882149e-04,6.7882879214e-04,6.7882875901e-04,6.7882874323e-04,6.7882871208e-04,6.7882868806e-04,6.7882866566e-04,6.7882865613e-04,6.7882863895e-04,6.7882863837e-04,6.7882863310e-04,6.7882863629e-04,6.7882867842e-04,6.7882877143e-04,6.7882896599e-04,6.7882936496e-04,6.7883025811e-04,5.0002504287e-02,5.0002491345e-02,5.0002494175e-02,5.0002496831e-02,5.0002499048e-02,5.0002500767e-02,5.0002502003e-02,5.0002502865e-02,5.0002503439e-02,5.0002503807e-02,5.0002504042e-02,5.0002504185e-02,5.0002504271e-02,5.0002504326e-02,5.0002504355e-02,5.0002504375e-02,5.0002504388e-02,5.0002504394e-02,5.0002504396e-02,5.0002504398e-02,5.0002504399e-02,5.0002504399e-02,5.0002504401e-02,5.0002504401e-02,5.0002504401e-02,5.0002504401e-02,5.0002504402e-02,5.0002504402e-02,5.0002504404e-02,5.0002504406e-02,5.0002504409e-02,5.0002504413e-02,5.0002504420e-02,5.0002504431e-02,5.0002504447e-02,5.0002504472e-02,5.0002504510e-02,5.0002504569e-02,5.0002504658e-02,5.0002504794e-02,5.0002505002e-02,5.0002505321e-02,5.0002505810e-02,5.0002506561e-02,5.0002507717e-02,5.0002509506e-02,5.0002512291e-02,5.0002516671e-02,5.0002523668e-02,5.0002535104e-02,5.0002554404e-02,5.0002587979e-02,5.0002611285e-02,5.0002625769e-02,5.0002634029e-02,5.0002638430e-02,5.0002640652e-02,5.0002641727e-02,5.0002642232e-02,5.0002642464e-02,5.0002642569e-02,5.0002642616e-02,5.0002642638e-02,5.0002642648e-02,5.0002642652e-02,5.0002642654e-02,5.0002642656e-02,5.0002642656e-02,5.0002642656e-02,5.0002642657e-02,5.0002642657e-02,5.0002642657e-02,5.0002642657e-02,5.0002642657e-02,5.0002642657e-02,5.0002642657e-02,5.0002642657e-02,5.0002642657e-02,5.0002642657e-02,5.0002642657e-02,5.0002642657e-02,5.0002642657e-02,5.0002642657e-02,5.0002642657e-02,5.0002642657e-02,5.0002642657e-02,5.0002642657e-02,5.0002642657e-02,5.0002642657e-02,5.0002642657e-02,5.0002642657e-02,5.0002642657e-02,5.0002642657e-02,5.0002642657e-02,5.0002642657e-02,5.0002642657e-02,5.0002642657e-02,5.0002642657e-02,5.0002642657e-02,5.0002642657e-02,5.0002642657e-02,5.0002642657e-02
9.1661368604e+02,8.6000011873e-08,8.5862484994e-08,8.5725243081e-08,8.5588282543e-08,8.5451604792e-08,8.5315208086e-08,8.5179092015e-08,8.5043256027e-08,8.4907699869e-08,8.4772422538e-08,8.4637423727e-08,8.4502702560e-08,8.4368259163e-08,8.4234091414e-08,8.4100200559e-08,8.3966584943e-08,8.3833244166e-08,8.3700178110e-08,8.3567385211e-08,8.3434865617e-08,8.3302619018e-08,8.3170646719e-08,8.2974919113e-08,8.2684997766e-08,8.2256347585e-08,8.1624332227e-08,8.0696284306e-08,7.9341835700e-08,7.7382943766e-08,7.4587905690e-08,7.0679291255e-08,6.5374943781e-08,5.8491309615e-08,5.0134905687e-08,4.0952475948e-08,3.2254541008e-08,2.5641190423e-08,2.1986150793e-08,2.0688137560e-08,2.0426844107e-08,2.0399854654e-08,2.0398532974e-08,2.0398529946e-08,2.0398557325e-08,2.0398579477e-08,2.0398592672e-08,2.0398597886e-08,2.0398599095e-08,2.0398599244e-08,2.0398599253e-08,2.0398599253e-08,2.0398599161e-08,2.0398588412e-08,2.0398111306e-08,2.0388960121e-08,2.0307127994e-08,1.9933464246e-08,1.8945957738e-08,1.7200140737e-08,1.4862819360e-08,1.3086735225e-08,4.5636238084e-08,7.2040117935e-07,6.9906591341e-06,3.6863792094e-05,1.1823276949e-04,2.6270992720e-04,4.5188412677e-04,6.5269923672e-04,8.3733103176e-04,9.9112685645e-04,1.1108262838e-03,1.1997423851e-03,1.2637153047e-03,1.3087501712e-03,1.3399871577e-03,1.3614372410e-03,1.3760670561e-03,1.3859995011e-03,1.3927219895e-03,1.3972624486e-03,1.4003248471e-03,1.4033943584e-03,1.4064709302e-03,1.4095545673e-03,1.4126452715e-03,1.4157430410e-03,1.4188478693e-03,1.4219597445e-03,1.4250786483e-03,1.4282045544e-03,1.4313374271e-03,1.4344772193e-03,1.4376238701e-03,1.4407773024e-03,1.4439374197e-03,1.4471041019e-03,1.4502772010e-03,1.4534565352e-03,1.4566418815e-03,1.4598329653e-03,1.4630294468e-03,1.4630294409e-03,1.4630294347e-03,1.4630294283e-03,1.4630294219e-03,1.4630294155e-03,1.4630294092e-03,1.4630294030e-03,1.4630293969e-03,1.4630293908e-03,1.4630293849e-03,1.4630293792e-03,1.4630293735e-03,1.4630293679e-03,1.4630293623e-03,1.4630293569e-03,1.4630293514e-03,1.4630293460e-03,1.4630293407e-03,1.4630293353e-03,1.4630293300e-03,1.4630293248e-03,1.4630293186e-03,1.4630293116e-03,1.4630293034e-03,1.4630292940e-03,1.4630292830e-03,1.4630292704e-03,1.4630292557e-03,1.4630292387e-03,1.4630292190e-03,1.4630291962e-03,1.4630291696e-03,1.4630291389e-03,1.4630291033e-03,1.4630290619e-03,1.4630290140e-03,1.4630289584e-03,1.4630288939e-03,1.4630288191e-03,1.4630287323e-03,1.4630286316e-03,1.4630285148e-03,1.4630283794e-03,1.4630282222e-03,1.4630280397e-03,1.4630278281e-03,1.4630275824e-03,1.4630272972e-03,1.4630269662e-03,1.4630265818e-03,1.4630261355e-03,1.4630256170e-03,1.4630250145e-03,1.4630243143e-03,1.4630235003e-03,1.4630225534e-03,1.4630214515e-03,1.4630201687e-03,1.4630186741e-03,1.4630169315e-03,1.4630148983e-03,1.4630125237e-03,1.4630097472e-03,1.4630064969e-03,1.4630026865e-03,1.4629982123e-03,1.4629929488e-03,1.4629867441e-03,1.4629794124e-03,1.4629707261e-03,1.4629604041e-03,1.4629480976e-03,1.4629333706e-03,1.4629156748e-03,1.4628943157e-03,1.4628684079e-03,1.4628368141e-03,1.4627980629e-03,1.4627502373e-03,1.4626908207e-03,1.4626164843e-03,1.4625227918e-03,1.4624037832e-03,1.4622513872e-03,1.4620545806e-03,1.4617981743e-03,1.4614610443e-03,1.4610135197e-03,1.4604134823e-03,1.4596004639e-03,1.4584865880e-03,1.4569424642e-03,1.4547748843e-03,1.4516909958e-03,1.4472398524e-03,1.4407156541e-03,1.4309956591e-03,1.4162671416e-03,1.3935712317e-03,1.3580713838e-03,1.3020260248e-03,1.2396964759e-03,1.1754821553e-03,1.1131673271e-03,1.0554768348e-03,1.0040139146e-03,9.5943346559e-04,9.2170394742e-04,8.9036169816e-04,8.6471407206e-04,8.4398257182e-04,8.2739387690e-04,8.1423172883e-04,8.0386201187e-04,7.9574077538e-04,7.8941217185e-04,7.8450099183e-04,7.8070278288e-04,7.7777336640e-04,7.7551878597e-04,7.7378621935e-04,7.7245607415e-04,7.7143530090e-04,7.7065185365e-04,7.7005017586e-04,7.6958757068e-04,7.6923131390e-04,7.6895637856e-04,7.6874365522e-04,7.6857856880e-04,7.6845000955e-04,7.6834951044e-04,7.6827061659e-04,7.6820840351e-04,7.6815910982e-04,7.6811985798e-04,7.6808844215e-04,7.6806316724e-04,7.6804272697e-04,7.6802611135e-04,7.6801253667e-04,7.6800139237e-04,7.6799220069e-04,7.6798458606e-04,7.6797825179e-04,7.6797296235e-04,7.6796852973e-04,7.6796480307e-04,7.6796166071e-04,7.6795900398e-04,7.6795675244e-04,7.6795484022e-04,7.6795321309e-04,7.6795182621e-04,7.6795064234e-04,7.6794963044e-04,7.6794876454e-04,7.6794802281e-04,7.6794738690e-04,7.6794684129e-04,7.6794637283e-04,7.6794597039e-04,7.6794562448e-04,7.6794532704e-04,7.6794507117e-04,7.6794485099e-04,7.6794466148e-04,7.6794449830e-04,7.6794435779e-04,7.6794423676e-04,7.6794413249e-04,7.6794404265e-04,7.6794396521e-04,7.6794389845e-04,7.6794384087e-04,7.6794379119e-04,7.6794374831e-04,7.6794371128e-04,7.6794367929e-04,7.6794365163e-04,7.6794362772e-04,7.6794360375e-04,7.6794357967e-04,7.6794355547e-04,7.6794353113e-04,7.6794350660e-04,7.6794348184e-04,7.6794345677e-04,7.6794343134e-04,7.6794340541e-04,7.6794337889e-04,7.6794335158e-04,7.6794332324e-04,7.6794329359e-04,7.6794326218e-04,7.6794322841e-04,7.6794319142e-04,7.6794314986e-04,7.6794310164e-04,7.6794304324e-04,5.0002320910e-02,5.0002320925e-02,5.0002320942e-02,5.0002320956e-02,5.0002320968e-02,5.0002320979e-02,5.0002320987e-02,5.0002320996e-02,5.0002320999e-02,5.0002321007e-02,5.0002321007e-02,5.0002321013e-02,5.0002321013e-02,5.0002321017e-02,5.0002321017e-02,5.0002321021e-02,5.0002321020e-02,5.0002321020e-02,5.0002321020e-02,5.0002321021e-02,5.0002321024e-02,5.0002321022e-02,5.0002321022e-02,5.0002321023e-02,5.0002321023e-02,5.0002321023e-02,5.0002321024e-02,5.0002321024e-02,5.0002321025e-02,5.0002321026e-02,5.0002321028e-02,5.0002321030e-02,5.0002321035e-02,5.0002321041e-02,5.0002321051e-02,5.0002321066e-02,5.0002321088e-02,5.0002321123e-02,5.0002321176e-02,5.0002321257e-02,5.0002321382e-02,5.0002321572e-02,5.0002321864e-02,5.0002322312e-02,5.0002323002e-02,5.0002324071e-02,5.0002325736e-02,5.0002328360e-02,5.0002332560e-02,5.0002339449e-02,5.0002351134e-02,5.0002371620e-02,5.0002385929e-02,5.0002394851e-02,5.0002399948e-02,5.0002402666e-02,5.0002404039e-02,5.0002404704e-02,5.0002405016e-02,5.0002405159e-02,5.0002405224e-02,5.0002405253e-02,5.0002405266e-02,5.0002405273e-02,5.0002405275e-02,5.0002405277e-02,5.0002405277e-02,5.0002405278e-02,5.0002405278e-02,5.0002405278e-02,5.0002405278e-02,5.0002405278e-02,5.0002405278e-02,5.0002405278e-02,5.0002405278e-02,5.0002405278e-02,5.0002405278e-02,5.0002405278e-02,5.0002405278e-02,5.0002405278e-02,5.0002405278e-02,5.0002405278e-02,5.0002405278e-02,5.0002405278e-02,5.0002405278e-02,5.0002405278e-02,5.0002405278e-02,5.0002405278e-02,5.0002405278e-02,5.0002405279e-02,5.0002405278e-02,5.0002405278e-02,5.0002405278e-02,5.0002405278e-02,5.0002405278e-02,5.0002405278e-02,5.0002405278e-02,5.0002405278e-02,5.0002405278e-02,5.0002405278e-02,5.0002405278e-02,5.0002405278e-02
9.8637838373e+02,8.6000009614e-08,8.5862485272e-08,8.5725242485e-08,8.5588282847e-08,8.5451604667e-08,8.5315207887e-08,8.5179092346e-08,8.5043255869e-08,8.4907699907e-08,8.4772422724e-08,8.4637423898e-08,8.4502702406e-08,8.4368259058e-08,8.4234091466e-08,8.4100200564e-08,8.3966585038e-08,8.3833243994e-08,8.3700177862e-08,8.3567385501e-08,8.3434865766e-08,8.3302618827e-08,8.3170646782e-08,8.2974919261e-08,8.2684997730e-08,8.2256347567e-08,8.1624332271e-08,8.0696284317e-08,7.9341835687e-08,7.7382943771e-08,7.4587905696e-08,7.0679291256e-08,6.5374943790e-08,5.8491309622e-08,5.0134905695e-08,4.0952475958e-08,3.2254541018e-08,2.5641190432e-08,2.1986150786e-08,2.0688137554e-08,2.0426844105e-08,2.0399854658e-08,2.0398532974e-08,2.0398529944e-08,2.0398557325e-08,2.0398579477e-08,2.0398592673e-08,2.0398597886e-08,2.0398599095e-08,2.0398599244e-08,2.0398599253e-08,2.0398599253e-08,2.0398599161e-08,2.0398588411e-08,2.0398111283e-08,2.0388959676e-08,2.0307123772e-08,1.9933442691e-08,1.8945889539e-08,1.7199986564e-08,1.4862523756e-08,1.3084657046e-08,4.5565988020e-08,7.1901804289e-07,6.9770994038e-06,3.6792099350e-05,1.1800182425e-04,2.6219285495e-04,4.5098560305e-04,6.5138699251e-04,8.3563011095e-04,9.8909589867e-04,1.1085343983e-03,1.1972543228e-03,1.2610848362e-03,1.3060188121e-03,1.3371855052e-03,1.3585871690e-03,1.3731838899e-03,1.3830938341e-03,1.3898010787e-03,1.3943312351e-03,1.3973866818e-03,1.4004492225e-03,1.4035188052e-03,1.4065954347e-03,1.4096791128e-03,1.4127698376e-03,1.4158676026e-03,1.4189723961e-03,1.4220841997e-03,1.4252029873e-03,1.4283287231e-03,1.4314613602e-03,1.4346008381e-03,1.4377470797e-03,1.4408999888e-03,1.4440594457e-03,1.4472253029e-03,1.4503973789e-03,1.4535754515e-03,1.4567592467e-03,1.4599484256e-03,1.4599484209e-03,1.4599484160e-03,1.4599484110e-03,1.4599484058e-03,1.4599484008e-03,1.4599483957e-03,1.4599483908e-03,1.4599483859e-03,1.4599483811e-03,1.4599483764e-03,1.4599483718e-03,1.4599483673e-03,1.4599483628e-03,1.4599483584e-03,1.4599483540e-03,1.4599483497e-03,1.4599483454e-03,1.4599483412e-03,1.4599483369e-03,1.4599483327e-03,1.4599483285e-03,1.4599483236e-03,1.4599483180e-03,1.4599483115e-03,1.4599483040e-03,1.4599482953e-03,1.4599482852e-03,1.4599482736e-03,1.4599482600e-03,1.4599482443e-03,1.4599482262e-03,1.4599482051e-03,1.4599481806e-03,1.4599481523e-03,1.4599481194e-03,1.4599480812e-03,1.4599480370e-03,1.4599479856e-03,1.4599479261e-03,1.4599478570e-03,1.4599477769e-03,1.4599476840e-03,1.4599475761e-03,1.4599474510e-03,1.4599473059e-03,1.4599471374e-03,1.4599469419e-03,1.4599467150e-03,1.4599464515e-03,1.4599461457e-03,1.4599457904e-03,1.4599453778e-03,1.4599448984e-03,1.4599443412e-03,1.4599436933e-03,1.4599429398e-03,1.4599420629e-03,1.4599410420e-03,1.4599398525e-03,1.4599384658e-03,1.4599368478e-03,1.4599349580e-03,1.4599327484e-03,1.4599301617e-03,1.4599271293e-03,1.4599235686e-03,1.4599193799e-03,1.4599144420e-03,1.4599086072e-03,1.4599016944e-03,1.4598934798e-03,1.4598836859e-03,1.4598719656e-03,1.4598578826e-03,1.4598408842e-03,1.4598202657e-03,1.4597951220e-03,1.4597642822e-03,1.4597262206e-03,1.4596789346e-03,1.4596197753e-03,1.4595452121e-03,1.4594505026e-03,1.4593292241e-03,1.4591726048e-03,1.4589685586e-03,1.4587002760e-03,1.4583441455e-03,1.4578666475e-03,1.4572196516e-03,1.4563331957e-03,1.4551042301e-03,1.4533787952e-03,1.4509233385e-03,1.4473777824e-03,1.4421774939e-03,1.4344216974e-03,1.4226494234e-03,1.4044582996e-03,1.3758719219e-03,1.3303798454e-03,1.2791743660e-03,1.2256837967e-03,1.1729993379e-03,1.1234865785e-03,1.0786710897e-03,1.0393153934e-03,1.0055887155e-03,9.7725475184e-04,9.5383586046e-04,9.3473828439e-04,9.1933837376e-04,9.0703652305e-04,8.9728715419e-04,8.8961227164e-04,8.8360450731e-04,8.7892394230e-04,8.7529163397e-04,8.7248175095e-04,8.7031348690e-04,8.6864342395e-04,8.6735868771e-04,8.6637102672e-04,8.6561182376e-04,8.6502797571e-04,8.6457854456e-04,8.6423207003e-04,8.6396443606e-04,8.6375719175e-04,8.6359623982e-04,8.6347081843e-04,8.6337271489e-04,8.6329566102e-04,8.6323486994e-04,8.6318668215e-04,8.6314829585e-04,8.6311756176e-04,8.6309282726e-04,8.6307281806e-04,8.6305654842e-04,8.6304325312e-04,8.6303233572e-04,8.6302332934e-04,8.6301586683e-04,8.6300965809e-04,8.6300447269e-04,8.6300012667e-04,8.6299647239e-04,8.6299339073e-04,8.6299078507e-04,8.6298857664e-04,8.6298670089e-04,8.6298510468e-04,8.6298374409e-04,8.6298258260e-04,8.6298158979e-04,8.6298074019e-04,8.6298001241e-04,8.6297938843e-04,8.6297885304e-04,8.6297839335e-04,8.6297799844e-04,8.6297765900e-04,8.6297736711e-04,8.6297711601e-04,8.6297689994e-04,8.6297671395e-04,8.6297655383e-04,8.6297641593e-04,8.6297629715e-04,8.6297619482e-04,8.6297610665e-04,8.6297603065e-04,8.6297596514e-04,8.6297590863e-04,8.6297585988e-04,8.6297581779e-04,8.6297578145e-04,8.6297575006e-04,8.6297572291e-04,8.6297569945e-04,8.6297567592e-04,8.6297565229e-04,8.6297562855e-04,8.6297560466e-04,8.6297558059e-04,8.6297555628e-04,8.6297553169e-04,8.6297550672e-04,8.6297548127e-04,8.6297545525e-04,8.6297542845e-04,8.6297540063e-04,8.6297537153e-04,8.6297534071e-04,8.6297530758e-04,8.6297527127e-04,8.6297523046e-04,8.6297518313e-04,8.6297512575e-04,5.0002226295e-02,5.0002226311e-02,5.0002226326e-02,5.0002226340e-02,5.0002226353e-02,5.0002226361e-02,5.0002226372e-02,5.0002226378e-02,5.0002226384e-02,5.0002226389e-02,5.0002226394e-02,5.0002226395e-02,5.0002226397e-02,5.0002226400e-02,5.0002226401e-02,5.0002226403e-02,5.0002226404e-02,5.0002226404e-02,5.0002226404e-02,5.0002226404e-02,5.0002226405e-02,5.0002226404e-02,5.0002226405e-02,5.0002226406e-02,5.0002226406e-02,5.0002226406e-02,5.0002226406e-02,5.0002226406e-02,5.0002226407e-02,5.0002226407e-02,5.0002226408e-02,5.0002226409e-02,5.0002226411e-02,5.0002226414e-02,5.0002226419e-02,5.0002226426e-02,5.0002226436e-02,5.0002226453e-02,5.0002226477e-02,5.0002226515e-02,5.0002226573e-02,5.0002226662e-02,5.0002226798e-02,5.0002227008e-02,5.0002227331e-02,5.0002227831e-02,5.0002228613e-02,5.0002229848e-02,5.0002231837e-02,5.0002235122e-02,5.0002240756e-02,5.0002250797e-02,5.0002257900e-02,5.0002262360e-02,5.0002264917e-02,5.0002266283e-02,5.0002266974e-02,5.0002267308e-02,5.0002267465e-02,5.0002267537e-02,5.0002267570e-02,5.0002267585e-02,5.0002267591e-02,5.0002267594e-02,5.0002267596e-02,5.0002267596e-02,5.0002267597e-02,5.0002267597e-02,5.0002267597e-02,5.0002267597e-02,5.0002267597e-02,5.0002267597e-02,5.0002267597e-02,5.0002267597e-02,5.0002267597e-02,5.0002267597e-02,5.0002267597e-02,5.0002267597e-02,5.0002267597e-02,5.0002267597e-02,5.0002267597e-02,5.0002267597e-02,5.0002267597e-02,5.0002267597e-02,5.0002267597e-02,5.0002267597e-02,5.0002267597e-02,5.0002267597e-02,5.0002267597e-02,5.0002267597e-02,5.0002267597e-02,5.0002267597e-02,5.0002267597e-02,5.0002267597e-02,5.0002267597e-02,5.0002267597e-02,5.0002267597e-02,5.0002267597e-02,5.0002267597e-02,5.0002267597e-02,5.0002267597e-02,5.0002267597e-02
1.1011065838e+03,8.6000010098e-08,8.5862485252e-08,8.5725242683e-08,8.5588282970e-08,8.5451604717e-08,8.5315207754e-08,8.5179092333e-08,8.5043255902e-08,8.4907699941e-08,8.4772422501e-08,8.4637424058e-08,8.4502702403e-08,8.4368258994e-08,8.4234091544e-08,8.4100200615e-08,8.3966584936e-08,8.3833244095e-08,8.3700177894e-08,8.3567385544e-08,8.3434865707e-08,8.3302619006e-08,8.3170646679e-08,8.2974919161e-08,8.2684997790e-08,8.2256347545e-08,8.1624332314e-08,8.0696284292e-08,7.9341835699e-08,7.7382943790e-08,7.4587905687e-08,7.0679291272e-08,6.5374943791e-08,5.8491309624e-08,5.0134905697e-08,4.0952475958e-08,3.2254541012e-08,2.5641190424e-08,2.1986150786e-08,2.0688137551e-08,2.0426844112e-08,2.0399854660e-08,2.0398532971e-08,2.0398529945e-08,2.0398557326e-08,2.0398579477e-08,2.0398592672e-08,2.0398597886e-08,2.0398599095e-08,2.0398599244e-08,2.0398599253e-08,2.0398599253e-08,2.0398599161e-08,2.0398588410e-08,2.0398111255e-08,2.0388959133e-08,2.0307118633e-08,1.9933416458e-08,1.8945806536e-08,1.7199798918e-08,1.4862163878e-08,1.3082118095e-08,4.5480081167e-08,7.1732659169e-07,6.9605171748e-06,3.6704427122e-05,1.1771941000e-04,2.6156056922e-04,4.4988692343e-04,6.4978251550e-04,8.3355050394e-04,9.8661288322e-04,1.1057324733e-03,1.1942126426e-03,1.2578691244e-03,1.3026798083e-03,1.3337606023e-03,1.3551030980e-03,1.3696593787e-03,1.3795418279e-03,1.3862304451e-03,1.3907480121e-03,1.3937949639e-03,1.3968489870e-03,1.3999100294e-03,1.4029780961e-03,1.4060531886e-03,1.4091353052e-03,1.4122244394e-03,1.4153205795e-03,1.4184237072e-03,1.4215337963e-03,1.4246508115e-03,1.4277747057e-03,1.4309054188e-03,1.4340428739e-03,1.4371869753e-03,1.4403376035e-03,1.4434946116e-03,1.4466578188e-03,1.4498270035e-03,1.4530018928e-03,1.4561821487e-03,1.4561821454e-03,1.4561821420e-03,1.4561821385e-03,1.4561821349e-03,1.4561821314e-03,1.4561821279e-03,1.4561821245e-03,1.4561821211e-03,1.4561821178e-03,1.4561821145e-03,1.4561821113e-03,1.4561821082e-03,1.4561821051e-03,1.4561821020e-03,1.4561820990e-03,1.4561820960e-03,1.4561820930e-03,1.4561820900e-03,1.4561820871e-03,1.4561820842e-03,1.4561820813e-03,1.4561820779e-03,1.4561820740e-03,1.4561820695e-03,1.4561820643e-03,1.4561820582e-03,1.4561820512e-03,1.4561820431e-03,1.4561820337e-03,1.4561820229e-03,1.4561820102e-03,1.4561819956e-03,1.4561819786e-03,1.4561819589e-03,1.4561819361e-03,1.4561819096e-03,1.4561818789e-03,1.4561818433e-03,1.4561818020e-03,1.4561817541e-03,1.4561816985e-03,1.4561816340e-03,1.4561815592e-03,1.4561814723e-03,1.4561813716e-03,1.4561812547e-03,1.4561811190e-03,1.4561809615e-03,1.4561807787e-03,1.4561805665e-03,1.4561803200e-03,1.4561800336e-03,1.4561797009e-03,1.4561793142e-03,1.4561788646e-03,1.4561783417e-03,1.4561777332e-03,1.4561770247e-03,1.4561761993e-03,1.4561752370e-03,1.4561741141e-03,1.4561728027e-03,1.4561712694e-03,1.4561694744e-03,1.4561673700e-03,1.4561648991e-03,1.4561619923e-03,1.4561585656e-03,1.4561545166e-03,1.4561497194e-03,1.4561440189e-03,1.4561372224e-03,1.4561290892e-03,1.4561193164e-03,1.4561075206e-03,1.4560932128e-03,1.4560757649e-03,1.4560543646e-03,1.4560279534e-03,1.4559951418e-03,1.4559540922e-03,1.4559023553e-03,1.4558366414e-03,1.4557524953e-03,1.4556438329e-03,1.4555022713e-03,1.4553161519e-03,1.4550690989e-03,1.4547378641e-03,1.4542890638e-03,1.4536741643e-03,1.4528216616e-03,1.4516246822e-03,1.4499209957e-03,1.4474602265e-03,1.4438491302e-03,1.4384587562e-03,1.4302648429e-03,1.4175717714e-03,1.3975403909e-03,1.3654237054e-03,1.3288493781e-03,1.2901118641e-03,1.2513744252e-03,1.2143888416e-03,1.1803792337e-03,1.1500533239e-03,1.1236876102e-03,1.1012398334e-03,1.0824581819e-03,1.0669720291e-03,1.0543597184e-03,1.0441948674e-03,1.0360751683e-03,1.0296381514e-03,1.0245679035e-03,1.0205959209e-03,1.0174984532e-03,1.0150919868e-03,1.0132279643e-03,1.0117874283e-03,1.0106759910e-03,1.0098193349e-03,1.0091593254e-03,1.0086507346e-03,1.0082585364e-03,1.0079557069e-03,1.0077214595e-03,1.0075398429e-03,1.0073986379e-03,1.0072884951e-03,1.0072022656e-03,1.0071344836e-03,1.0070809687e-03,1.0070385204e-03,1.0070046860e-03,1.0069775814e-03,1.0069557571e-03,1.0069380939e-03,1.0069237259e-03,1.0069119801e-03,1.0069023318e-03,1.0068943698e-03,1.0068877708e-03,1.0068822791e-03,1.0068776915e-03,1.0068738457e-03,1.0068706114e-03,1.0068678835e-03,1.0068655766e-03,1.0068636212e-03,1.0068619601e-03,1.0068605465e-03,1.0068593414e-03,1.0068583126e-03,1.0068574331e-03,1.0068566804e-03,1.0068560357e-03,1.0068554828e-03,1.0068550085e-03,1.0068546012e-03,1.0068542513e-03,1.0068539505e-03,1.0068536918e-03,1.0068534693e-03,1.0068532779e-03,1.0068531131e-03,1.0068529712e-03,1.0068528490e-03,1.0068527437e-03,1.0068526530e-03,1.0068525749e-03,1.0068525076e-03,1.0068524495e-03,1.0068523994e-03,1.0068523562e-03,1.0068523189e-03,1.0068522867e-03,1.0068522589e-03,1.0068522348e-03,1.0068522140e-03,1.0068521932e-03,1.0068521722e-03,1.0068521512e-03,1.0068521300e-03,1.0068521087e-03,1.0068520872e-03,1.0068520654e-03,1.0068520433e-03,1.0068520207e-03,1.0068519976e-03,1.0068519739e-03,1.0068519492e-03,1.0068519235e-03,1.0068518961e-03,1.0068518668e-03,1.0068518346e-03,1.0068517984e-03,1.0068517565e-03,1.0068517055e-03,5.0002212680e-02,5.0002212694e-02,5.0002212707e-02,5.0002212720e-02,5.0002212730e-02,5.0002212740e-02,5.0002212748e-02,5.0002212753e-02,5.0002212758e-02,5.0002212763e-02,5.0002212768e-02,5.0002212767e-02,5.0002212773e-02,5.0002212773e-02,5.0002212774e-02,5.0002212774e-02,5.0002212774e-02,5.0002212777e-02,5.0002212775e-02,5.0002212776e-02,5.0002212777e-02,5.0002212777e-02,5.0002212777e-02,5.0002212778e-02,5.0002212777e-02,5.0002212778e-02,5.0002212778e-02,5.0002212778e-02,5.0002212778e-02,5.0002212778e-02,5.0002212778e-02,5.0002212777e-02,5.0002212777e-02,5.0002212777e-02,5.0002212777e-02,5.0002212776e-02,5.0002212775e-02,5.0002212773e-02,5.0002212771e-02,5.0002212768e-02,5.0002212763e-02,5.0002212755e-02,5.0002212742e-02,5.0002212724e-02,5.0002212696e-02,5.0002212654e-02,5.0002212591e-02,5.0002212498e-02,5.0002212364e-02,5.0002212182e-02,5.0002211970e-02,5.0002211851e-02,5.0002211906e-02,5.0002211988e-02,5.0002212049e-02,5.0002212085e-02,5.0002212104e-02,5.0002212114e-02,5.0002212118e-02,5.0002212120e-02,5.0002212121e-02,5.0002212122e-02,5.0002212122e-02,5.0002212122e-02,5.0002212122e-02,5.0002212122e-02,5.0002212122e-02,5.0002212122e-02,5.0002212122e-02,5.0002212122e-02,5.0002212122e-02,5.0002212122e-02,5.0002212122e-02,5.0002212122e-02,5.0002212122e-02,5.0002212122e-02,5.0002212122e-02,5.0002212122e-02,5.0002212122e-02,5.0002212122e-02,5.0002212122e-02,5.0002212122e-02,5.0002212122e-02,5.0002212122e-02,5.0002212122e-02,5.0002212122e-02,5.0002212122e-02,5.0002212122e-02,5.0002212122e-02,5.0002212122e-02,5.0002212122e-02,5.0002212122e-02,5.0002212122e-02,5.0002212122e-02,5.0002212122e-02,5.0002212122e-02,5.0002212122e-02,5.0002212122e-02,5.0002212122e-02,5.0002212122e-02,5.0002212122e-02,5.0002212122e-02
1.1849132835e+03,8.6000012286e-08,8.5862485268e-08,8.5725242863e-08,8.5588282513e-08,8.5451604906e-08,8.5315207837e-08,8.5179092142e-08,8.5043256172e-08,8.4907699712e-08,8.4772422539e-08,8.4637423948e-08,8.4502702569e-08,8.4368258922e-08,8.4234091557e-08,8.4100200528e-08,8.3966585052e-08,8.3833243950e-08,8.3700178019e-08,8.3567385119e-08,8.3434865897e-08,8.3302618971e-08,8.3170646934e-08,8.2974919041e-08,8.2684997732e-08,8.2256347555e-08,8.1624332277e-08,8.0696284329e-08,7.9341835680e-08,7.7382943772e-08,7.4587905695e-08,7.0679291262e-08,6.5374943789e-08,5.8491309621e-08,5.0134905693e-08,4.0952475957e-08,3.2254541011e-08,2.5641190435e-08,2.1986150787e-08,2.0688137552e-08,2.0426844105e-08,2.0399854660e-08,2.0398532975e-08,2.0398529945e-08,2.0398557325e-08,2.0398579476e-08,2.0398592673e-08,2.0398597886e-08,2.0398599095e-08,2.0398599244e-08,2.0398599253e-08,2.0398599253e-08,2.0398599161e-08,2.0398588410e-08,2.0398111241e-08,2.0388958847e-08,2.0307115911e-08,1.9933402565e-08,1.8945762579e-08,1.7199699544e-08,1.4861973271e-08,1.3080771162e-08,4.5434487220e-08,7.1642886423e-07,6.9517162955e-06,3.6657896207e-05,1.1756952475e-04,2.6122500697e-04,4.4930386276e-04,6.4893106913e-04,8.3244696670e-04,9.8529532583e-04,1.1042457363e-03,1.1925987237e-03,1.2561628914e-03,1.3009081775e-03,1.3319434090e-03,1.3532545214e-03,1.3677893523e-03,1.3776572180e-03,1.3843359553e-03,1.3888468450e-03,1.3918892911e-03,1.3949387965e-03,1.3979953092e-03,1.4010588341e-03,1.4041293730e-03,1.4072069238e-03,1.4102914803e-03,1.4133830307e-03,1.4164815567e-03,1.4195870323e-03,1.4226994221e-03,1.4258186793e-03,1.4289447436e-03,1.4320775385e-03,1.4352169683e-03,1.4383629140e-03,1.4415152286e-03,1.4446737320e-03,1.4478382027e-03,1.4510083684e-03,1.4541838918e-03,1.4541838892e-03,1.4541838866e-03,1.4541838839e-03,1.4541838812e-03,1.4541838784e-03,1.4541838758e-03,1.4541838731e-03,1.4541838705e-03,1.4541838679e-03,1.4541838655e-03,1.4541838629e-03,1.4541838606e-03,1.4541838582e-03,1.4541838558e-03,1.4541838535e-03,1.4541838512e-03,1.4541838489e-03,1.4541838466e-03,1.4541838443e-03,1.4541838421e-03,1.4541838398e-03,1.4541838372e-03,1.4541838343e-03,1.4541838308e-03,1.4541838268e-03,1.4541838221e-03,1.4541838167e-03,1.4541838105e-03,1.4541838033e-03,1.4541837949e-03,1.4541837852e-03,1.4541837739e-03,1.4541837608e-03,1.4541837457e-03,1.4541837281e-03,1.4541837077e-03,1.4541836841e-03,1.4541836567e-03,1.4541836249e-03,1.4541835880e-03,1.4541835452e-03,1.4541834956e-03,1.4541834380e-03,1.4541833711e-03,1.4541832936e-03,1.4541832036e-03,1.4541830992e-03,1.4541829780e-03,1.4541828373e-03,1.4541826739e-03,1.4541824842e-03,1.4541822638e-03,1.4541820077e-03,1.4541817100e-03,1.4541813640e-03,1.4541809615e-03,1.4541804931e-03,1.4541799478e-03,1.4541793125e-03,1.4541785718e-03,1.4541777075e-03,1.4541766981e-03,1.4541755179e-03,1.4541741363e-03,1.4541725166e-03,1.4541706148e-03,1.4541683775e-03,1.4541657400e-03,1.4541626235e-03,1.4541589313e-03,1.4541545438e-03,1.4541493128e-03,1.4541430529e-03,1.4541355313e-03,1.4541264527e-03,1.4541154408e-03,1.4541020125e-03,1.4540855425e-03,1.4540652164e-03,1.4540399651e-03,1.4540083746e-03,1.4539685607e-03,1.4539179923e-03,1.4538532423e-03,1.4537696304e-03,1.4536607087e-03,1.4535175102e-03,1.4533274407e-03,1.4530726223e-03,1.4527273844e-03,1.4522544102e-03,1.4515987237e-03,1.4506781577e-03,1.4493679820e-03,1.4474756746e-03,1.4446987758e-03,1.4405532743e-03,1.4342501402e-03,1.4244806609e-03,1.4090454867e-03,1.3842405342e-03,1.3558763866e-03,1.3256760342e-03,1.2952890893e-03,1.2660795176e-03,1.2390296334e-03,1.2147371158e-03,1.1934690039e-03,1.1752398968e-03,1.1598916580e-03,1.1471622791e-03,1.1367392671e-03,1.1282975660e-03,1.1215242609e-03,1.1161330252e-03,1.1118711650e-03,1.1085216633e-03,1.1059020783e-03,1.1038616484e-03,1.1022775382e-03,1.1010508359e-03,1.1001026777e-03,1.0993707069e-03,1.0988059654e-03,1.0983702428e-03,1.0980338648e-03,1.0977738811e-03,1.0975726006e-03,1.0974164226e-03,1.0972949115e-03,1.0972000713e-03,1.0971257804e-03,1.0970673533e-03,1.0970212031e-03,1.0969845813e-03,1.0969553798e-03,1.0969319786e-03,1.0969131302e-03,1.0968978712e-03,1.0968854555e-03,1.0968753033e-03,1.0968669621e-03,1.0968600775e-03,1.0968543703e-03,1.0968496201e-03,1.0968456513e-03,1.0968423238e-03,1.0968395251e-03,1.0968371643e-03,1.0968351678e-03,1.0968334752e-03,1.0968320373e-03,1.0968308136e-03,1.0968297703e-03,1.0968288796e-03,1.0968281181e-03,1.0968274664e-03,1.0968269082e-03,1.0968264295e-03,1.0968260187e-03,1.0968256660e-03,1.0968253630e-03,1.0968251026e-03,1.0968248786e-03,1.0968246859e-03,1.0968245201e-03,1.0968243774e-03,1.0968242545e-03,1.0968241487e-03,1.0968240575e-03,1.0968239790e-03,1.0968239113e-03,1.0968238530e-03,1.0968238027e-03,1.0968237593e-03,1.0968237219e-03,1.0968236896e-03,1.0968236617e-03,1.0968236376e-03,1.0968236168e-03,1.0968235988e-03,1.0968235807e-03,1.0968235626e-03,1.0968235444e-03,1.0968235261e-03,1.0968235076e-03,1.0968234889e-03,1.0968234701e-03,1.0968234509e-03,1.0968234314e-03,1.0968234114e-03,1.0968233908e-03,1.0968233695e-03,1.0968233472e-03,1.0968233235e-03,1.0968232981e-03,1.0968232702e-03,1.0968232389e-03,1.0968232025e-03,1.0968231584e-03,5.0002258355e-02,5.0002258367e-02,5.0002258379e-02,5.0002258390e-02,5.0002258399e-02,5.0002258406e-02,5.0002258414e-02,5.0002258420e-02,5.0002258422e-02,5.0002258427e-02,5.0002258431e-02,5.0002258431e-02,5.0002258433e-02,5.0002258436e-02,5.0002258436e-02,5.0002258437e-02,5.0002258438e-02,5.0002258437e-02,5.0002258440e-02,5.0002258438e-02,5.0002258438e-02,5.0002258439e-02,5.0002258440e-02,5.0002258440e-02,5.0002258439e-02,5.0002258440e-02,5.0002258440e-02,5.0002258439e-02,5.0002258439e-02,5.0002258439e-02,5.0002258439e-02,5.0002258438e-02,5.0002258437e-02,5.0002258436e-02,5.0002258434e-02,5.0002258431e-02,5.0002258426e-02,5.0002258419e-02,5.0002258408e-02,5.0002258391e-02,5.0002258365e-02,5.0002258326e-02,5.0002258266e-02,5.0002258174e-02,5.0002258032e-02,5.0002257814e-02,5.0002257477e-02,5.0002256952e-02,5.0002256126e-02,5.0002254807e-02,5.0002252661e-02,5.0002249142e-02,5.0002246817e-02,5.0002245412e-02,5.0002244623e-02,5.0002244206e-02,5.0002243996e-02,5.0002243895e-02,5.0002243847e-02,5.0002243826e-02,5.0002243816e-02,5.0002243811e-02,5.0002243809e-02,5.0002243808e-02,5.0002243808e-02,5.0002243808e-02,5.0002243807e-02,5.0002243807e-02,5.0002243807e-02,5.0002243807e-02,5.0002243807e-02,5.0002243807e-02,5.0002243807e-02,5.0002243807e-02,5.0002243807e-02,5.0002243807e-02,5.0002243807e-02,5.0002243807e-02,5.0002243807e-02,5.0002243807e-02,5.0002243807e-02,5.0002243807e-02,5.0002243807e-02,5.0002243808e-02,5.0002243807e-02,5.0002243807e-02,5.0002243807e-02,5.0002243808e-02,5.0002243807e-02,5.0002243807e-02,5.0002243807e-02,5.0002243807e-02,5.0002243807e-02,5.0002243808e-02,5.0002243807e-02,5.0002243807e-02,5.0002243807e-02,5.0002243807e-02,5.0002243807e-02,5.0002243807e-02,5.0002243807e-02,5.0002243807e-02
1.3227335870e+03,8.6000013769e-08,8.5862485084e-08,8.5725243068e-08,8.5588282615e-08,8.5451604913e-08,8.5315208023e-08,8.5179091902e-08,8.5043255910e-08,8.4907700159e-08,8.4772422339e-08,8.4637423718e-08,8.4502702935e-08,8.4368258673e-08,8.4234091621e-08,8.4100200704e-08,8.3966584770e-08,8.3833244475e-08,8.3700177531e-08,8.3567385267e-08,8.3434865851e-08,8.3302618938e-08,8.3170647013e-08,8.2974919027e-08,8.2684997710e-08,8.2256347631e-08,8.1624332281e-08,8.0696284288e-08,7.9341835687e-08,7.7382943766e-08,7.4587905695e-08,7.0679291259e-08,6.5374943790e-08,5.8491309616e-08,5.0134905693e-08,4.0952475953e-08,3.2254541010e-08,2.5641190427e-08,2.1986150794e-08,2.0688137557e-08,2.0426844101e-08,2.0399854663e-08,2.0398532973e-08,2.0398529943e-08,2.0398557325e-08,2.0398579477e-08,2.0398592673e-08,2.0398597886e-08,2.0398599095e-08,2.0398599244e-08,2.0398599253e-08,2.0398599253e-08,2.0398599161e-08,2.0398588410e-08,2.0398111224e-08,2.0388958512e-08,2.0307112739e-08,1.9933386369e-08,1.8945711334e-08,1.7199583700e-08,1.4861751075e-08,1.3079201718e-08,4.5381367738e-08,7.1538296868e-07,6.9414628750e-06,3.6603685848e-05,1.1739490442e-04,2.6083407604e-04,4.4862461498e-04,6.4793919206e-04,8.3116146057e-04,9.8376054940e-04,1.1025139255e-03,1.1907187969e-03,1.2541754587e-03,1.2988445865e-03,1.3298267594e-03,1.3511013256e-03,1.3656111782e-03,1.3754620616e-03,1.3821292938e-03,1.3866324077e-03,1.3896696070e-03,1.3927138516e-03,1.3957650895e-03,1.3988233257e-03,1.4018885618e-03,1.4049607960e-03,1.4080400218e-03,1.4111262276e-03,1.4142193951e-03,1.4173194984e-03,1.4204265021e-03,1.4235403595e-03,1.4266610105e-03,1.4297883787e-03,1.4329223687e-03,1.4360628616e-03,1.4392097109e-03,1.4423627368e-03,1.4455217183e-03,1.4486863836e-03,1.4518563960e-03,1.4518563943e-03,1.4518563926e-03,1.4518563908e-03,1.4518563891e-03,1.4518563872e-03,1.4518563855e-03,1.4518563838e-03,1.4518563821e-03,1.4518563804e-03,1.4518563788e-03,1.4518563772e-03,1.4518563756e-03,1.4518563740e-03,1.4518563725e-03,1.4518563710e-03,1.4518563695e-03,1.4518563680e-03,1.4518563665e-03,1.4518563650e-03,1.4518563635e-03,1.4518563621e-03,1.4518563604e-03,1.4518563584e-03,1.4518563561e-03,1.4518563535e-03,1.4518563505e-03,1.4518563470e-03,1.4518563429e-03,1.4518563382e-03,1.4518563327e-03,1.4518563264e-03,1.4518563190e-03,1.4518563105e-03,1.4518563006e-03,1.4518562891e-03,1.4518562758e-03,1.4518562604e-03,1.4518562425e-03,1.4518562217e-03,1.4518561977e-03,1.4518561697e-03,1.4518561373e-03,1.4518560997e-03,1.4518560561e-03,1.4518560055e-03,1.4518559467e-03,1.4518558785e-03,1.4518557994e-03,1.4518557075e-03,1.4518556009e-03,1.4518554770e-03,1.4518553331e-03,1.4518551659e-03,1.4518549716e-03,1.4518547457e-03,1.4518544830e-03,1.4518541772e-03,1.4518538212e-03,1.4518534064e-03,1.4518529229e-03,1.4518523586e-03,1.4518516997e-03,1.4518509292e-03,1.4518500272e-03,1.4518489699e-03,1.4518477283e-03,1.4518462677e-03,1.4518445460e-03,1.4518425116e-03,1.4518401013e-03,1.4518372372e-03,1.4518338225e-03,1.4518297363e-03,1.4518248266e-03,1.4518189007e-03,1.4518117131e-03,1.4518029484e-03,1.4517921989e-03,1.4517789331e-03,1.4517624535e-03,1.4517418380e-03,1.4517158573e-03,1.4516828610e-03,1.4516406141e-03,1.4515860652e-03,1.4515150109e-03,1.4514216070e-03,1.4512976471e-03,1.4511314849e-03,1.4509064030e-03,1.4505981083e-03,1.4501708270e-03,1.4495711178e-03,1.4487179027e-03,1.4474861171e-03,1.4456794178e-03,1.4429838312e-03,1.4388878291e-03,1.4325431351e-03,1.4225228556e-03,1.4064147766e-03,1.3879590366e-03,1.3682398949e-03,1.3483029761e-03,1.3290253991e-03,1.3110543838e-03,1.2948008224e-03,1.2804675875e-03,1.2680940159e-03,1.2576032657e-03,1.2488447957e-03,1.2416285546e-03,1.2357502583e-03,1.2310086422e-03,1.2272161922e-03,1.2242049614e-03,1.2218289144e-03,1.2199639734e-03,1.2185066627e-03,1.2173720010e-03,1.2164910814e-03,1.2158086296e-03,1.2152807085e-03,1.2148726611e-03,1.2145573285e-03,1.2143135438e-03,1.2141248852e-03,1.2139786596e-03,1.2138650852e-03,1.2137766410e-03,1.2137075536e-03,1.2136533960e-03,1.2136107749e-03,1.2135770891e-03,1.2135503437e-03,1.2135290069e-03,1.2135119004e-03,1.2134981163e-03,1.2134869529e-03,1.2134778666e-03,1.2134704343e-03,1.2134643262e-03,1.2134592833e-03,1.2134551020e-03,1.2134516210e-03,1.2134487120e-03,1.2134462727e-03,1.2134442208e-03,1.2134424897e-03,1.2134410254e-03,1.2134397840e-03,1.2134387293e-03,1.2134378316e-03,1.2134370662e-03,1.2134364127e-03,1.2134358540e-03,1.2134353758e-03,1.2134349662e-03,1.2134346149e-03,1.2134343135e-03,1.2134340546e-03,1.2134338323e-03,1.2134336411e-03,1.2134334767e-03,1.2134333353e-03,1.2134332136e-03,1.2134331089e-03,1.2134330187e-03,1.2134329410e-03,1.2134328741e-03,1.2134328165e-03,1.2134327668e-03,1.2134327240e-03,1.2134326871e-03,1.2134326553e-03,1.2134326278e-03,1.2134326041e-03,1.2134325836e-03,1.2134325660e-03,1.2134325507e-03,1.2134325375e-03,1.2134325242e-03,1.2134325109e-03,1.2134324975e-03,1.2134324841e-03,1.2134324705e-03,1.2134324568e-03,1.2134324430e-03,1.2134324289e-03,1.2134324146e-03,1.2134323999e-03,1.2134323848e-03,1.2134323692e-03,1.2134323528e-03,1.2134323354e-03,1.2134323167e-03,1.2134322963e-03,1.2134322733e-03,1.2134322466e-03,1.2134322141e-03,5.0002359844e-02,5.0002359853e-02,5.0002359862e-02,5.0002359870e-02,5.0002359878e-02,5.0002359882e-02,5.0002359887e-02,5.0002359890e-02,5.0002359894e-02,5.0002359898e-02,5.0002359901e-02,5.0002359901e-02,5.0002359901e-02,5.0002359906e-02,5.0002359903e-02,5.0002359905e-02,5.0002359903e-02,5.0002359908e-02,5.0002359905e-02,5.0002359904e-02,5.0002359907e-02,5.0002359906e-02,5.0002359906e-02,5.0002359906e-02,5.0002359906e-02,5.0002359907e-02,5.0002359906e-02,5.0002359906e-02,5.0002359906e-02,5.0002359906e-02,5.0002359905e-02,5.0002359904e-02,5.0002359903e-02,5.0002359902e-02,5.0002359899e-02,5.0002359895e-02,5.0002359889e-02,5.0002359879e-02,5.0002359865e-02,5.0002359843e-02,5.0002359809e-02,5.0002359758e-02,5.0002359679e-02,5.0002359558e-02,5.0002359373e-02,5.0002359086e-02,5.0002358640e-02,5.0002357944e-02,5.0002356839e-02,5.0002355055e-02,5.0002352097e-02,5.0002347092e-02,5.0002343696e-02,5.0002341612e-02,5.0002340432e-02,5.0002339805e-02,5.0002339489e-02,5.0002339336e-02,5.0002339264e-02,5.0002339231e-02,5.0002339217e-02,5.0002339210e-02,5.0002339207e-02,5.0002339205e-02,5.0002339205e-02,5.0002339204e-02,5.0002339204e-02,5.0002339204e-02,5.0002339204e-02,5.0002339204e-02,5.0002339204e-02,5.0002339204e-02,5.0002339204e-02,5.0002339204e-02,5.0002339204e-02,5.0002339204e-02,5.0002339204e-02,5.0002339204e-02,5.0002339204e-02,5.0002339204e-02,5.0002339204e-02,5.0002339204e-02,5.0002339204e-02,5.0002339204e-02,5.0002339204e-02,5.0002339204e-02,5.0002339204e-02,5.0002339204e-02,5.0002339204e-02,5.0002339204e-02,5.0002339204e-02,5.0002339204e-02,5.0002339204e-02,5.0002339204e-02,5.0002339204e-02,5.0002339204e-02,5.0002339204e-02,5.0002339204e-02,5.0002339204e-02,5.0002339204e-02,5.0002339204e-02,5.0002339204e-02
1.5889689226e+03,8.6000009779e-08,8.5862485474e-08,8.5725242748e-08,8.5588282913e-08,8.5451604719e-08,8.5315207812e-08,8.5179092097e-08,8.5043256034e-08,8.4907699897e-08,8.4772422762e-08,8.4637423582e-08,8.4502702792e-08,8.4368258913e-08,8.4234091321e-08,8.4100200588e-08,8.3966585197e-08,8.3833244117e-08,8.3700177826e-08,8.3567385113e-08,8.3434865788e-08,8.3302619128e-08,8.3170646858e-08,8.2974919201e-08,8.2684997610e-08,8.2256347573e-08,8.1624332312e-08,8.0696284286e-08,7.9341835693e-08,7.7382943780e-08,7.4587905686e-08,7.0679291261e-08,6.5374943786e-08,5.8491309619e-08,5.0134905689e-08,4.0952475951e-08,3.2254541013e-08,2.5641190432e-08,2.1986150793e-08,2.0688137557e-08,2.0426844104e-08,2.0399854661e-08,2.0398532970e-08,2.0398529945e-08,2.0398557325e-08,2.0398579478e-08,2.0398592672e-08,2.0398597886e-08,2.0398599095e-08,2.0398599244e-08,2.0398599253e-08,2.0398599253e-08,2.0398599161e-08,2.0398588409e-08,2.0398111206e-08,2.0388958161e-08,2.0307109414e-08,1.9933369392e-08,1.8945657619e-08,1.7199462267e-08,1.4861518225e-08,1.3077562243e-08,4.5325925414e-08,7.1429137430e-07,6.9307614677e-06,3.6547107116e-05,1.1721265702e-04,2.6042607861e-04,4.4791573541e-04,6.4690408055e-04,8.2981996586e-04,9.8215897408e-04,1.1007067822e-03,1.1887571293e-03,1.2521016376e-03,1.2966913165e-03,1.3276181393e-03,1.3488545812e-03,1.3633383773e-03,1.3731715453e-03,1.3798267759e-03,1.3843217784e-03,1.3873535045e-03,1.3903922612e-03,1.3934379968e-03,1.3964907160e-03,1.3995504206e-03,1.4026171087e-03,1.4056907738e-03,1.4087714044e-03,1.4118589823e-03,1.4149534814e-03,1.4180548666e-03,1.4211630913e-03,1.4242780954e-03,1.4273998029e-03,1.4305281184e-03,1.4336629233e-03,1.4368040716e-03,1.4399513837e-03,1.4431046392e-03,1.4462635669e-03,1.4494278306e-03,1.4494278299e-03,1.4494278291e-03,1.4494278284e-03,1.4494278276e-03,1.4494278268e-03,1.4494278261e-03,1.4494278253e-03,1.4494278246e-03,1.4494278238e-03,1.4494278231e-03,1.4494278224e-03,1.4494278217e-03,1.4494278210e-03,1.4494278203e-03,1.4494278197e-03,1.4494278190e-03,1.4494278183e-03,1.4494278177e-03,1.4494278171e-03,1.4494278164e-03,1.4494278157e-03,1.4494278151e-03,1.4494278141e-03,1.4494278132e-03,1.4494278120e-03,1.4494278107e-03,1.4494278092e-03,1.4494278074e-03,1.4494278053e-03,1.4494278029e-03,1.4494278001e-03,1.4494277969e-03,1.4494277932e-03,1.4494277889e-03,1.4494277838e-03,1.4494277780e-03,1.4494277712e-03,1.4494277634e-03,1.4494277543e-03,1.4494277437e-03,1.4494277315e-03,1.4494277173e-03,1.4494277008e-03,1.4494276817e-03,1.4494276596e-03,1.4494276338e-03,1.4494276040e-03,1.4494275693e-03,1.4494275290e-03,1.4494274823e-03,1.4494274281e-03,1.4494273650e-03,1.4494272918e-03,1.4494272067e-03,1.4494271077e-03,1.4494269926e-03,1.4494268587e-03,1.4494267027e-03,1.4494265210e-03,1.4494263092e-03,1.4494260620e-03,1.4494257734e-03,1.4494254359e-03,1.4494250408e-03,1.4494245776e-03,1.4494240338e-03,1.4494233941e-03,1.4494226399e-03,1.4494217489e-03,1.4494206932e-03,1.4494194388e-03,1.4494179433e-03,1.4494161538e-03,1.4494140037e-03,1.4494114087e-03,1.4494082614e-03,1.4494044238e-03,1.4493997174e-03,1.4493939098e-03,1.4493866958e-03,1.4493776723e-03,1.4493663017e-03,1.4493518625e-03,1.4493333782e-03,1.4493095156e-03,1.4492784393e-03,1.4492375984e-03,1.4491834134e-03,1.4491108075e-03,1.4490125004e-03,1.4488779238e-03,1.4486915358e-03,1.4484301571e-03,1.4480586936e-03,1.4475231481e-03,1.4467390113e-03,1.4455716528e-03,1.4438027179e-03,1.4410719673e-03,1.4367766825e-03,1.4299021748e-03,1.4220505735e-03,1.4136697423e-03,1.4051871068e-03,1.3969613060e-03,1.3892599344e-03,1.3822573343e-03,1.3760449642e-03,1.3706478383e-03,1.3660423785e-03,1.3621728562e-03,1.3589650450e-03,1.3563366836e-03,1.3542049199e-03,1.3524911920e-03,1.3511240899e-03,1.3500407286e-03,1.3491870853e-03,1.3485176697e-03,1.3479948025e-03,1.3475877016e-03,1.3472715106e-03,1.3470263560e-03,1.3468364806e-03,1.3466894805e-03,1.3465756495e-03,1.3464874309e-03,1.3464189658e-03,1.3463657270e-03,1.3463242250e-03,1.3462917758e-03,1.3462663173e-03,1.3462462666e-03,1.3462304085e-03,1.3462178098e-03,1.3462077529e-03,1.3461996858e-03,1.3461931823e-03,1.3461879130e-03,1.3461836223e-03,1.3461801114e-03,1.3461772251e-03,1.3461748414e-03,1.3461728644e-03,1.3461712181e-03,1.3461698421e-03,1.3461686880e-03,1.3461677170e-03,1.3461668976e-03,1.3461662045e-03,1.3461656168e-03,1.3461651175e-03,1.3461646924e-03,1.3461643299e-03,1.3461640204e-03,1.3461637558e-03,1.3461635294e-03,1.3461633353e-03,1.3461631689e-03,1.3461630261e-03,1.3461629035e-03,1.3461627982e-03,1.3461627076e-03,1.3461626298e-03,1.3461625628e-03,1.3461625051e-03,1.3461624555e-03,1.3461624128e-03,1.3461623760e-03,1.3461623443e-03,1.3461623170e-03,1.3461622934e-03,1.3461622731e-03,1.3461622557e-03,1.3461622406e-03,1.3461622276e-03,1.3461622163e-03,1.3461622066e-03,1.3461621983e-03,1.3461621910e-03,1.3461621848e-03,1.3461621785e-03,1.3461621722e-03,1.3461621658e-03,1.3461621595e-03,1.3461621530e-03,1.3461621465e-03,1.3461621400e-03,1.3461621333e-03,1.3461621265e-03,1.3461621196e-03,1.3461621124e-03,1.3461621050e-03,1.3461620972e-03,1.3461620890e-03,1.3461620802e-03,1.3461620705e-03,1.3461620596e-03,1.3461620469e-03,1.3461620316e-03,5.0002514873e-02,5.0002514876e-02,5.0002514882e-02,5.0002514885e-02,5.0002514889e-02,5.0002514890e-02,5.0002514894e-02,5.0002514896e-02,5.0002514895e-02,5.0002514900e-02,5.0002514897e-02,5.0002514902e-02,5.0002514900e-02,5.0002514901e-02,5.0002514901e-02,5.0002514901e-02,5.0002514902e-02,5.0002514903e-02,5.0002514901e-02,5.0002514902e-02,5.0002514901e-02,5.0002514902e-02,5.0002514903e-02,5.0002514902e-02,5.0002514902e-02,5.0002514902e-02,5.0002514902e-02,5.0002514902e-02,5.0002514902e-02,5.0002514902e-02,5.0002514902e-02,5.0002514901e-02,5.0002514900e-02,5.0002514899e-02,5.0002514898e-02,5.0002514895e-02,5.0002514891e-02,5.0002514885e-02,5.0002514876e-02,5.0002514863e-02,5.0002514841e-02,5.0002514809e-02,5.0002514760e-02,5.0002514684e-02,5.0002514567e-02,5.0002514386e-02,5.0002514106e-02,5.0002513666e-02,5.0002512966e-02,5.0002511831e-02,5.0002509936e-02,5.0002506692e-02,5.0002504471e-02,5.0002503100e-02,5.0002502321e-02,5.0002501907e-02,5.0002501698e-02,5.0002501597e-02,5.0002501550e-02,5.0002501528e-02,5.0002501518e-02,5.0002501514e-02,5.0002501512e-02,5.0002501511e-02,5.0002501510e-02,5.0002501510e-02,5.0002501510e-02,5.0002501510e-02,5.0002501510e-02,5.0002501510e-02,5.0002501510e-02,5.0002501510e-02,5.0002501510e-02,5.0002501510e-02,5.0002501510e-02,5.0002501510e-02,5.0002501510e-02,5.0002501510e-02,5.0002501510e-02,5.0002501510e-02,5.0002501510e-02,5.0002501510e-02,5.0002501510e-02,5.0002501510e-02,5.0002501510e-02,5.0002501510e-02,5.0002501510e-02,5.0002501510e-02,5.0002501510e-02,5.0002501510e-02,5.0002501510e-02,5.0002501510e-02,5.0002501510e-02,5.0002501510e-02,5.0002501510e-02,5.0002501510e-02,5.0002501510e-02,5.0002501510e-02,5.0002501510e-02,5.0002501510e-02,5.0002501510e-02,5.0002501510e-02
2.6553138743e+03,8.6000010988e-08,8.5862485399e-08,8.5725242864e-08,8.5588282487e-08,8.5451604884e-08,8.5315208066e-08,8.5179091790e-08,8.5043256426e-08,8.4907699710e-08,8.4772422785e-08,8.4637423721e-08,8.4502702347e-08,8.4368258867e-08,8.4234091747e-08,8.4100200626e-08,8.3966585079e-08,8.3833243957e-08,8.3700177822e-08,8.3567385382e-08,8.3434865754e-08,8.3302619214e-08,8.3170646861e-08,8.2974919132e-08,8.2684997690e-08,8.2256347579e-08,8.1624332233e-08,8.0696284308e-08,7.9341835701e-08,7.7382943785e-08,7.4587905689e-08,7.0679291252e-08,6.5374943794e-08,5.8491309620e-08,5.0134905696e-08,4.0952475960e-08,3.2254541009e-08,2.5641190424e-08,2.1986150793e-08,2.0688137554e-08,2.0426844107e-08,2.0399854658e-08,2.0398532972e-08,2.0398529946e-08,2.0398557324e-08,2.0398579478e-08,2.0398592672e-08,2.0398597886e-08,2.0398599095e-08,2.0398599244e-08,2.0398599253e-08,2.0398599253e-08,2.0398599161e-08,2.0398588409e-08,2.0398111193e-08,2.0388957906e-08,2.0307106996e-08,1.9933357045e-08,1.8945618552e-08,1.7199373953e-08,1.4861348967e-08,1.3076378728e-08,4.5285977205e-08,7.1350489706e-07,6.9230512731e-06,3.6506343007e-05,1.1708135136e-04,2.6013212926e-04,4.4740502270e-04,6.4615835553e-04,8.2885354081e-04,9.8100521324e-04,1.0994049581e-03,1.1873440110e-03,1.2506077444e-03,1.2951402041e-03,1.3260271642e-03,1.3472361496e-03,1.3617011803e-03,1.3715215901e-03,1.3781681774e-03,1.3826573384e-03,1.3856851229e-03,1.3887199274e-03,1.3917617003e-03,1.3948104464e-03,1.3978661673e-03,1.4009288613e-03,1.4039985218e-03,1.4070751374e-03,1.4101586897e-03,1.4132491530e-03,1.4163464920e-03,1.4194506602e-03,1.4225615977e-03,1.4256792285e-03,1.4288034574e-03,1.4319341661e-03,1.4350712088e-03,1.4382144061e-03,1.4413635379e-03,1.4445183336e-03,1.4476784574e-03,1.4476784574e-03,1.4476784574e-03,1.4476784573e-03,1.4476784573e-03,1.4476784573e-03,1.4476784573e-03,1.4476784572e-03,1.4476784572e-03,1.4476784572e-03,1.4476784572e-03,1.4476784571e-03,1.4476784571e-03,1.4476784571e-03,1.4476784571e-03,1.4476784571e-03,1.4476784570e-03,1.4476784570e-03,1.4476784570e-03,1.4476784569e-03,1.4476784569e-03,1.4476784569e-03,1.4476784569e-03,1.4476784568e-03,1.4476784568e-03,1.4476784568e-03,1.4476784567e-03,1.4476784567e-03,1.4476784566e-03,1.4476784565e-03,1.4476784565e-03,1.4476784564e-03,1.4476784562e-03,1.4476784561e-03,1.4476784560e-03,1.4476784558e-03,1.4476784556e-03,1.4476784554e-03,1.4476784551e-03,1.4476784548e-03,1.4476784544e-03,1.4476784540e-03,1.4476784535e-03,1.4476784529e-03,1.4476784522e-03,1.4476784515e-03,1.4476784506e-03,1.4476784495e-03,1.4476784483e-03,1.4476784469e-03,1.4476784453e-03,1.4476784434e-03,1.4476784412e-03,1.4476784387e-03,1.4476784357e-03,1.4476784323e-03,1.4476784283e-03,1.4476784236e-03,1.4476784182e-03,1.4476784119e-03,1.4476784045e-03,1.4476783960e-03,1.4476783859e-03,1.4476783742e-03,1.4476783605e-03,1.4476783444e-03,1.4476783255e-03,1.4476783032e-03,1.4476782770e-03,1.4476782461e-03,1.4476782094e-03,1.4476781658e-03,1.4476781139e-03,1.4476780517e-03,1.4476779770e-03,1.4476778869e-03,1.4476777775e-03,1.4476776443e-03,1.4476774808e-03,1.4476772792e-03,1.4476770287e-03,1.4476767155e-03,1.4476763209e-03,1.4476758199e-03,1.4476751787e-03,1.4476743512e-03,1.4476732739e-03,1.4476718588e-03,1.4476699823e-03,1.4476674695e-03,1.4476640702e-03,1.4476594216e-03,1.4476529921e-03,1.4476439912e-03,1.4476312276e-03,1.4476128780e-03,1.4475861081e-03,1.4475464402e-03,1.4474866853e-03,1.4473951266e-03,1.4472524323e-03,1.4470265337e-03,1.4467711464e-03,1.4465005350e-03,1.4462278942e-03,1.4459640999e-03,1.4457172028e-03,1.4454924492e-03,1.4452926157e-03,1.4451184943e-03,1.4449694081e-03,1.4448436892e-03,1.4447390811e-03,1.4446530531e-03,1.4445830300e-03,1.4445265469e-03,1.4444813443e-03,1.4444454170e-03,1.4444170302e-03,1.4443947137e-03,1.4443772429e-03,1.4443636121e-03,1.4443530054e-03,1.4443447679e-03,1.4443383781e-03,1.4443334245e-03,1.4443295840e-03,1.4443266044e-03,1.4443242898e-03,1.4443224883e-03,1.4443210829e-03,1.4443199832e-03,1.4443191199e-03,1.4443184396e-03,1.4443179013e-03,1.4443174734e-03,1.4443171317e-03,1.4443168575e-03,1.4443166363e-03,1.4443164571e-03,1.4443163111e-03,1.4443161916e-03,1.4443160933e-03,1.4443160121e-03,1.4443159448e-03,1.4443158887e-03,1.4443158418e-03,1.4443158025e-03,1.4443157694e-03,1.4443157415e-03,1.4443157178e-03,1.4443156978e-03,1.4443156808e-03,1.4443156663e-03,1.4443156539e-03,1.4443156434e-03,1.4443156344e-03,1.4443156266e-03,1.4443156200e-03,1.4443156143e-03,1.4443156095e-03,1.4443156053e-03,1.4443156017e-03,1.4443155986e-03,1.4443155959e-03,1.4443155937e-03,1.4443155917e-03,1.4443155900e-03,1.4443155885e-03,1.4443155873e-03,1.4443155862e-03,1.4443155853e-03,1.4443155845e-03,1.4443155838e-03,1.4443155832e-03,1.4443155827e-03,1.4443155822e-03,1.4443155818e-03,1.4443155815e-03,1.4443155812e-03,1.4443155810e-03,1.4443155808e-03,1.4443155805e-03,1.4443155803e-03,1.4443155801e-03,1.4443155799e-03,1.4443155797e-03,1.4443155795e-03,1.4443155792e-03,1.4443155790e-03,1.4443155788e-03,1.4443155785e-03,1.4443155783e-03,1.4443155780e-03,1.4443155778e-03,1.4443155775e-03,1.4443155772e-03,1.4443155769e-03,1.4443155765e-03,1.4443155761e-03,1.4443155755e-03,5.0002644419e-02,5.0002644418e-02,5.0002644419e-02,5.0002644419e-02,5.0002644419e-02,5.0002644420e-02,5.0002644418e-02,5.0002644421e-02,5.0002644420e-02,5.0002644419e-02,5.0002644418e-02,5.0002644420e-02,5.0002644420e-02,5.0002644420e-02,5.0002644420e-02,5.0002644418e-02,5.0002644420e-02,5.0002644420e-02,5.0002644419e-02,5.0002644419e-02,5.0002644421e-02,5.0002644419e-02,5.0002644419e-02,5.0002644420e-02,5.0002644420e-02,5.0002644420e-02,5.0002644420e-02,5.0002644420e-02,5.0002644420e-02,5.0002644420e-02,5.0002644420e-02,5.0002644420e-02,5.0002644420e-02,5.0002644420e-02,5.0002644419e-02,5.0002644419e-02,5.0002644419e-02,5.0002644419e-02,5.0002644419e-02,5.0002644418e-02,5.0002644417e-02,5.0002644416e-02,5.0002644414e-02,5.0002644412e-02,5.0002644407e-02,5.0002644401e-02,5.0002644391e-02,5.0002644375e-02,5.0002644349e-02,5.0002644308e-02,5.0002644238e-02,5.0002644119e-02,5.0002644038e-02,5.0002643987e-02,5.0002643958e-02,5.0002643943e-02,5.0002643935e-02,5.0002643931e-02,5.0002643930e-02,5.0002643929e-02,5.0002643929e-02,5.0002643928e-02,5.0002643928e-02,5.0002643928e-02,5.0002643928e-02,5.0002643928e-02,5.0002643928e-02,5.0002643928e-02,5.0002643928e-02,5.0002643928e-02,5.0002643928e-02,5.0002643928e-02,5.0002643928e-02,5.0002643928e-02,5.0002643928e-02,5.0002643928e-02,5.0002643928e-02,5.0002643928e-02,5.0002643928e-02,5.0002643928e-02,5.0002643928e-02,5.0002643928e-02,5.0002643928e-02,5.0002643928e-02,5.0002643928e-02,5.0002643928e-02,5.0002643928e-02,5.0002643928e-02,5.0002643928e-02,5.0002643928e-02,5.0002643928e-02,5.0002643928e-02,5.0002643928e-02,5.0002643928e-02,5.0002643928e-02,5.0002643928e-02,5.0002643928e-02,5.0002643928e-02,5.0002643928e-02,5.0002643928e-02,5.0002643928e-02,5.0002643928e-02
5.3303944501e+03,8.6000010663e-08,8.5862485349e-08,8.5725242605e-08,8.5588282911e-08,8.5451604573e-08,8.5315207956e-08,8.5179091909e-08,8.5043256118e-08,8.4907699930e-08,8.4772422490e-08,8.4637423840e-08,8.4502702833e-08,8.4368258582e-08,8.4234091851e-08,8.4100200652e-08,8.3966584940e-08,8.3833244246e-08,8.3700177517e-08,8.3567385323e-08,8.3434866070e-08,8.3302618871e-08,8.3170646835e-08,8.2974919128e-08,8.2684997687e-08,8.2256347564e-08,8.1624332308e-08,8.0696284290e-08,7.9341835677e-08,7.7382943773e-08,7.4587905686e-08,7.0679291263e-08,6.5374943787e-08,5.8491309619e-08,5.0134905690e-08,4.0952475956e-08,3.2254541007e-08,2.5641190426e-08,2.1986150795e-08,2.0688137555e-08,2.0426844101e-08,2.0399854663e-08,2.0398532973e-08,2.0398529945e-08,2.0398557324e-08,2.0398579478e-08,2.0398592672e-08,2.0398597886e-08,2.0398599095e-08,2.0398599244e-08,2.0398599253e-08,2.0398599253e-08,2.0398599161e-08,2.0398588409e-08,2.0398111193e-08,2.0388957897e-08,2.0307106911e-08,1.9933356616e-08,1.8945617196e-08,1.7199370885e-08,1.4861343090e-08,1.3076337863e-08,4.5284600052e-08,7.1347778606e-07,6.9227854918e-06,3.6504937807e-05,1.1707682506e-04,2.6012199645e-04,4.4738741796e-04,6.4613265000e-04,8.2882022803e-04,9.8096544339e-04,1.0993600849e-03,1.1872953019e-03,1.2505562513e-03,1.2950867389e-03,1.3259723251e-03,1.3471803642e-03,1.3616447482e-03,1.3714647182e-03,1.3781110076e-03,1.3825999673e-03,1.3856276159e-03,1.3886622842e-03,1.3917039205e-03,1.3947525297e-03,1.3978081133e-03,1.4008706696e-03,1.4039401922e-03,1.4070166693e-03,1.4101000829e-03,1.4131904071e-03,1.4162876066e-03,1.4193916350e-03,1.4225024324e-03,1.4256199227e-03,1.4287440108e-03,1.4318745783e-03,1.4350114795e-03,1.4381545349e-03,1.4413035247e-03,1.4444581779e-03,1.4476181591e-03,1.4476181591e-03,1.4476181591e-03,1.4476181591e-03,1.4476181591e-03,1.4476181591e-03,1.4476181591e-03,1.4476181591e-03,1.4476181590e-03,1.4476181591e-03,1.4476181591e-03,1.4476181591e-03,1.4476181591e-03,1.4476181591e-03,1.4476181591e-03,1.4476181590e-03,1.4476181591e-03,1.4476181591e-03,1.4476181591e-03,1.4476181591e-03,1.4476181590e-03,1.4476181591e-03,1.4476181590e-03,1.4476181591e-03,1.4476181591e-03,1.4476181591e-03,1.4476181591e-03,1.4476181591e-03,1.4476181591e-03,1.4476181591e-03,1.4476181591e-03,1.4476181591e-03,1.4476181591e-03,1.4476181591e-03,1.4476181591e-03,1.4476181591e-03,1.4476181591e-03,1.4476181591e-03,1.4476181591e-03,1.4476181591e-03,1.4476181591e-03,1.4476181591e-03,1.4476181591e-03,1.4476181591e-03,1.4476181591e-03,1.4476181591e-03,1.4476181591e-03,1.4476181591e-03,1.4476181591e-03,1.4476181591e-03,1.4476181591e-03,1.4476181591e-03,1.4476181591e-03,1.4476181591e-03,1.4476181591e-03,1.4476181591e-03,1.4476181590e-03,1.4476181590e-03,1.4476181590e-03,1.4476181590e-03,1.4476181590e-03,1.4476181590e-03,1.4476181590e-03,1.4476181590e-03,1.4476181590e-03,1.4476181590e-03,1.4476181590e-03,1.4476181590e-03,1.4476181590e-03,1.4476181590e-03,1.4476181590e-03,1.4476181589e-03,1.4476181589e-03,1.4476181589e-03,1.4476181589e-03,1.4476181588e-03,1.4476181588e-03,1.4476181588e-03,1.4476181587e-03,1.4476181586e-03,1.4476181585e-03,1.4476181584e-03,1.4476181582e-03,1.4476181581e-03,1.4476181578e-03,1.4476181575e-03,1.4476181571e-03,1.4476181566e-03,1.4476181558e-03,1.4476181549e-03,1.4476181536e-03,1.4476181518e-03,1.4476181494e-03,1.4476181460e-03,1.4476181411e-03,1.4476181341e-03,1.4476181240e-03,1.4476181089e-03,1.4476180863e-03,1.4476180516e-03,1.4476179976e-03,1.4476179122e-03,1.4476178157e-03,1.4476177136e-03,1.4476176108e-03,1.4476175114e-03,1.4476174184e-03,1.4476173338e-03,1.4476172585e-03,1.4476171929e-03,1.4476171368e-03,1.4476170894e-03,1.4476170500e-03,1.4476170176e-03,1.4476169913e-03,1.4476169700e-03,1.4476169530e-03,1.4476169394e-03,1.4476169287e-03,1.4476169203e-03,1.4476169137e-03,1.4476169086e-03,1.4476169046e-03,1.4476169015e-03,1.4476168991e-03,1.4476168972e-03,1.4476168958e-03,1.4476168946e-03,1.4476168938e-03,1.4476168931e-03,1.4476168926e-03,1.4476168921e-03,1.4476168918e-03,1.4476168916e-03,1.4476168914e-03,1.4476168912e-03,1.4476168911e-03,1.4476168910e-03,1.4476168909e-03,1.4476168908e-03,1.4476168908e-03,1.4476168907e-03,1.4476168907e-03,1.4476168906e-03,1.4476168906e-03,1.4476168906e-03,1.4476168906e-03,1.4476168906e-03,1.4476168906e-03,1.4476168905e-03,1.4476168905e-03,1.4476168905e-03,1.4476168905e-03,1.4476168905e-03,1.4476168905e-03,1.4476168905e-03,1.4476168905e-03,1.4476168905e-03,1.4476168905e-03,1.4476168905e-03,1.4476168905e-03,1.4476168905e-03,1.4476168905e-03,1.4476168905e-03,1.4476168905e-03,1.4476168905e-03,1.4476168905e-03,1.4476168905e-03,1.4476168905e-03,1.4476168905e-03,1.4476168905e-03,1.4476168905e-03,1.4476168905e-03,1.4476168905e-03,1.4476168905e-03,1.4476168905e-03,1.4476168905e-03,1.4476168905e-03,1.4476168905e-03,1.4476168905e-03,1.4476168905e-03,1.4476168905e-03,1.4476168905e-03,1.4476168905e-03,1.4476168905e-03,1.4476168905e-03,1.4476168905e-03,1.4476168905e-03,1.4476168905e-03,1.4476168905e-03,1.4476168905e-03,1.4476168905e-03,1.4476168905e-03,1.4476168905e-03,1.4476168905e-03,1.4476168905e-03,1.4476168905e-03,1.4476168905e-03,1.4476168905e-03,1.4476168905e-03,1.4476168905e-03,5.0002648797e-02,5.0002648797e-02,5.0002648796e-02,5.0002648797e-02,5.0002648798e-02,5.0002648797e-02,5.0002648796e-02,5.0002648798e-02,5.0002648795e-02,5.0002648798e-02,5.0002648797e-02,5.0002648796e-02,5.0002648798e-02,5.0002648796e-02,5.0002648796e-02,5.0002648797e-02,5.0002648798e-02,5.0002648796e-02,5.0002648797e-02,5.0002648797e-02,5.0002648796e-02,5.0002648796e-02,5.0002648798e-02,5.0002648796e-02,5.0002648797e-02,5.0002648797e-02,5.0002648797e-02,5.0002648797e-02,5.0002648797e-02,5.0002648797e-02,5.0002648797e-02,5.0002648797e-02,5.0002648797e-02,5.0002648797e-02,5.0002648797e-02,5.0002648797e-02,5.0002648797e-02,5.0002648797e-02,5.0002648797e-02,5.0002648797e-02,5.0002648797e-02,5.0002648797e-02,5.0002648797e-02,5.0002648797e-02,5.0002648797e-02,5.0002648797e-02,5.0002648797e-02,5.0002648797e-02,5.0002648797e-02,5.0002648797e-02,5.0002648797e-02,5.0002648797e-02,5.0002648797e-02,5.0002648797e-02,5.0002648797e-02,5.0002648797e-02,5.0002648797e-02,5.0002648797e-02,5.0002648797e-02,5.0002648797e-02,5.0002648797e-02,5.0002648797e-02,5.0002648797e-02,5.0002648797e-02,5.0002648797e-02,5.0002648797e-02,5.0002648797e-02,5.0002648797e-02,5.0002648797e-02,5.0002648797e-02,5.0002648797e-02,5.0002648797e-02,5.0002648797e-02,5.0002648797e-02,5.0002648797e-02,5.0002648797e-02,5.0002648797e-02,5.0002648797e-02,5.0002648797e-02,5.0002648797e-02,5.0002648797e-02,5.0002648796e-02,5.0002648797e-02,5.0002648797e-02,5.0002648797e-02,5.0002648797e-02,5.0002648797e-02,5.0002648797e-02,5.0002648796e-02,5.0002648797e-02,5.0002648797e-02,5.0002648797e-02,5.0002648797e-02,5.0002648797e-02,5.0002648797e-02,5.0002648797e-02,5.0002648797e-02,5.0002648797e-02,5.0002648797e-02,5.0002648797e-02,5.0002648797e-02,5.0002648797e-02
1.0700469451e+04,8.6000012092e-08,8.5862485472e-08,8.5725242727e-08,8.5588282627e-08,8.5451604950e-08,8.5315207691e-08,8.5179092254e-08,8.5043256226e-08,8.4907699678e-08,8.4772422784e-08,8.4637423562e-08,8.4502702883e-08,8.4368258870e-08,8.4234091672e-08,8.4100200212e-08,8.3966585103e-08,8.3833244071e-08,8.3700177971e-08,8.3567385060e-08,8.3434865852e-08,8.3302619047e-08,8.3170646962e-08,8.2974919044e-08,8.2684997683e-08,8.2256347652e-08,8.1624332276e-08,8.0696284304e-08,7.9341835688e-08,7.7382943770e-08,7.4587905692e-08,7.0679291264e-08,6.5374943788e-08,5.8491309622e-08,5.0134905697e-08,4.0952475959e-08,3.2254541010e-08,2.5641190424e-08,2.1986150791e-08,2.0688137550e-08,2.0426844112e-08,2.0399854655e-08,2.0398532973e-08,2.0398529945e-08,2.0398557325e-08,2.0398579476e-08,2.0398592673e-08,2.0398597886e-08,2.0398599095e-08,2.0398599244e-08,2.0398599253e-08,2.0398599253e-08,2.0398599161e-08,2.0398588409e-08,2.0398111193e-08,2.0388957897e-08,2.0307106912e-08,1.9933356616e-08,1.8945617196e-08,1.7199370883e-08,1.4861343087e-08,1.3076337850e-08,4.5284599531e-08,7.1347777579e-07,6.9227853910e-06,3.6504937275e-05,1.1707682334e-04,2.6012199261e-04,4.4738741129e-04,6.4613264026e-04,8.2882021541e-04,9.8096542832e-04,1.0993600679e-03,1.1872952834e-03,1.2505562318e-03,1.2950867186e-03,1.3259723043e-03,1.3471803431e-03,1.3616447268e-03,1.3714646967e-03,1.3781109860e-03,1.3825999456e-03,1.3856275941e-03,1.3886622623e-03,1.3917038986e-03,1.3947525077e-03,1.3978080913e-03,1.4008706476e-03,1.4039401701e-03,1.4070166472e-03,1.4101000607e-03,1.4131903849e-03,1.4162875843e-03,1.4193916127e-03,1.4225024099e-03,1.4256199002e-03,1.4287439882e-03,1.4318745557e-03,1.4350114568e-03,1.4381545122e-03,1.4413035019e-03,1.4444581551e-03,1.4476181362e-03,1.4476181362e-03,1.4476181362e-03,1.4476181362e-03,1.4476181362e-03,1.4476181362e-03,1.4476181362e-03,1.4476181362e-03,1.4476181362e-03,1.4476181362e-03,1.4476181362e-03,1.4476181362e-03,1.4476181362e-03,1.4476181362e-03,1.4476181362e-03,1.4476181362e-03,1.4476181362e-03,1.4476181362e-03,1.4476181362e-03,1.4476181362e-03,1.4476181362e-03,1.4476181362e-03,1.4476181362e-03,1.4476181362e-03,1.4476181362e-03,1.4476181362e-03,1.4476181362e-03,1.4476181362e-03,1.4476181362e-03,1.4476181362e-03,1.4476181362e-03,1.4476181362e-03,1.4476181362e-03,1.4476181362e-03,1.4476181362e-03,1.4476181362e-03,1.4476181362e-03,1.4476181362e-03,1.4476181362e-03,1.4476181362e-03,1.4476181362e-03,1.4476181362e-03,1.4476181362e-03,1.4476181362e-03,1.4476181362e-03,1.4476181362e-03,1.4476181362e-03,1.4476181362e-03,1.4476181362e-03,1.4476181362e-03,1.4476181362e-03,1.4476181362e-03,1.4476181362e-03,1.4476181362e-03,1.4476181362e-03,1.4476181362e-03,1.4476181362e-03,1.4476181362e-03,1.4476181362e-03,1.4476181362e-03,1.4476181362e-03,1.4476181362e-03,1.4476181362e-03,1.4476181362e-03,1.4476181362e-03,1.4476181362e-03,1.4476181362e-03,1.4476181362e-03,1.4476181362e-03,1.4476181362e-03,1.4476181362e-03,1.4476181362e-03,1.4476181362e-03,1.4476181362e-03,1.4476181362e-03,1.4476181362e-03,1.4476181362e-03,1.4476181362e-03,1.4476181362e-03,1.4476181362e-03,1.4476181362e-03,1.4476181362e-03,1.4476181362e-03,1.4476181362e-03,1.4476181362e-03,1.4476181362e-03,1.4476181362e-03,1.4476181362e-03,1.4476181362e-03,1.4476181362e-03,1.4476181362e-03,1.4476181362e-03,1.4476181362e-03,1.4476181362e-03,1.4476181362e-03,1.4476181362e-03,1.4476181362e-03,1.4476181362e-03,1.4476181362e-03,1.4476181362e-03,1.4476181362e-03,1.4476181362e-03,1.4476181362e-03,1.4476181362e-03,1.4476181362e-03,1.4476181362e-03,1.4476181362e-03,1.4476181362e-03,1.4476181362e-03,1.4476181362e-03,1.4476181362e-03,1.4476181362e-03,1.4476181362e-03,1.4476181362e-03,1.4476181362e-03,1.4476181362e-03,1.4476181362e-03,1.4476181362e-03,1.4476181362e-03,1.4476181362e-03,1.4476181362e-03,1.4476181362e-03,1.4476181362e-03,1.4476181362e-03,1.4476181362e-03,1.4476181362e-03,1.4476181362e-03,1.4476181362e-03,1.4476181362e-03,1.4476181362e-03,1.4476181362e-03,1.4476181362e-03,1.4476181362e-03,1.4476181362e-03,1.4476181362e-03,1.4476181362e-03,1.4476181362e-03,1.4476181362e-03,1.4476181362e-03,1.4476181362e-03,1.4476181362e-03,1.4476181362e-03,1.4476181362e-03,1.4476181362e-03,1.4476181362e-03,1.4476181362e-03,1.4476181362e-03,1.4476181362e-03,1.4476181362e-03,1.4476181362e-03,1.4476181362e-03,1.4476181362e-03,1.4476181362e-03,1.4476181362e-03,1.4476181362e-03,1.4476181362e-03,1.4476181362e-03,1.4476181362e-03,1.4476181362e-03,1.4476181362e-03,1.4476181362e-03,1.4476181362e-03,1.4476181362e-03,1.4476181362e-03,1.4476181362e-03,1.4476181362e-03,1.4476181362e-03,1.4476181362e-03,1.4476181362e-03,1.4476181362e-03,1.4476181362e-03,1.4476181362e-03,1.4476181362e-03,1.4476181362e-03,1.4476181362e-03,1.4476181362e-03,1.4476181362e-03,1.4476181362e-03,1.4476181362e-03,1.4476181362e-03,1.4476181362e-03,1.4476181362e-03,1.4476181362e-03,1.4476181362e-03,1.4476181362e-03,1.4476181362e-03,1.4476181362e-03,1.4476181362e-03,1.4476181362e-03,1.4476181362e-03,1.4476181362e-03,1.4476181362e-03,1.4476181362e-03,1.4476181362e-03,1.4476181362e-03,1.4476181362e-03,1.4476181362e-03,1.4476181362e-03,1.4476181362e-03,1.4476181362e-03,1.4476181362e-03,5.0002648799e-02,5.0002648798e-02,5.0002648799e-02,5.0002648798e-02,5.0002648800e-02,5.0002648798e-02,5.0002648798e-02,5.0002648798e-02,5.0002648798e-02,5.0002648799e-02,5.0002648797e-02,5.0002648800e-02,5.0002648797e-02,5.0002648799e-02,5.0002648797e-02,5.0002648799e-02,5.0002648798e-02,5.0002648798e-02,5.0002648799e-02,5.0002648800e-02,5.0002648798e-02,5.0002648799e-02,5.0002648798e-02,5.0002648799e-02,5.0002648798e-02,5.0002648798e-02,5.0002648799e-02,5.0002648799e-02,5.0002648798e-02,5.0002648799e-02,5.0002648799e-02,5.0002648799e-02,5.0002648799e-02,5.0002648799e-02,5.0002648799e-02,5.0002648799e-02,5.0002648799e-02,5.0002648799e-02,5.0002648799e-02,5.0002648799e-02,5.0002648799e-02,5.0002648799e-02,5.0002648799e-02,5.0002648799e-02,5.0002648799e-02,5.0002648799e-02,5.0002648799e-02,5.0002648799e-02,5.0002648799e-02,5.0002648799e-02,5.0002648799e-02,5.0002648799e-02,5.0002648799e-02,5.0002648799e-02,5.0002648799e-02,5.0002648799e-02,5.0002648799e-02,5.0002648799e-02,5.0002648799e-02,5.0002648799e-02,5.0002648799e-02,5.0002648799e-02,5.0002648799e-02,5.0002648799e-02,5.0002648799e-02,5.0002648799e-02,5.0002648799e-02,5.0002648799e-02,5.0002648799e-02,5.0002648799e-02,5.0002648799e-02,5.0002648799e-02,5.0002648799e-02,5.0002648799e-02,5.0002648799e-02,5.0002648799e-02,5.0002648799e-02,5.0002648799e-02,5.0002648799e-02,5.0002648799e-02,5.0002648798e-02,5.0002648798e-02,5.0002648799e-02,5.0002648798e-02,5.0002648799e-02,5.0002648798e-02,5.0002648799e-02,5.0002648798e-02,5.0002648798e-02,5.0002648799e-02,5.0002648798e-02,5.0002648799e-02,5.0002648799e-02,5.0002648798e-02,5.0002648799e-02,5.0002648798e-02,5.0002648799e-02,5.0002648798e-02,5.0002648799e-02,5.0002648799e-02,5.0002648798e-02,5.0002648799e-02
2.0707025124e+04,8.6000011334e-08,8.5862485380e-08,8.5725242714e-08,8.5588282581e-08,8.5451604628e-08,8.5315208349e-08,8.5179091891e-08,8.5043256155e-08,8.4907699948e-08,8.4772422489e-08,8.4637423838e-08,8.4502702516e-08,8.4368258956e-08,8.4234091562e-08,8.4100200459e-08,8.3966585216e-08,8.3833243879e-08,8.3700177905e-08,8.3567385275e-08,8.3434866072e-08,8.3302618822e-08,8.3170646967e-08,8.2974919068e-08,8.2684997638e-08,8.2256347589e-08,8.1624332303e-08,8.0696284280e-08,7.9341835707e-08,7.7382943768e-08,7.4587905697e-08,7.0679291264e-08,6.5374943790e-08,5.8491309617e-08,5.0134905695e-08,4.0952475955e-08,3.2254541007e-08,2.5641190424e-08,2.1986150793e-08,2.0688137555e-08,2.0426844109e-08,2.0399854655e-08,2.0398532975e-08,2.0398529946e-08,2.0398557325e-08,2.0398579477e-08,2.0398592672e-08,2.0398597886e-08,2.0398599095e-08,2.0398599244e-08,2.0398599253e-08,2.0398599253e-08,2.0398599161e-08,2.0398588409e-08,2.0398111193e-08,2.0388957897e-08,2.0307106911e-08,1.9933356616e-08,1.8945617196e-08,1.7199370882e-08,1.4861343092e-08,1.3076337840e-08,4.5284599534e-08,7.1347777579e-07,6.9227853910e-06,3.6504937275e-05,1.1707682334e-04,2.6012199261e-04,4.4738741129e-04,6.4613264026e-04,8.2882021541e-04,9.8096542832e-04,1.0993600679e-03,1.1872952834e-03,1.2505562318e-03,1.2950867186e-03,1.3259723043e-03,1.3471803431e-03,1.3616447268e-03,1.3714646967e-03,1.3781109860e-03,1.3825999456e-03,1.3856275941e-03,1.3886622623e-03,1.3917038986e-03,1.3947525077e-03,1.3978080913e-03,1.4008706476e-03,1.4039401701e-03,1.4070166472e-03,1.4101000607e-03,1.4131903849e-03,1.4162875843e-03,1.4193916127e-03,1.4225024099e-03,1.4256199002e-03,1.4287439882e-03,1.4318745557e-03,1.4350114568e-03,1.4381545122e-03,1.4413035019e-03,1.4444581551e-03,1.4476181362e-03,1.4476181362e-03,1.4476181362e-03,1.4476181362e-03,1.4476181362e-03,1.4476181362e-03,1.4476181362e-03,1.4476181362e-03,1.4476181362e-03,1.4476181362e-03,1.4476181362e-03,1.4476181362e-03,1.4476181362e-03,1.4476181362e-03,1.4476181362e-03,1.4476181362e-03,1.4476181362e-03,1.4476181362e-03,1.4476181362e-03,1.4476181362e-03,1.4476181362e-03,1.4476181362e-03,1.4476181362e-03,1.4476181362e-03,1.4476181362e-03,1.4476181362e-03,1.4476181362e-03,1.4476181362e-03,1.4476181362e-03,1.4476181362e-03,1.4476181362e-03,1.4476181362e-03,1.4476181362e-03,1.4476181362e-03,1.4476181362e-03,1.4476181362e-03,1.4476181362e-03,1.4476181362e-03,1.4476181362e-03,1.4476181362e-03,1.4476181362e-03,1.4476181362e-03,1.4476181362e-03,1.4476181362e-03,1.4476181362e-03,1.4476181362e-03,1.4476181362e-03,1.4476181362e-03,1.4476181362e-03,1.4476181362e-03,1.4476181362e-03,1.4476181362e-03,1.4476181362e-03,1.4476181362e-03,1.4476181362e-03,1.4476181362e-03,1.4476181362e-03,1.4476181362e-03,1.4476181362e-03,1.4476181362e-03,1.4476181362e-03,1.4476181362e-03,1.4476181362e-03,1.4476181362e-03,1.4476181362e-03,1.4476181362e-03,1.4476181362e-03,1.4476181362e-03,1.4476181362e-03,1.4476181362e-03,1.4476181362e-03,1.4476181362e-03,1.4476181362e-03,1.4476181362e-03,1.4476181362e-03,1.4476181362e-03,1.4476181362e-03,1.4476181362e-03,1.4476181362e-03,1.4476181362e-03,1.4476181362e-03,1.4476181362e-03,1.4476181362e-03,1.4476181362e-03,1.4476181362e-03,1.4476181362e-03,1.4476181362e-03,1.4476181362e-03,1.4476181362e-03,1.4476181362e-03,1.4476181362e-03,1.4476181362e-03,1.4476181362e-03,1.4476181362e-03,1.4476181362e-03,1.4476181362e-03,1.4476181362e-03,1.4476181362e-03,1.4476181362e-03,1.4476181362e-03,1.4476181362e-03,1.4476181362e-03,1.4476181362e-03,1.4476181362e-03,1.4476181362e-03,1.4476181362e-03,1.4476181362e-03,1.4476181362e-03,1.4476181362e-03,1.4476181362e-03,1.4476181362e-03,1.4476181362e-03,1.4476181362e-03,1.4476181362e-03,1.4476181362e-03,1.4476181362e-03,1.4476181362e-03,1.4476181362e-03,1.4476181362e-03,1.4476181362e-03,1.4476181362e-03,1.4476181362e-03,1.4476181362e-03,1.4476181362e-03,1.4476181362e-03,1.4476181362e-03,1.4476181362e-03,1.4476181362e-03,1.4476181362e-03,1.4476181362e-03,1.4476181362e-03,1.4476181362e-03,1.4476181362e-03,1.4476181362e-03,1.4476181362e-03,1.4476181362e-03,1.4476181362e-03,1.4476181362e-03,1.4476181362e-03,1.4476181362e-03,1.4476181362e-03,1.4476181362e-03,1.4476181362e-03,1.4476181362e-03,1.4476181362e-03,1.4476181362e-03,1.4476181362e-03,1.4476181362e-03,1.4476181362e-03,1.4476181362e-03,1.4476181362e-03,1.4476181362e-03,1.4476181362e-03,1.4476181362e-03,1.4476181362e-03,1.4476181362e-03,1.4476181362e-03,1.4476181362e-03,1.4476181362e-03,1.4476181362e-03,1.4476181362e-03,1.4476181362e-03,1.4476181362e-03,1.4476181362e-03,1.4476181362e-03,1.4476181362e-03,1.4476181362e-03,1.4476181362e-03,1.4476181362e-03,1.4476181362e-03,1.4476181362e-03,1.4476181362e-03,1.4476181362e-03,1.4476181362e-03,1.4476181362e-03,1.4476181362e-03,1.4476181362e-03,1.4476181362e-03,1.4476181362e-03,1.4476181362e-03,1.4476181362e-03,1.4476181362e-03,1.4476181362e-03,1.4476181362e-03,1.4476181362e-03,1.4476181362e-03,1.4476181362e-03,1.4476181362e-03,1.4476181362e-03,1.4476181362e-03,1.4476181362e-03,1.4476181362e-03,1.4476181362e-03,1.4476181362e-03,1.4476181362e-03,1.4476181362e-03,1.4476181362e-03,1.4476181362e-03,1.4476181362e-03,1.4476181362e-03,1.4476181362e-03,5.0002648799e-02,5.0002648799e-02,5.0002648798e-02,5.0002648798e-02,5.0002648799e-02,5.0002648796e-02,5.0002648799e-02,5.0002648799e-02,5.0002648798e-02,5.0002648800e-02,5.0002648799e-02,5.0002648798e-02,5.0002648798e-02,5.0002648797e-02,5.0002648799e-02,5.0002648798e-02,5.0002648800e-02,5.0002648798e-02,5.0002648799e-02,5.0002648797e-02,5.0002648799e-02,5.0002648798e-02,5.0002648799e-02,5.0002648799e-02,5.0002648798e-02,5.0002648799e-02,5.0002648798e-02,5.0002648799e-02,5.0002648799e-02,5.0002648798e-02,5.0002648799e-02,5.0002648799e-02,5.0002648799e-02,5.0002648799e-02,5.0002648799e-02,5.0002648799e-02,5.0002648799e-02,5.0002648799e-02,5.0002648799e-02,5.0002648799e-02,5.0002648799e-02,5.0002648799e-02,5.0002648799e-02,5.0002648799e-02,5.0002648799e-02,5.0002648799e-02,5.0002648799e-02,5.0002648799e-02,5.0002648799e-02,5.0002648799e-02,5.0002648799e-02,5.0002648799e-02,5.0002648799e-02,5.0002648799e-02,5.0002648799e-02,5.0002648799e-02,5.0002648799e-02,5.0002648799e-02,5.0002648799e-02,5.0002648799e-02,5.0002648799e-02,5.0002648799e-02,5.0002648799e-02,5.0002648799e-02,5.0002648799e-02,5.0002648799e-02,5.0002648799e-02,5.0002648799e-02,5.0002648799e-02,5.0002648799e-02,5.0002648799e-02,5.0002648799e-02,5.0002648799e-02,5.0002648799e-02,5.0002648799e-02,5.0002648799e-02,5.0002648799e-02,5.0002648799e-02,5.0002648798e-02,5.0002648799e-02,5.0002648799e-02,5.0002648799e-02,5.0002648799e-02,5.0002648798e-02,5.0002648799e-02,5.0002648799e-02,5.0002648799e-02,5.0002648799e-02,5.0002648798e-02,5.0002648799e-02,5.0002648798e-02,5.0002648799e-02,5.0002648798e-02,5.0002648799e-02,5.0002648799e-02,5.0002648799e-02,5.0002648798e-02,5.0002648799e-02,5.0002648799e-02,5.0002648798e-02,5.0002648799e-02,5.0002648799e-02
3.8768124353e+04,8.6000011790e-08,8.5862485468e-08,8.5725242836e-08,8.5588282820e-08,8.5451604463e-08,8.5315207949e-08,8.5179091977e-08,8.5043256257e-08,8.4907699729e-08,8.4772422713e-08,8.4637423827e-08,8.4502702626e-08,8.4368258836e-08,8.4234091781e-08,8.4100200252e-08,8.3966585215e-08,8.3833244186e-08,8.3700177932e-08,8.3567385163e-08,8.3434865946e-08,8.3302618633e-08,8.3170646843e-08,8.2974919114e-08,8.2684997703e-08,8.2256347658e-08,8.1624332256e-08,8.0696284286e-08,7.9341835701e-08,7.7382943788e-08,7.4587905686e-08,7.0679291258e-08,6.5374943792e-08,5.8491309624e-08,5.0134905693e-08,4.0952475960e-08,3.2254541014e-08,2.5641190426e-08,2.1986150792e-08,2.0688137556e-08,2.0426844102e-08,2.0399854658e-08,2.0398532975e-08,2.0398529944e-08,2.0398557324e-08,2.0398579478e-08,2.0398592672e-08,2.0398597886e-08,2.0398599095e-08,2.0398599244e-08,2.0398599253e-08,2.0398599253e-08,2.0398599161e-08,2.0398588409e-08,2.0398111192e-08,2.0388957897e-08,2.0307106911e-08,1.9933356615e-08,1.8945617197e-08,1.7199370882e-08,1.4861343085e-08,1.3076337851e-08,4.5284599534e-08,7.1347777578e-07,6.9227853909e-06,3.6504937274e-05,1.1707682334e-04,2.6012199261e-04,4.4738741129e-04,6.4613264026e-04,8.2882021541e-04,9.8096542832e-04,1.0993600679e-03,1.1872952834e-03,1.2505562318e-03,1.2950867186e-03,1.3259723043e-03,1.3471803431e-03,1.3616447268e-03,1.3714646967e-03,1.3781109860e-03,1.3825999456e-03,1.3856275941e-03,1.3886622623e-03,1.3917038986e-03,1.3947525077e-03,1.3978080913e-03,1.4008706476e-03,1.4039401701e-03,1.4070166472e-03,1.4101000607e-03,1.4131903849e-03,1.4162875843e-03,1.4193916127e-03,1.4225024099e-03,1.4256199002e-03,1.4287439882e-03,1.4318745557e-03,1.4350114568e-03,1.4381545122e-03,1.4413035019e-03,1.4444581551e-03,1.4476181362e-03,1.4476181362e-03,1.4476181362e-03,1.4476181362e-03,1.4476181362e-03,1.4476181362e-03,1.4476181362e-03,1.4476181362e-03,1.4476181362e-03,1.4476181362e-03,1.4476181362e-03,1.4476181362e-03,1.4476181362e-03,1.4476181362e-03,1.4476181362e-03,1.4476181362e-03,1.4476181362e-03,1.4476181362e-03,1.4476181362e-03,1.4476181362e-03,1.4476181362e-03,1.4476181362e-03,1.4476181362e-03,1.4476181362e-03,1.4476181362e-03,1.4476181362e-03,1.4476181362e-03,1.4476181362e-03,1.4476181362e-03,1.4476181362e-03,1.4476181362e-03,1.4476181362e-03,1.4476181362e-03,1.4476181362e-03,1.4476181362e-03,1.4476181362e-03,1.4476181362e-03,1.4476181362e-03,1.4476181362e-03,1.4476181362e-03,1.4476181362e-03,1.4476181362e-03,1.4476181362e-03,1.4476181362e-03,1.4476181362e-03,1.4476181362e-03,1.4476181362e-03,1.4476181362e-03,1.4476181362e-03,1.4476181362e-03,1.4476181362e-03,1.4476181362e-03,1.4476181362e-03,1.4476181362e-03,1.4476181362e-03,1.4476181362e-03,1.4476181362e-03,1.4476181362e-03,1.4476181362e-03,1.4476181362e-03,1.4476181362e-03,1.4476181362e-03,1.4476181362e-03,1.4476181362e-03,1.4476181362e-03,1.4476181362e-03,1.4476181362e-03,1.4476181362e-03,1.4476181362e-03,1.4476181362e-03,1.4476181362e-03,1.4476181362e-03,1.4476181362e-03,1.4476181362e-03,1.4476181362e-03,1.4476181362e-03,1.4476181362e-03,1.4476181362e-03,1.4476181362e-03,1.4476181362e-03,1.4476181362e-03,1.4476181362e-03,1.4476181362e-03,1.4476181362e-03,1.4476181362e-03,1.4476181362e-03,1.4476181362e-03,1.4476181362e-03,1.4476181362e-03,1.4476181362e-03,1.4476181362e-03,1.4476181362e-03,1.4476181362e-03,1.4476181362e-03,1.4476181362e-03,1.4476181362e-03,1.4476181362e-03,1.4476181362e-03,1.4476181362e-03,1.4476181362e-03,1.4476181362e-03,1.4476181362e-03,1.4476181362e-03,1.4476181362e-03,1.4476181362e-03,1.4476181362e-03,1.4476181362e-03,1.4476181362e-03,1.4476181362e-03,1.4476181362e-03,1.4476181362e-03,1.4476181362e-03,1.4476181362e-03,1.4476181362e-03,1.4476181362e-03,1.4476181362e-03,1.4476181362e-03,1.4476181362e-03,1.4476181362e-03,1.4476181362e-03,1.4476181362e-03,1.4476181362e-03,1.4476181362e-03,1.4476181362e-03,1.4476181362e-03,1.4476181362e-03,1.4476181362e-03,1.4476181362e-03,1.4476181362e-03,1.4476181362e-03,1.4476181362e-03,1.4476181362e-03,1.4476181362e-03,1.4476181362e-03,1.4476181362e-03,1.4476181362e-03,1.4476181362e-03,1.4476181362e-03,1.4476181362e-03,1.4476181362e-03,1.4476181362e-03,1.4476181362e-03,1.4476181362e-03,1.4476181362e-03,1.4476181362e-03,1.4476181362e-03,1.4476181362e-03,1.4476181362e-03,1.4476181362e-03,1.4476181362e-03,1.4476181362e-03,1.4476181362e-03,1.4476181362e-03,1.4476181362e-03,1.4476181362e-03,1.4476181362e-03,1.4476181362e-03,1.4476181362e-03,1.4476181362e-03,1.4476181362e-03,1.4476181362e-03,1.4476181362e-03,1.4476181362e-03,1.4476181362e-03,1.4476181362e-03,1.4476181362e-03,1.4476181362e-03,1.4476181362e-03,1.4476181362e-03,1.4476181362e-03,1.4476181362e-03,1.4476181362e-03,1.4476181362e-03,1.4476181362e-03,1.4476181362e-03,1.4476181362e-03,1.4476181362e-03,1.4476181362e-03,1.4476181362e-03,1.4476181362e-03,1.4476181362e-03,1.4476181362e-03,1.4476181362e-03,1.4476181362e-03,1.4476181362e-03,1.4476181362e-03,1.4476181362e-03,1.4476181362e-03,1.4476181362e-03,1.4476181362e-03,1.4476181362e-03,1.4476181362e-03,1.4476181362e-03,1.4476181362e-03,1.4476181362e-03,1.4476181362e-03,1.4476181362e-03,1.4476181362e-03,1.4476181362e-03,1.4476181362e-03,1.4476181362e-03,5.0002648799e-02,5.0002648798e-02,5.0002648799e-02,5.0002648799e-02,5.0002648800e-02,5.0002648798e-02,5.0002648797e-02,5.0002648799e-02,5.0002648800e-02,5.0002648798e-02,5.0002648799e-02,5.0002648797e-02,5.0002648799e-02,5.0002648800e-02,5.0002648799e-02,5.0002648797e-02,5.0002648801e-02,5.0002648796e-02,5.0002648799e-02,5.0002648801e-02,5.0002648798e-02,5.0002648799e-02,5.0002648798e-02,5.0002648799e-02,5.0002648798e-02,5.0002648799e-02,5.0002648799e-02,5.0002648798e-02,5.0002648799e-02,5.0002648799e-02,5.0002648799e-02,5.0002648799e-02,5.0002648799e-02,5.0002648799e-02,5.0002648799e-02,5.0002648799e-02,5.0002648799e-02,5.0002648799e-02,5.0002648799e-02,5.0002648799e-02,5.0002648799e-02,5.0002648799e-02,5.0002648799e-02,5.0002648799e-02,5.0002648799e-02,5.0002648799e-02,5.0002648799e-02,5.0002648799e-02,5.0002648799e-02,5.0002648799e-02,5.0002648799e-02,5.0002648799e-02,5.0002648799e-02,5.0002648799e-02,5.0002648799e-02,5.0002648799e-02,5.0002648799e-02,5.0002648799e-02,5.0002648799e-02,5.0002648799e-02,5.0002648799e-02,5.0002648799e-02,5.0002648799e-02,5.0002648799e-02,5.0002648799e-02,5.0002648799e-02,5.0002648799e-02,5.0002648799e-02,5.0002648799e-02,5.0002648799e-02,5.0002648799e-02,5.0002648799e-02,5.0002648799e-02,5.0002648799e-02,5.0002648799e-02,5.0002648799e-02,5.0002648799e-02,5.0002648799e-02,5.0002648799e-02,5.0002648798e-02,5.0002648799e-02,5.0002648799e-02,5.0002648798e-02,5.0002648798e-02,5.0002648799e-02,5.0002648799e-02,5.0002648798e-02,5.0002648799e-02,5.0002648799e-02,5.0002648799e-02,5.0002648798e-02,5.0002648799e-02,5.0002648799e-02,5.0002648798e-02,5.0002648799e-02,5.0002648799e-02,5.0002648799e-02,5.0002648798e-02,5.0002648799e-02,5.0002648799e-02,5.0002648799e-02,5.0002648799e-02
5.7768124353e+04,8.6000010584e-08,8.5862485160e-08,8.5725242688e-08,8.5588283029e-08,8.5451604595e-08,8.5315208030e-08,8.5179092071e-08,8.5043256198e-08,8.4907699699e-08,8.4772422771e-08,8.4637423737e-08,8.4502702632e-08,8.4368258897e-08,8.4234091538e-08,8.4100200475e-08,8.3966584868e-08,8.3833244267e-08,8.3700177794e-08,8.3567385548e-08,8.3434865582e-08,8.3302619097e-08,8.3170646666e-08,8.2974919262e-08,8.2684997634e-08,8.2256347664e-08,8.1624332258e-08,8.0696284285e-08,7.9341835687e-08,7.7382943786e-08,7.4587905690e-08,7.0679291262e-08,6.5374943787e-08,5.8491309619e-08,5.0134905693e-08,4.0952475951e-08,3.2254541014e-08,2.5641190426e-08,2.1986150795e-08,2.0688137556e-08,2.0426844104e-08,2.0399854659e-08,2.0398532974e-08,2.0398529945e-08,2.0398557324e-08,2.0398579477e-08,2.0398592673e-08,2.0398597886e-08,2.0398599096e-08,2.0398599244e-08,2.0398599253e-08,2.0398599253e-08,2.0398599161e-08,2.0398588409e-08,2.0398111193e-08,2.0388957897e-08,2.0307106912e-08,1.9933356616e-08,1.8945617195e-08,1.7199370884e-08,1.4861343089e-08,1.3076337842e-08,4.5284599528e-08,7.1347777580e-07,6.9227853911e-06,3.6504937275e-05,1.1707682334e-04,2.6012199262e-04,4.4738741129e-04,6.4613264026e-04,8.2882021541e-04,9.8096542832e-04,1.0993600679e-03,1.1872952834e-03,1.2505562318e-03,1.2950867186e-03,1.3259723043e-03,1.3471803431e-03,1.3616447268e-03,1.3714646967e-03,1.3781109860e-03,1.3825999456e-03,1.3856275941e-03,1.3886622624e-03,1.3917038986e-03,1.3947525077e-03,1.3978080913e-03,1.4008706476e-03,1.4039401701e-03,1.4070166472e-03,1.4101000607e-03,1.4131903849e-03,1.4162875843e-03,1.4193916127e-03,1.4225024100e-03,1.4256199002e-03,1.4287439882e-03,1.4318745557e-03,1.4350114568e-03,1.4381545123e-03,1.4413035019e-03,1.4444581551e-03,1.4476181362e-03,1.4476181362e-03,1.4476181362e-03,1.4476181362e-03,1.4476181362e-03,1.4476181362e-03,1.4476181362e-03,1.4476181362e-03,1.4476181362e-03,1.4476181362e-03,1.4476181362e-03,1.4476181362e-03,1.4476181362e-03,1.4476181362e-03,1.4476181362e-03,1.4476181362e-03,1.4476181362e-03,1.4476181362e-03,1.4476181362e-03,1.4476181362e-03,1.4476181362e-03,1.4476181362e-03,1.4476181362e-03,1.4476181362e-03,1.4476181362e-03,1.4476181362e-03,1.4476181362e-03,1.4476181362e-03,1.4476181362e-03,1.4476181362e-03,1.4476181362e-03,1.4476181362e-03,1.4476181362e-03,1.4476181362e-03,1.4476181362e-03,1.4476181362e-03,1.4476181362e-03,1.4476181362e-03,1.4476181362e-03,1.4476181362e-03,1.4476181362e-03,1.4476181362e-03,1.4476181362e-03,1.4476181362e-03,1.4476181362e-03,1.4476181362e-03,1.4476181362e-03,1.4476181362e-03,1.4476181362e-03,1.4476181362e-03,1.4476181362e-03,1.4476181362e-03,1.4476181362e-03,1.4476181362e-03,1.4476181362e-03,1.4476181362e-03,1.4476181362e-03,1.4476181362e-03,1.4476181362e-03,1.4476181362e-03,1.4476181362e-03,1.4476181362e-03,1.4476181362e-03,1.4476181362e-03,1.4476181362e-03,1.4476181362e-03,1.4476181362e-03,1.4476181362e-03,1.4476181362e-03,1.4476181362e-03,1.4476181362e-03,1.4476181362e-03,1.4476181362e-03,1.4476181362e-03,1.4476181362e-03,1.4476181362e-03,1.4476181362e-03,1.4476181362e-03,1.4476181362e-03,1.4476181362e-03,1.4476181362e-03,1.4476181362e-03,1.4476181362e-03,1.4476181362e-03,1.4476181362e-03,1.4476181362e-03,1.4476181362e-03,1.4476181362e-03,1.4476181362e-03,1.4476181362e-03,1.4476181362e-03,1.4476181362e-03,1.4476181362e-03,1.4476181362e-03,1.4476181362e-03,1.4476181362e-03,1.4476181362e-03,1.4476181362e-03,1.4476181362e-03,1.4476181362e-03,1.4476181362e-03,1.4476181362e-03,1.4476181362e-03,1.4476181362e-03,1.4476181362e-03,1.4476181362e-03,1.4476181362e-03,1.4476181362e-03,1.4476181362e-03,1.4476181362e-03,1.4476181362e-03,1.4476181362e-03,1.4476181362e-03,1.4476181362e-03,1.4476181362e-03,1.4476181362e-03,1.4476181362e-03,1.4476181362e-03,1.4476181362e-03,1.4476181362e-03,1.4476181362e-03,1.4476181362e-03,1.4476181362e-03,1.4476181362e-03,1.4476181362e-03,1.4476181362e-03,1.4476181362e-03,1.4476181362e-03,1.4476181362e-03,1.4476181362e-03,1.4476181362e-03,1.4476181362e-03,1.4476181362e-03,1.4476181362e-03,1.4476181362e-03,1.4476181362e-03,1.4476181362e-03,1.4476181362e-03,1.4476181362e-03,1.4476181362e-03,1.4476181362e-03,1.4476181362e-03,1.4476181362e-03,1.4476181362e-03,1.4476181362e-03,1.4476181362e-03,1.4476181362e-03,1.4476181362e-03,1.4476181362e-03,1.4476181362e-03,1.4476181362e-03,1.4476181362e-03,1.4476181362e-03,1.4476181362e-03,1.4476181362e-03,1.4476181362e-03,1.4476181362e-03,1.4476181362e-03,1.4476181362e-03,1.4476181362e-03,1.4476181362e-03,1.4476181362e-03,1.4476181362e-03,1.4476181362e-03,1.4476181362e-03,1.4476181362e-03,1.4476181362e-03,1.4476181362e-03,1.4476181362e-03,1.4476181362e-03,1.4476181362e-03,1.4476181362e-03,1.4476181362e-03,1.4476181362e-03,1.4476181362e-03,1.4476181362e-03,1.4476181362e-03,1.4476181362e-03,1.4476181362e-03,1.4476181362e-03,1.4476181362e-03,1.4476181362e-03,1.4476181362e-03,1.4476181362e-03,1.4476181362e-03,1.4476181362e-03,1.4476181362e-03,1.4476181362e-03,1.4476181362e-03,1.4476181362e-03,1.4476181362e-03,1.4476181362e-03,1.4476181362e-03,1.4476181362e-03,1.4476181362e-03,1.4476181362e-03,1.4476181362e-03,1.4476181362e-03,1.4476181362e-03,1.4476181362e-03,1.4476181362e-03,5.0002648799e-02,5.0002648798e-02,5.0002648798e-02,5.0002648799e-02,5.0002648798e-02,5.0002648800e-02,5.0002648798e-02,5.0002648798e-02,5.0002648799e-02,5.0002648798e-02,5.0002648801e-02,5.0002648798e-02,5.0002648797e-02,5.0002648801e-02,5.0002648799e-02,5.0002648796e-02,5.0002648800e-02,5.0002648798e-02,5.0002648800e-02,5.0002648797e-02,5.0002648800e-02,5.0002648799e-02,5.0002648799e-02,5.0002648799e-02,5.0002648799e-02,5.0002648798e-02,5.0002648799e-02,5.0002648798e-02,5.0002648799e-02,5.0002648799e-02,5.0002648799e-02,5.0002648799e-02,5.0002648799e-02,5.0002648799e-02,5.0002648799e-02,5.0002648799e-02,5.0002648799e-02,5.0002648799e-02,5.0002648799e-02,5.0002648799e-02,5.0002648799e-02,5.0002648799e-02,5.0002648799e-02,5.0002648799e-02,5.0002648799e-02,5.0002648799e-02,5.0002648799e-02,5.0002648799e-02,5.0002648799e-02,5.0002648799e-02,5.0002648799e-02,5.0002648799e-02,5.0002648799e-02,5.0002648799e-02,5.0002648799e-02,5.0002648799e-02,5.0002648799e-02,5.0002648799e-02,5.0002648799e-02,5.0002648799e-02,5.0002648799e-02,5.0002648799e-02,5.0002648799e-02,5.0002648799e-02,5.0002648799e-02,5.0002648799e-02,5.0002648799e-02,5.0002648799e-02,5.0002648799e-02,5.0002648799e-02,5.0002648799e-02,5.0002648799e-02,5.0002648799e-02,5.0002648799e-02,5.0002648799e-02,5.0002648799e-02,5.0002648799e-02,5.0002648799e-02,5.0002648799e-02,5.0002648799e-02,5.0002648799e-02,5.0002648798e-02,5.0002648799e-02,5.0002648799e-02,5.0002648799e-02,5.0002648798e-02,5.0002648799e-02,5.0002648798e-02,5.0002648799e-02,5.0002648798e-02,5.0002648799e-02,5.0002648798e-02,5.0002648798e-02,5.0002648799e-02,5.0002648799e-02,5.0002648799e-02,5.0002648798e-02,5.0002648799e-02,5.0002648799e-02,5.0002648799e-02,5.0002648798e-02,5.0002648799e-02
7.5768124353e+04,8.6000010323e-08,8.5862485136e-08,8.5725242651e-08,8.5588283081e-08,8.5451604511e-08,8.5315208037e-08,8.5179092017e-08,8.5043255958e-08,8.4907700228e-08,8.4772422309e-08,8.4637423952e-08,8.4502702527e-08,8.4368259090e-08,8.4234091505e-08,8.4100200549e-08,8.3966585054e-08,8.3833244100e-08,8.3700177909e-08,8.3567385155e-08,8.3434865897e-08,8.3302618903e-08,8.3170646992e-08,8.2974919114e-08,8.2684997625e-08,8.2256347579e-08,8.1624332295e-08,8.0696284311e-08,7.9341835708e-08,7.7382943773e-08,7.4587905695e-08,7.0679291264e-08,6.5374943791e-08,5.8491309623e-08,5.0134905696e-08,4.0952475955e-08,3.2254541007e-08,2.5641190425e-08,2.1986150794e-08,2.0688137559e-08,2.0426844104e-08,2.0399854654e-08,2.0398532975e-08,2.0398529945e-08,2.0398557325e-08,2.0398579478e-08,2.0398592672e-08,2.0398597886e-08,2.0398599096e-08,2.0398599244e-08,2.0398599253e-08,2.0398599253e-08,2.0398599161e-08,2.0398588409e-08,2.0398111193e-08,2.0388957897e-08,2.0307106911e-08,1.9933356617e-08,1.8945617196e-08,1.7199370882e-08,1.4861343075e-08,1.3076337860e-08,4.5284599533e-08,7.1347777579e-07,6.9227853911e-06,3.6504937275e-05,1.1707682334e-04,2.6012199262e-04,4.4738741129e-04,6.4613264026e-04,8.2882021541e-04,9.8096542832e-04,1.0993600679e-03,1.1872952834e-03,1.2505562318e-03,1.2950867186e-03,1.3259723043e-03,1.3471803431e-03,1.3616447268e-03,1.3714646967e-03,1.3781109860e-03,1.3825999456e-03,1.3856275941e-03,1.3886622624e-03,1.3917038986e-03,1.3947525077e-03,1.3978080913e-03,1.4008706476e-03,1.4039401701e-03,1.4070166472e-03,1.4101000607e-03,1.4131903849e-03,1.4162875843e-03,1.4193916127e-03,1.4225024100e-03,1.4256199002e-03,1.4287439882e-03,1.4318745557e-03,1.4350114568e-03,1.4381545123e-03,1.4413035019e-03,1.4444581551e-03,1.4476181362e-03,1.4476181362e-03,1.4476181362e-03,1.4476181362e-03,1.4476181362e-03,1.4476181362e-03,1.4476181362e-03,1.4476181362e-03,1.4476181362e-03,1.4476181362e-03,1.4476181362e-03,1.4476181362e-03,1.4476181362e-03,1.4476181362e-03,1.4476181362e-03,1.4476181362e-03,1.4476181362e-03,1.4476181362e-03,1.4476181362e-03,1.4476181362e-03,1.4476181362e-03,1.4476181362e-03,1.4476181362e-03,1.4476181362e-03,1.4476181362e-03,1.4476181362e-03,1.4476181362e-03,1.4476181362e-03,1.4476181362e-03,1.4476181362e-03,1.4476181362e-03,1.4476181362e-03,1.4476181362e-03,1.4476181362e-03,1.4476181362e-03,1.4476181362e-03,1.4476181362e-03,1.4476181362e-03,1.4476181362e-03,1.4476181362e-03,1.4476181362e-03,1.4476181362e-03,1.4476181362e-03,1.4476181362e-03,1.4476181362e-03,1.4476181362e-03,1.4476181362e-03,1.4476181362e-03,1.4476181362e-03,1.4476181362e-03,1.4476181362e-03,1.4476181362e-03,1.4476181362e-03,1.4476181362e-03,1.4476181362e-03,1.4476181362e-03,1.4476181362e-03,1.4476181362e-03,1.4476181362e-03,1.4476181362e-03,1.4476181362e-03,1.4476181362e-03,1.4476181362e-03,1.4476181362e-03,1.4476181362e-03,1.4476181362e-03,1.4476181362e-03,1.4476181362e-03,1.4476181362e-03,1.4476181362e-03,1.4476181362e-03,1.4476181362e-03,1.4476181362e-03,1.4476181362e-03,1.4476181362e-03,1.4476181362e-03,1.4476181362e-03,1.4476181362e-03,1.4476181362e-03,1.4476181362e-03,1.4476181362e-03,1.4476181362e-03,1.4476181362e-03,1.4476181362e-03,1.4476181362e-03,1.4476181362e-03,1.4476181362e-03,1.4476181362e-03,1.4476181362e-03,1.4476181362e-03,1.4476181362e-03,1.4476181362e-03,1.4476181362e-03,1.4476181362e-03,1.4476181362e-03,1.4476181362e-03,1.4476181362e-03,1.4476181362e-03,1.4476181362e-03,1.4476181362e-03,1.4476181362e-03,1.4476181362e-03,1.4476181362e-03,1.4476181362e-03,1.4476181362e-03,1.4476181362e-03,1.4476181362e-03,1.4476181362e-03,1.4476181362e-03,1.4476181362e-03,1.4476181362e-03,1.4476181362e-03,1.4476181362e-03,1.4476181362e-03,1.4476181362e-03,1.4476181362e-03,1.4476181362e-03,1.4476181362e-03,1.4476181362e-03,1.4476181362e-03,1.4476181362e-03,1.4476181362e-03,1.4476181362e-03,1.4476181362e-03,1.4476181362e-03,1.4476181362e-03,1.4476181362e-03,1.4476181362e-03,1.4476181362e-03,1.4476181362e-03,1.4476181362e-03,1.4476181362e-03,1.4476181362e-03,1.4476181362e-03,1.4476181362e-03,1.4476181362e-03,1.4476181362e-03,1.4476181362e-03,1.4476181362e-03,1.4476181362e-03,1.4476181362e-03,1.4476181362e-03,1.4476181362e-03,1.4476181362e-03,1.4476181362e-03,1.4476181362e-03,1.4476181362e-03,1.4476181362e-03,1.4476181362e-03,1.4476181362e-03,1.4476181362e-03,1.4476181362e-03,1.4476181362e-03,1.4476181362e-03,1.4476181362e-03,1.4476181362e-03,1.4476181362e-03,1.4476181362e-03,1.4476181362e-03,1.4476181362e-03,1.4476181362e-03,1.4476181362e-03,1.4476181362e-03,1.4476181362e-03,1.4476181362e-03,1.4476181362e-03,1.4476181362e-03,1.4476181362e-03,1.4476181362e-03,1.4476181362e-03,1.4476181362e-03,1.4476181362e-03,1.4476181362e-03,1.4476181362e-03,1.4476181362e-03,1.4476181362e-03,1.4476181362e-03,1.4476181362e-03,1.4476181362e-03,1.4476181362e-03,1.4476181362e-03,1.4476181362e-03,1.4476181362e-03,1.4476181362e-03,1.4476181362e-03,1.4476181362e-03,1.4476181362e-03,1.4476181362e-03,1.4476181362e-03,1.4476181362e-03,1.4476181362e-03,1.4476181362e-03,1.4476181362e-03,1.4476181362e-03,1.4476181362e-03,1.4476181362e-03,1.4476181362e-03,1.4476181362e-03,1.4476181362e-03,1.4476181362e-03,1.4476181362e-03,5.0002648799e-02,5.0002648798e-02,5.0002648798e-02,5.0002648799e-02,5.0002648798e-02,5.0002648800e-02,5.0002648798e-02,5.0002648797e-02,5.0002648799e-02,5.0002648798e-02,5.0002648800e-02,5.0002648798e-02,5.0002648798e-02,5.0002648799e-02,5.0002648799e-02,5.0002648798e-02,5.0002648798e-02,5.0002648800e-02,5.0002648797e-02,5.0002648799e-02,5.0002648800e-02,5.0002648797e-02,5.0002648798e-02,5.0002648798e-02,5.0002648799e-02,5.0002648798e-02,5.0002648799e-02,5.0002648799e-02,5.0002648799e-02,5.0002648799e-02,5.0002648799e-02,5.0002648799e-02,5.0002648799e-02,5.0002648799e-02,5.0002648799e-02,5.0002648799e-02,5.0002648799e-02,5.0002648799e-02,5.0002648799e-02,5.0002648799e-02,5.0002648799e-02,5.0002648799e-02,5.0002648799e-02,5.0002648799e-02,5.0002648799e-02,5.0002648799e-02,5.0002648799e-02,5.0002648799e-02,5.0002648799e-02,5.0002648799e-02,5.0002648799e-02,5.0002648799e-02,5.0002648799e-02,5.0002648799e-02,5.0002648799e-02,5.0002648799e-02,5.0002648799e-02,5.0002648799e-02,5.0002648799e-02,5.0002648799e-02,5.0002648799e-02,5.0002648799e-02,5.0002648799e-02,5.0002648799e-02,5.0002648799e-02,5.0002648799e-02,5.0002648799e-02,5.0002648799e-02,5.0002648799e-02,5.0002648799e-02,5.0002648799e-02,5.0002648799e-02,5.0002648799e-02,5.0002648799e-02,5.0002648799e-02,5.0002648799e-02,5.0002648799e-02,5.0002648799e-02,5.0002648799e-02,5.0002648798e-02,5.0002648799e-02,5.0002648799e-02,5.0002648798e-02,5.0002648799e-02,5.0002648798e-02,5.0002648799e-02,5.0002648799e-02,5.0002648798e-02,5.0002648799e-02,5.0002648799e-02,5.0002648799e-02,5.0002648799e-02,5.0002648799e-02,5.0002648799e-02,5.0002648798e-02,5.0002648799e-02,5.0002648798e-02,5.0002648799e-02,5.0002648798e-02,5.0002648798e-02,5.0002648799e-02,5.0002648799e-02
9.4768124353e+04,8.6000009644e-08,8.5862485509e-08,8.5725242535e-08,8.5588283140e-08,8.5451604544e-08,8.5315208054e-08,8.5179091740e-08,8.5043256236e-08,8.4907699954e-08,8.4772422833e-08,8.4637423526e-08,8.4502702799e-08,8.4368258623e-08,8.4234091974e-08,8.4100200455e-08,8.3966584760e-08,8.3833244542e-08,8.3700177766e-08,8.3567385347e-08,8.3434865768e-08,8.3302619093e-08,8.3170646535e-08,8.2974919315e-08,8.2684997607e-08,8.2256347617e-08,8.1624332301e-08,8.0696284297e-08,7.9341835697e-08,7.7382943788e-08,7.4587905698e-08,7.0679291271e-08,6.5374943795e-08,5.8491309625e-08,5.0134905699e-08,4.0952475959e-08,3.2254541016e-08,2.5641190427e-08,2.1986150792e-08,2.0688137552e-08,2.0426844106e-08,2.0399854658e-08,2.0398532974e-08,2.0398529945e-08,2.0398557325e-08,2.0398579477e-08,2.0398592672e-08,2.0398597886e-08,2.0398599095e-08,2.0398599244e-08,2.0398599253e-08,2.0398599253e-08,2.0398599161e-08,2.0398588409e-08,2.0398111193e-08,2.0388957897e-08,2.0307106911e-08,1.9933356617e-08,1.8945617195e-08,1.7199370883e-08,1.4861343077e-08,1.3076337857e-08,4.5284599528e-08,7.1347777579e-07,6.9227853911e-06,3.6504937275e-05,1.1707682334e-04,2.6012199262e-04,4.4738741128e-04,6.4613264025e-04,8.2882021540e-04,9.8096542831e-04,1.0993600679e-03,1.1872952834e-03,1.2505562318e-03,1.2950867186e-03,1.3259723043e-03,1.3471803431e-03,1.3616447268e-03,1.3714646967e-03,1.3781109860e-03,1.3825999456e-03,1.3856275941e-03,1.3886622624e-03,1.3917038986e-03,1.3947525077e-03,1.3978080913e-03,1.4008706476e-03,1.4039401701e-03,1.4070166472e-03,1.4101000607e-03,1.4131903849e-03,1.4162875843e-03,1.4193916127e-03,1.4225024100e-03,1.4256199002e-03,1.4287439882e-03,1.4318745557e-03,1.4350114568e-03,1.4381545123e-03,1.4413035019e-03,1.4444581551e-03,1.4476181362e-03,1.4476181362e-03,1.4476181362e-03,1.4476181362e-03,1.4476181362e-03,1.4476181362e-03,1.4476181362e-03,1.4476181362e-03,1.4476181362e-03,1.4476181362e-03,1.4476181362e-03,1.4476181362e-03,1.4476181362e-03,1.4476181362e-03,1.4476181362e-03,1.4476181362e-03,1.4476181363e-03,1.4476181362e-03,1.4476181362e-03,1.4476181362e-03,1.4476181362e-03,1.4476181362e-03,1.4476181362e-03,1.4476181362e-03,1.4476181362e-03,1.4476181362e-03,1.4476181362e-03,1.4476181362e-03,1.4476181362e-03,1.4476181362e-03,1.4476181362e-03,1.4476181362e-03,1.4476181362e-03,1.4476181362e-03,1.4476181362e-03,1.4476181362e-03,1.4476181362e-03,1.4476181362e-03,1.4476181362e-03,1.4476181362e-03,1.4476181362e-03,1.4476181362e-03,1.4476181362e-03,1.4476181362e-03,1.4476181362e-03,1.4476181362e-03,1.4476181362e-03,1.4476181362e-03,1.4476181362e-03,1.4476181362e-03,1.4476181362e-03,1.4476181362e-03,1.4476181362e-03,1.4476181362e-03,1.4476181362e-03,1.4476181362e-03,1.4476181362e-03,1.4476181362e-03,1.4476181362e-03,1.4476181362e-03,1.4476181362e-03,1.4476181362e-03,1.4476181362e-03,1.4476181362e-03,1.4476181362e-03,1.4476181362e-03,1.4476181362e-03,1.4476181362e-03,1.4476181362e-03,1.4476181362e-03,1.4476181362e-03,1.4476181362e-03,1.4476181362e-03,1.4476181362e-03,1.4476181362e-03,1.4476181362e-03,1.4476181362e-03,1.4476181362e-03,1.4476181362e-03,1.4476181362e-03,1.4476181362e-03,1.4476181362e-03,1.4476181362e-03,1.4476181362e-03,1.4476181362e-03,1.4476181362e-03,1.4476181362e-03,1.4476181362e-03,1.4476181362e-03,1.4476181362e-03,1.4476181362e-03,1.4476181362e-03,1.4476181362e-03,1.4476181362e-03,1.4476181362e-03,1.4476181362e-03,1.4476181362e-03,1.4476181362e-03,1.4476181362e-03,1.4476181362e-03,1.4476181362e-03,1.4476181362e-03,1.4476181362e-03,1.4476181362e-03,1.4476181362e-03,1.4476181362e-03,1.4476181362e-03,1.4476181362e-03,1.4476181362e-03,1.4476181362e-03,1.4476181362e-03,1.4476181362e-03,1.4476181362e-03,1.4476181362e-03,1.4476181362e-03,1.4476181362e-03,1.4476181362e-03,1.4476181362e-03,1.4476181362e-03,1.4476181362e-03,1.4476181362e-03,1.4476181362e-03,1.4476181362e-03,1.4476181362e-03,1.4476181362e-03,1.4476181362e-03,1.4476181362e-03,1.4476181362e-03,1.4476181362e-03,1.4476181362e-03,1.4476181362e-03,1.4476181362e-03,1.4476181362e-03,1.4476181362e-03,1.4476181362e-03,1.4476181362e-03,1.4476181362e-03,1.4476181362e-03,1.4476181362e-03,1.4476181362e-03,1.4476181362e-03,1.4476181362e-03,1.4476181362e-03,1.4476181362e-03,1.4476181362e-03,1.4476181362e-03,1.4476181362e-03,1.4476181362e-03,1.4476181362e-03,1.4476181362e-03,1.4476181362e-03,1.4476181362e-03,1.4476181362e-03,1.4476181362e-03,1.4476181362e-03,1.4476181362e-03,1.4476181362e-03,1.4476181362e-03,1.4476181362e-03,1.4476181362e-03,1.4476181362e-03,1.4476181362e-03,1.4476181362e-03,1.4476181362e-03,1.4476181362e-03,1.4476181362e-03,1.4476181362e-03,1.4476181362e-03,1.4476181362e-03,1.4476181362e-03,1.4476181362e-03,1.4476181362e-03,1.4476181362e-03,1.4476181362e-03,1.4476181362e-03,1.4476181362e-03,1.4476181362e-03,1.4476181362e-03,1.4476181362e-03,1.4476181362e-03,1.4476181362e-03,1.4476181362e-03,1.4476181362e-03,1.4476181362e-03,1.4476181362e-03,1.4476181362e-03,1.4476181362e-03,1.4476181362e-03,1.4476181362e-03,1.4476181362e-03,1.4476181362e-03,1.4476181362e-03,1.4476181362e-03,1.4476181362e-03,1.4476181362e-03,1.4476181362e-03,1.4476181362e-03,1.4476181362e-03,1.4476181362e-03,1.4476181362e-03,1.4476181362e-03,5.0002648799e-02,5.0002648799e-02,5.0002648799e-02,5.0002648798e-02,5.0002648800e-02,5.0002648797e-02,5.0002648798e-02,5.0002648800e-02,5.0002648797e-02,5.0002648800e-02,5.0002648797e-02,5.0002648799e-02,5.0002648799e-02,5.0002648796e-02,5.0002648800e-02,5.0002648798e-02,5.0002648800e-02,5.0002648797e-02,5.0002648800e-02,5.0002648798e-02,5.0002648797e-02,5.0002648799e-02,5.0002648799e-02,5.0002648799e-02,5.0002648799e-02,5.0002648798e-02,5.0002648798e-02,5.0002648799e-02,5.0002648799e-02,5.0002648799e-02,5.0002648799e-02,5.0002648799e-02,5.0002648799e-02,5.0002648799e-02,5.0002648799e-02,5.0002648799e-02,5.0002648799e-02,5.0002648799e-02,5.0002648799e-02,5.0002648799e-02,5.0002648799e-02,5.0002648799e-02,5.0002648799e-02,5.0002648799e-02,5.0002648799e-02,5.0002648799e-02,5.0002648799e-02,5.0002648799e-02,5.0002648799e-02,5.0002648799e-02,5.0002648799e-02,5.0002648799e-02,5.0002648799e-02,5.0002648799e-02,5.0002648799e-02,5.0002648799e-02,5.0002648799e-02,5.0002648799e-02,5.0002648799e-02,5.0002648799e-02,5.0002648799e-02,5.0002648799e-02,5.0002648799e-02,5.0002648799e-02,5.0002648799e-02,5.0002648799e-02,5.0002648799e-02,5.0002648799e-02,5.0002648799e-02,5.0002648799e-02,5.0002648799e-02,5.0002648799e-02,5.0002648799e-02,5.0002648799e-02,5.0002648799e-02,5.0002648799e-02,5.0002648799e-02,5.0002648799e-02,5.0002648799e-02,5.0002648799e-02,5.0002648799e-02,5.0002648799e-02,5.0002648799e-02,5.0002648799e-02,5.0002648799e-02,5.0002648798e-02,5.0002648799e-02,5.0002648798e-02,5.0002648799e-02,5.0002648799e-02,5.0002648798e-02,5.0002648799e-02,5.0002648798e-02,5.0002648799e-02,5.0002648798e-02,5.0002648799e-02,5.0002648799e-02,5.0002648799e-02,5.0002648799e-02,5.0002648799e-02,5.0002648799e-02,5.0002648799e-02
1.1376812435e+05,8.6000013584e-08,8.5862485113e-08,8.5725242730e-08,8.5588282824e-08,8.5451604627e-08,8.5315208064e-08,8.5179091957e-08,8.5043256253e-08,8.4907699732e-08,8.4772422866e-08,8.4637423450e-08,8.4502702774e-08,8.4368258749e-08,8.4234091663e-08,8.4100200610e-08,8.3966585107e-08,8.3833244154e-08,8.3700177909e-08,8.3567385083e-08,8.3434865702e-08,8.3302619219e-08,8.3170646811e-08,8.2974919056e-08,8.2684997721e-08,8.2256347597e-08,8.1624332237e-08,8.0696284322e-08,7.9341835663e-08,7.7382943773e-08,7.4587905685e-08,7.0679291259e-08,6.5374943784e-08,5.8491309612e-08,5.0134905688e-08,4.0952475950e-08,3.2254541014e-08,2.5641190421e-08,2.1986150792e-08,2.0688137553e-08,2.0426844107e-08,2.0399854657e-08,2.0398532975e-08,2.0398529946e-08,2.0398557323e-08,2.0398579477e-08,2.0398592673e-08,2.0398597886e-08,2.0398599095e-08,2.0398599244e-08,2.0398599253e-08,2.0398599253e-08,2.0398599161e-08,2.0398588409e-08,2.0398111193e-08,2.0388957897e-08,2.0307106912e-08,1.9933356616e-08,1.8945617196e-08,1.7199370883e-08,1.4861343074e-08,1.3076337859e-08,4.5284599534e-08,7.1347777579e-07,6.9227853911e-06,3.6504937275e-05,1.1707682334e-04,2.6012199262e-04,4.4738741128e-04,6.4613264025e-04,8.2882021539e-04,9.8096542830e-04,1.0993600679e-03,1.1872952834e-03,1.2505562318e-03,1.2950867186e-03,1.3259723043e-03,1.3471803431e-03,1.3616447268e-03,1.3714646967e-03,1.3781109860e-03,1.3825999456e-03,1.3856275941e-03,1.3886622623e-03,1.3917038986e-03,1.3947525077e-03,1.3978080913e-03,1.4008706476e-03,1.4039401701e-03,1.4070166472e-03,1.4101000607e-03,1.4131903849e-03,1.4162875843e-03,1.4193916127e-03,1.4225024099e-03,1.4256199002e-03,1.4287439882e-03,1.4318745557e-03,1.4350114568e-03,1.4381545122e-03,1.4413035019e-03,1.4444581551e-03,1.4476181362e-03,1.4476181362e-03,1.4476181362e-03,1.4476181362e-03,1.4476181362e-03,1.4476181362e-03,1.4476181362e-03,1.4476181362e-03,1.4476181362e-03,1.4476181362e-03,1.4476181362e-03,1.4476181362e-03,1.4476181362e-03,1.4476181362e-03,1.4476181362e-03,1.4476181362e-03,1.4476181362e-03,1.4476181362e-03,1.4476181362e-03,1.4476181362e-03,1.4476181362e-03,1.4476181362e-03,1.4476181362e-03,1.4476181362e-03,1.4476181362e-03,1.4476181362e-03,1.4476181362e-03,1.4476181362e-03,1.4476181362e-03,1.4476181362e-03,1.4476181362e-03,1.4476181362e-03,1.4476181362e-03,1.4476181362e-03,1.4476181362e-03,1.4476181362e-03,1.4476181362e-03,1.4476181362e-03,1.4476181362e-03,1.4476181362e-03,1.4476181362e-03,1.4476181362e-03,1.4476181362e-03,1.4476181362e-03,1.4476181362e-03,1.4476181362e-03,1.4476181362e-03,1.4476181362e-03,1.4476181362e-03,1.4476181362e-03,1.4476181362e-03,1.4476181362e-03,1.4476181362e-03,1.4476181362e-03,1.4476181362e-03,1.4476181362e-03,1.4476181362e-03,1.4476181362e-03,1.4476181362e-03,1.4476181362e-03,1.4476181362e-03,1.4476181362e-03,1.4476181362e-03,1.4476181362e-03,1.4476181362e-03,1.4476181362e-03,1.4476181362e-03,1.4476181362e-03,1.4476181362e-03,1.4476181362e-03,1.4476181362e-03,1.4476181362e-03,1.4476181362e-03,1.4476181362e-03,1.4476181362e-03,1.4476181362e-03,1.4476181362e-03,1.4476181362e-03,1.4476181362e-03,1.4476181362e-03,1.4476181362e-03,1.4476181362e-03,1.4476181362e-03,1.4476181362e-03,1.4476181362e-03,1.4476181362e-03,1.4476181362e-03,1.4476181362e-03,1.4476181362e-03,1.4476181362e-03,1.4476181362e-03,1.4476181362e-03,1.4476181362e-03,1.4476181362e-03,1.4476181362e-03,1.4476181362e-03,1.4476181362e-03,1.4476181362e-03,1.4476181362e-03,1.4476181362e-03,1.4476181362e-03,1.4476181362e-03,1.4476181362e-03,1.4476181362e-03,1.4476181362e-03,1.4476181362e-03,1.4476181362e-03,1.4476181362e-03,1.4476181362e-03,1.4476181362e-03,1.4476181362e-03,1.4476181362e-03,1.4476181362e-03,1.4476181362e-03,1.4476181362e-03,1.4476181362e-03,1.4476181362e-03,1.4476181362e-03,1.4476181362e-03,1.4476181362e-03,1.4476181362e-03,1.4476181362e-03,1.4476181362e-03,1.4476181362e-03,1.4476181362e-03,1.4476181362e-03,1.4476181362e-03,1.4476181362e-03,1.4476181362e-03,1.4476181362e-03,1.4476181362e-03,1.4476181362e-03,1.4476181362e-03,1.4476181362e-03,1.4476181362e-03,1.4476181362e-03,1.4476181362e-03,1.4476181362e-03,1.4476181362e-03,1.4476181362e-03,1.4476181362e-03,1.4476181362e-03,1.4476181362e-03,1.4476181362e-03,1.4476181362e-03,1.4476181362e-03,1.4476181362e-03,1.4476181362e-03,1.4476181362e-03,1.4476181362e-03,1.4476181362e-03,1.4476181362e-03,1.4476181362e-03,1.4476181362e-03,1.4476181362e-03,1.4476181362e-03,1.4476181362e-03,1.4476181362e-03,1.4476181362e-03,1.4476181362e-03,1.4476181362e-03,1.4476181362e-03,1.4476181362e-03,1.4476181362e-03,1.4476181362e-03,1.4476181362e-03,1.4476181362e-03,1.4476181362e-03,1.4476181362e-03,1.4476181362e-03,1.4476181362e-03,1.4476181362e-03,1.4476181362e-03,1.4476181362e-03,1.4476181362e-03,1.4476181362e-03,1.4476181362e-03,1.4476181362e-03,1.4476181362e-03,1.4476181362e-03,1.4476181362e-03,1.4476181362e-03,1.4476181362e-03,1.4476181362e-03,1.4476181362e-03,1.4476181362e-03,1.4476181362e-03,1.4476181362e-03,1.4476181362e-03,1.4476181362e-03,1.4476181362e-03,1.4476181362e-03,1.4476181362e-03,1.4476181362e-03,1.4476181362e-03,1.4476181362e-03,1.4476181362e-03,1.4476181362e-03,1.4476181362e-03,1.4476181362e-03,1.4476181362e-03,5.0002648799e-02,5.0002648798e-02,5.0002648799e-02,5.0002648799e-02,5.0002648798e-02,5.0002648799e-02,5.0002648798e-02,5.0002648800e-02,5.0002648799e-02,5.0002648798e-02,5.0002648797e-02,5.0002648800e-02,5.0002648798e-02,5.0002648800e-02,5.0002648798e-02,5.0002648799e-02,5.0002648799e-02,5.0002648799e-02,5.0002648799e-02,5.0002648797e-02,5.0002648799e-02,5.0002648798e-02,5.0002648799e-02,5.0002648799e-02,5.0002648798e-02,5.0002648799e-02,5.0002648799e-02,5.0002648798e-02,5.0002648799e-02,5.0002648799e-02,5.0002648799e-02,5.0002648799e-02,5.0002648799e-02,5.0002648799e-02,5.0002648799e-02,5.0002648799e-02,5.0002648799e-02,5.0002648799e-02,5.0002648799e-02,5.0002648799e-02,5.0002648799e-02,5.0002648799e-02,5.0002648799e-02,5.0002648799e-02,5.0002648799e-02,5.0002648799e-02,5.0002648799e-02,5.0002648799e-02,5.0002648799e-02,5.0002648799e-02,5.0002648799e-02,5.0002648799e-02,5.0002648799e-02,5.0002648799e-02,5.0002648799e-02,5.0002648799e-02,5.0002648799e-02,5.0002648799e-02,5.0002648799e-02,5.0002648799e-02,5.0002648799e-02,5.0002648799e-02,5.0002648799e-02,5.0002648799e-02,5.0002648799e-02,5.0002648799e-02,5.0002648799e-02,5.0002648799e-02,5.0002648799e-02,5.0002648799e-02,5.0002648799e-02,5.0002648799e-02,5.0002648799e-02,5.0002648799e-02,5.0002648799e-02,5.0002648799e-02,5.0002648799e-02,5.0002648798e-02,5.0002648799e-02,5.0002648799e-02,5.0002648799e-02,5.0002648798e-02,5.0002648799e-02,5.0002648799e-02,5.0002648799e-02,5.0002648798e-02,5.0002648799e-02,5.0002648798e-02,5.0002648799e-02,5.0002648798e-02,5.0002648799e-02,5.0002648799e-02,5.0002648798e-02,5.0002648799e-02,5.0002648799e-02,5.0002648798e-02,5.0002648799e-02,5.0002648798e-02,5.0002648798e-02,5.0002648799e-02,5.0002648799e-02,5.0002648799e-02
1.3176812435e+05,8.6000009386e-08,8.5862485547e-08,8.5725242728e-08,8.5588282761e-08,8.5451604559e-08,8.5315208125e-08,8.5179092089e-08,8.5043256044e-08,8.4907699730e-08,8.4772422531e-08,8.4637423748e-08,8.4502702946e-08,8.4368258874e-08,8.4234091717e-08,8.4100200420e-08,8.3966584721e-08,8.3833244317e-08,8.3700177728e-08,8.3567385408e-08,8.3434865656e-08,8.3302619070e-08,8.3170646873e-08,8.2974919106e-08,8.2684997737e-08,8.2256347581e-08,8.1624332272e-08,8.0696284292e-08,7.9341835703e-08,7.7382943778e-08,7.4587905686e-08,7.0679291260e-08,6.5374943789e-08,5.8491309619e-08,5.0134905689e-08,4.0952475950e-08,3.2254541014e-08,2.5641190431e-08,2.1986150792e-08,2.0688137557e-08,2.0426844107e-08,2.0399854658e-08,2.0398532971e-08,2.0398529947e-08,2.0398557323e-08,2.0398579477e-08,2.0398592672e-08,2.0398597886e-08,2.0398599095e-08,2.0398599244e-08,2.0398599253e-08,2.0398599253e-08,2.0398599161e-08,2.0398588409e-08,2.0398111193e-08,2.0388957897e-08,2.0307106911e-08,1.9933356616e-08,1.8945617196e-08,1.7199370883e-08,1.4861343067e-08,1.3076337868e-08,4.5284599534e-08,7.1347777578e-07,6.9227853910e-06,3.6504937275e-05,1.1707682334e-04,2.6012199261e-04,4.4738741128e-04,6.4613264025e-04,8.2882021539e-04,9.8096542830e-04,1.0993600679e-03,1.1872952834e-03,1.2505562318e-03,1.2950867186e-03,1.3259723043e-03,1.3471803431e-03,1.3616447268e-03,1.3714646967e-03,1.3781109860e-03,1.3825999456e-03,1.3856275941e-03,1.3886622624e-03,1.3917038986e-03,1.3947525077e-03,1.3978080913e-03,1.4008706476e-03,1.4039401701e-03,1.4070166472e-03,1.4101000607e-03,1.4131903849e-03,1.4162875843e-03,1.4193916127e-03,1.4225024099e-03,1.4256199002e-03,1.4287439882e-03,1.4318745557e-03,1.4350114568e-03,1.4381545122e-03,1.4413035019e-03,1.4444581551e-03,1.4476181362e-03,1.4476181362e-03,1.4476181362e-03,1.4476181362e-03,1.4476181362e-03,1.4476181362e-03,1.4476181362e-03,1.4476181362e-03,1.4476181362e-03,1.4476181362e-03,1.4476181362e-03,1.4476181362e-03,1.4476181362e-03,1.4476181362e-03,1.4476181362e-03,1.4476181362e-03,1.4476181362e-03,1.4476181362e-03,1.4476181362e-03,1.4476181362e-03,1.4476181362e-03,1.4476181362e-03,1.4476181362e-03,1.4476181362e-03,1.4476181362e-03,1.4476181362e-03,1.4476181362e-03,1.4476181362e-03,1.4476181362e-03,1.4476181362e-03,1.4476181362e-03,1.4476181362e-03,1.4476181362e-03,1.4476181362e-03,1.4476181362e-03,1.4476181362e-03,1.4476181362e-03,1.4476181362e-03,1.4476181362e-03,1.4476181362e-03,1.4476181362e-03,1.4476181362e-03,1.4476181362e-03,1.4476181362e-03,1.4476181362e-03,1.4476181362e-03,1.4476181362e-03,1.4476181362e-03,1.4476181362e-03,1.4476181362e-03,1.4476181362e-03,1.4476181362e-03,1.4476181362e-03,1.4476181362e-03,1.4476181362e-03,1.4476181362e-03,1.4476181362e-03,1.4476181362e-03,1.4476181362e-03,1.4476181362e-03,1.4476181362e-03,1.4476181362e-03,1.4476181362e-03,1.4476181362e-03,1.4476181362e-03,1.4476181362e-03,1.4476181362e-03,1.4476181362e-03,1.4476181362e-03,1.4476181362e-03,1.4476181362e-03,1.4476181362e-03,1.4476181362e-03,1.4476181362e-03,1.4476181362e-03,1.4476181362e-03,1.4476181362e-03,1.4476181362e-03,1.4476181362e-03,1.4476181362e-03,1.4476181362e-03,1.4476181362e-03,1.4476181362e-03,1.4476181362e-03,1.4476181362e-03,1.4476181362e-03,1.4476181362e-03,1.4476181362e-03,1.4476181362e-03,1.4476181362e-03,1.4476181362e-03,1.4476181362e-03,1.4476181362e-03,1.4476181362e-03,1.4476181362e-03,1.4476181362e-03,1.4476181362e-03,1.4476181362e-03,1.4476181362e-03,1.4476181362e-03,1.4476181362e-03,1.4476181362e-03,1.4476181362e-03,1.4476181362e-03,1.4476181362e-03,1.4476181362e-03,1.4476181362e-03,1.4476181362e-03,1.4476181362e-03,1.4476181362e-03,1.4476181362e-03,1.4476181362e-03,1.4476181362e-03,1.4476181362e-03,1.4476181362e-03,1.4476181362e-03,1.4476181362e-03,1.4476181362e-03,1.4476181362e-03,1.4476181362e-03,1.4476181362e-03,1.4476181362e-03,1.4476181362e-03,1.4476181362e-03,1.4476181362e-03,1.4476181362e-03,1.4476181362e-03,1.4476181362e-03,1.4476181362e-03,1.4476181362e-03,1.4476181362e-03,1.4476181362e-03,1.4476181362e-03,1.4476181362e-03,1.4476181362e-03,1.4476181362e-03,1.4476181362e-03,1.4476181362e-03,1.4476181362e-03,1.4476181362e-03,1.4476181362e-03,1.4476181362e-03,1.4476181362e-03,1.4476181362e-03,1.4476181362e-03,1.4476181362e-03,1.4476181362e-03,1.4476181362e-03,1.4476181362e-03,1.4476181362e-03,1.4476181362e-03,1.4476181362e-03,1.4476181362e-03,1.4476181362e-03,1.4476181362e-03,1.4476181362e-03,1.4476181362e-03,1.4476181362e-03,1.4476181362e-03,1.4476181362e-03,1.4476181362e-03,1.4476181362e-03,1.4476181362e-03,1.4476181362e-03,1.4476181362e-03,1.4476181362e-03,1.4476181362e-03,1.4476181362e-03,1.4476181362e-03,1.4476181362e-03,1.4476181362e-03,1.4476181362e-03,1.4476181362e-03,1.4476181362e-03,1.4476181362e-03,1.4476181362e-03,1.4476181362e-03,1.4476181362e-03,1.4476181362e-03,1.4476181362e-03,1.4476181362e-03,1.4476181362e-03,1.4476181362e-03,1.4476181362e-03,1.4476181362e-03,1.4476181362e-03,1.4476181362e-03,1.4476181362e-03,1.4476181362e-03,1.4476181362e-03,1.4476181362e-03,1.4476181362e-03,1.4476181362e-03,1.4476181362e-03,1.4476181362e-03,1.4476181362e-03,1.4476181362e-03,1.4476181362e-03,1.4476181362e-03,1.4476181362e-03,1.4476181362e-03,5.0002648799e-02,5.0002648798e-02,5.0002648799e-02,5.0002648798e-02,5.0002648798e-02,5.0002648799e-02,5.0002648799e-02,5.0002648797e-02,5.0002648800e-02,5.0002648799e-02,5.0002648797e-02,5.0002648800e-02,5.0002648799e-02,5.0002648797e-02,5.0002648798e-02,5.0002648798e-02,5.0002648800e-02,5.0002648798e-02,5.0002648798e-02,5.0002648799e-02,5.0002648799e-02,5.0002648798e-02,5.0002648799e-02,5.0002648799e-02,5.0002648798e-02,5.0002648799e-02,5.0002648799e-02,5.0002648799e-02,5.0002648799e-02,5.0002648799e-02,5.0002648799e-02,5.0002648799e-02,5.0002648799e-02,5.0002648799e-02,5.0002648799e-02,5.0002648799e-02,5.0002648799e-02,5.0002648799e-02,5.0002648799e-02,5.0002648799e-02,5.0002648799e-02,5.0002648799e-02,5.0002648799e-02,5.0002648799e-02,5.0002648799e-02,5.0002648799e-02,5.0002648799e-02,5.0002648799e-02,5.0002648799e-02,5.0002648799e-02,5.0002648799e-02,5.0002648799e-02,5.0002648799e-02,5.0002648799e-02,5.0002648799e-02,5.0002648799e-02,5.0002648799e-02,5.0002648799e-02,5.0002648799e-02,5.0002648799e-02,5.0002648799e-02,5.0002648799e-02,5.0002648799e-02,5.0002648799e-02,5.0002648799e-02,5.0002648799e-02,5.0002648799e-02,5.0002648799e-02,5.0002648799e-02,5.0002648799e-02,5.0002648799e-02,5.0002648799e-02,5.0002648799e-02,5.0002648799e-02,5.0002648799e-02,5.0002648799e-02,5.0002648799e-02,5.0002648799e-02,5.0002648798e-02,5.0002648799e-02,5.0002648799e-02,5.0002648799e-02,5.0002648799e-02,5.0002648798e-02,5.0002648799e-02,5.0002648799e-02,5.0002648799e-02,5.0002648799e-02,5.0002648799e-02,5.0002648798e-02,5.0002648799e-02,5.0002648798e-02,5.0002648799e-02,5.0002648798e-02,5.0002648799e-02,5.0002648799e-02,5.0002648798e-02,5.0002648799e-02,5.0002648799e-02,5.0002648798e-02,5.0002648798e-02,5.0002648799e-02
1.5076812435e+05,8.6000011102e-08,8.5862485381e-08,8.5725242921e-08,8.5588282486e-08,8.5451605014e-08,8.5315207680e-08,8.5179092108e-08,8.5043256218e-08,8.4907699969e-08,8.4772422479e-08,8.4637423858e-08,8.4502702672e-08,8.4368258619e-08,8.4234091721e-08,8.4100200381e-08,8.3966585279e-08,8.3833244042e-08,8.3700177687e-08,8.3567385580e-08,8.3434865695e-08,8.3302618837e-08,8.3170646991e-08,8.2974919083e-08,8.2684997675e-08,8.2256347621e-08,8.1624332286e-08,8.0696284278e-08,7.9341835691e-08,7.7382943787e-08,7.4587905683e-08,7.0679291262e-08,6.5374943789e-08,5.8491309618e-08,5.0134905695e-08,4.0952475954e-08,3.2254541009e-08,2.5641190426e-08,2.1986150791e-08,2.0688137556e-08,2.0426844102e-08,2.0399854660e-08,2.0398532974e-08,2.0398529946e-08,2.0398557324e-08,2.0398579478e-08,2.0398592672e-08,2.0398597886e-08,2.0398599095e-08,2.0398599244e-08,2.0398599253e-08,2.0398599253e-08,2.0398599161e-08,2.0398588409e-08,2.0398111193e-08,2.0388957897e-08,2.0307106911e-08,1.9933356616e-08,1.8945617196e-08,1.7199370884e-08,1.4861343081e-08,1.3076337847e-08,4.5284599534e-08,7.1347777579e-07,6.9227853910e-06,3.6504937275e-05,1.1707682334e-04,2.6012199261e-04,4.4738741128e-04,6.4613264025e-04,8.2882021539e-04,9.8096542830e-04,1.0993600679e-03,1.1872952834e-03,1.2505562318e-03,1.2950867186e-03,1.3259723043e-03,1.3471803431e-03,1.3616447268e-03,1.3714646967e-03,1.3781109860e-03,1.3825999456e-03,1.3856275941e-03,1.3886622623e-03,1.3917038986e-03,1.3947525077e-03,1.3978080913e-03,1.4008706476e-03,1.4039401701e-03,1.4070166472e-03,1.4101000607e-03,1.4131903849e-03,1.4162875843e-03,1.4193916127e-03,1.4225024099e-03,1.4256199002e-03,1.4287439882e-03,1.4318745557e-03,1.4350114568e-03,1.4381545122e-03,1.4413035019e-03,1.4444581551e-03,1.4476181362e-03,1.4476181362e-03,1.4476181362e-03,1.4476181362e-03,1.4476181362e-03,1.4476181362e-03,1.4476181362e-03,1.4476181362e-03,1.4476181362e-03,1.4476181362e-03,1.4476181362e-03,1.4476181362e-03,1.4476181362e-03,1.4476181362e-03,1.4476181362e-03,1.4476181362e-03,1.4476181362e-03,1.4476181362e-03,1.4476181362e-03,1.4476181362e-03,1.4476181362e-03,1.4476181362e-03,1.4476181362e-03,1.4476181362e-03,1.4476181362e-03,1.4476181362e-03,1.4476181362e-03,1.4476181362e-03,1.4476181362e-03,1.4476181362e-03,1.4476181362e-03,1.4476181362e-03,1.4476181362e-03,1.4476181362e-03,1.4476181362e-03,1.4476181362e-03,1.4476181362e-03,1.4476181362e-03,1.4476181362e-03,1.4476181362e-03,1.4476181362e-03,1.4476181362e-03,1.4476181362e-03,1.4476181362e-03,1.4476181362e-03,1.4476181362e-03,1.4476181362e-03,1.4476181362e-03,1.4476181362e-03,1.4476181362e-03,1.4476181362e-03,1.4476181362e-03,1.4476181362e-03,1.4476181362e-03,1.4476181362e-03,1.4476181362e-03,1.4476181362e-03,1.4476181362e-03,1.4476181362e-03,1.4476181362e-03,1.4476181362e-03,1.4476181362e-03,1.4476181362e-03,1.4476181362e-03,1.4476181362e-03,1.4476181362e-03,1.4476181362e-03,1.4476181362e-03,1.4476181362e-03,1.4476181362e-03,1.4476181362e-03,1.4476181362e-03,1.4476181362e-03,1.4476181362e-03,1.4476181362e-03,1.4476181362e-03,1.4476181362e-03,1.4476181362e-03,1.4476181362e-03,1.4476181362e-03,1.4476181362e-03,1.4476181362e-03,1.4476181362e-03,1.4476181362e-03,1.4476181362e-03,1.4476181362e-03,1.4476181362e-03,1.4476181362e-03,1.4476181362e-03,1.4476181362e-03,1.4476181362e-03,1.4476181362e-03,1.4476181362e-03,1.4476181362e-03,1.4476181362e-03,1.4476181362e-03,1.4476181362e-03,1.4476181362e-03,1.4476181362e-03,1.4476181362e-03,1.4476181362e-03,1.4476181362e-03,1.4476181362e-03,1.4476181362e-03,1.4476181362e-03,1.4476181362e-03,1.4476181362e-03,1.4476181362e-03,1.4476181362e-03,1.4476181362e-03,1.4476181362e-03,1.4476181362e-03,1.4476181362e-03,1.4476181362e-03,1.4476181362e-03,1.4476181362e-03,1.4476181362e-03,1.4476181362e-03,1.4476181362e-03,1.4476181362e-03,1.4476181362e-03,1.4476181362e-03,1.4476181362e-03,1.4476181362e-03,1.4476181362e-03,1.4476181362e-03,1.4476181362e-03,1.4476181362e-03,1.4476181362e-03,1.4476181362e-03,1.4476181362e-03,1.4476181362e-03,1.4476181362e-03,1.4476181362e-03,1.4476181362e-03,1.4476181362e-03,1.4476181362e-03,1.4476181362e-03,1.4476181362e-03,1.4476181362e-03,1.4476181362e-03,1.4476181362e-03,1.4476181362e-03,1.4476181362e-03,1.4476181362e-03,1.4476181362e-03,1.4476181362e-03,1.4476181362e-03,1.4476181362e-03,1.4476181362e-03,1.4476181362e-03,1.4476181362e-03,1.4476181362e-03,1.4476181362e-03,1.4476181362e-03,1.4476181362e-03,1.4476181362e-03,1.4476181362e-03,1.4476181362e-03,1.4476181362e-03,1.4476181362e-03,1.4476181362e-03,1.4476181362e-03,1.4476181362e-03,1.4476181362e-03,1.4476181362e-03,1.4476181362e-03,1.4476181362e-03,1.4476181362e-03,1.4476181362e-03,1.4476181362e-03,1.4476181362e-03,1.4476181362e-03,1.4476181362e-03,1.4476181362e-03,1.4476181362e-03,1.4476181362e-03,1.4476181362e-03,1.4476181362e-03,1.4476181362e-03,1.4476181362e-03,1.4476181362e-03,1.4476181362e-03,1.4476181362e-03,1.4476181362e-03,1.4476181362e-03,1.4476181362e-03,1.4476181362e-03,1.4476181362e-03,1.4476181362e-03,1.4476181362e-03,1.4476181362e-03,1.4476181362e-03,1.4476181362e-03,1.4476181362e-03,1.4476181362e-03,1.4476181362e-03,1.4476181362e-03,1.4476181362e-03,1.4476181362e-03,1.4476181362e-03,5.0002648799e-02,5.0002648799e-02,5.0002648799e-02,5.0002648798e-02,5.0002648798e-02,5.0002648798e-02,5.0002648800e-02,5.0002648798e-02,5.0002648798e-02,5.0002648799e-02,5.0002648798e-02,5.0002648799e-02,5.0002648800e-02,5.0002648799e-02,5.0002648796e-02,5.0002648800e-02,5.0002648799e-02,5.0002648797e-02,5.0002648800e-02,5.0002648797e-02,5.0002648800e-02,5.0002648797e-02,5.0002648799e-02,5.0002648799e-02,5.0002648799e-02,5.0002648799e-02,5.0002648798e-02,5.0002648799e-02,5.0002648799e-02,5.0002648799e-02,5.0002648799e-02,5.0002648799e-02,5.0002648799e-02,5.0002648799e-02,5.0002648799e-02,5.0002648799e-02,5.0002648799e-02,5.0002648799e-02,5.0002648799e-02,5.0002648799e-02,5.0002648799e-02,5.0002648799e-02,5.0002648799e-02,5.0002648799e-02,5.0002648799e-02,5.0002648799e-02,5.0002648799e-02,5.0002648799e-02,5.0002648799e-02,5.0002648799e-02,5.0002648799e-02,5.0002648799e-02,5.0002648799e-02,5.0002648799e-02,5.0002648799e-02,5.0002648799e-02,5.0002648799e-02,5.0002648799e-02,5.0002648799e-02,5.0002648799e-02,5.0002648799e-02,5.0002648799e-02,5.0002648799e-02,5.0002648799e-02,5.0002648799e-02,5.0002648799e-02,5.0002648799e-02,5.0002648799e-02,5.0002648799e-02,5.0002648799e-02,5.0002648799e-02,5.0002648799e-02,5.0002648799e-02,5.0002648799e-02,5.0002648799e-02,5.0002648799e-02,5.0002648799e-02,5.0002648799e-02,5.0002648799e-02,5.0002648799e-02,5.0002648799e-02,5.0002648798e-02,5.0002648799e-02,5.0002648799e-02,5.0002648798e-02,5.0002648799e-02,5.0002648798e-02,5.0002648799e-02,5.0002648799e-02,5.0002648798e-02,5.0002648798e-02,5.0002648799e-02,5.0002648799e-02,5.0002648798e-02,5.0002648798e-02,5.0002648798e-02,5.0002648799e-02,5.0002648798e-02,5.0002648799e-02,5.0002648799e-02,5.0002648799e-02,5.0002648799e-02
1.6976812435e+05,8.6000010837e-08,8.5862485352e-08,8.5725242723e-08,8.5588282473e-08,8.5451604939e-08,8.5315207903e-08,8.5179092183e-08,8.5043255915e-08,8.4907699849e-08,8.4772422738e-08,8.4637423769e-08,8.4502702729e-08,8.4368258880e-08,8.4234091601e-08,8.4100200362e-08,8.3966585017e-08,8.3833244366e-08,8.3700177784e-08,8.3567385277e-08,8.3434865659e-08,8.3302619159e-08,8.3170646733e-08,8.2974919289e-08,8.2684997681e-08,8.2256347517e-08,8.1624332306e-08,8.0696284301e-08,7.9341835706e-08,7.7382943773e-08,7.4587905704e-08,7.0679291254e-08,6.5374943798e-08,5.8491309621e-08,5.0134905692e-08,4.0952475956e-08,3.2254541018e-08,2.5641190428e-08,2.1986150793e-08,2.0688137554e-08,2.0426844107e-08,2.0399854657e-08,2.0398532971e-08,2.0398529945e-08,2.0398557325e-08,2.0398579478e-08,2.0398592673e-08,2.0398597886e-08,2.0398599095e-08,2.0398599244e-08,2.0398599253e-08,2.0398599253e-08,2.0398599160e-08,2.0398588409e-08,2.0398111192e-08,2.0388957897e-08,2.0307106911e-08,1.9933356617e-08,1.8945617195e-08,1.7199370882e-08,1.4861343083e-08,1.3076337848e-08,4.5284599532e-08,7.1347777579e-07,6.9227853911e-06,3.6504937275e-05,1.1707682334e-04,2.6012199262e-04,4.4738741129e-04,6.4613264025e-04,8.2882021540e-04,9.8096542831e-04,1.0993600679e-03,1.1872952834e-03,1.2505562318e-03,1.2950867186e-03,1.3259723043e-03,1.3471803431e-03,1.3616447268e-03,1.3714646967e-03,1.3781109860e-03,1.3825999456e-03,1.3856275941e-03,1.3886622624e-03,1.3917038986e-03,1.3947525077e-03,1.3978080913e-03,1.4008706476e-03,1.4039401701e-03,1.4070166472e-03,1.4101000607e-03,1.4131903849e-03,1.4162875843e-03,1.4193916127e-03,1.4225024100e-03,1.4256199002e-03,1.4287439882e-03,1.4318745557e-03,1.4350114568e-03,1.4381545123e-03,1.4413035019e-03,1.4444581551e-03,1.4476181362e-03,1.4476181362e-03,1.4476181362e-03,1.4476181362e-03,1.4476181362e-03,1.4476181362e-03,1.4476181362e-03,1.4476181362e-03,1.4476181362e-03,1.4476181362e-03,1.4476181362e-03,1.4476181362e-03,1.4476181362e-03,1.4476181363e-03,1.4476181362e-03,1.4476181362e-03,1.4476181362e-03,1.4476181362e-03,1.4476181362e-03,1.4476181362e-03,1.4476181362e-03,1.4476181362e-03,1.4476181362e-03,1.4476181362e-03,1.4476181362e-03,1.4476181362e-03,1.4476181362e-03,1.4476181362e-03,1.4476181362e-03,1.4476181362e-03,1.4476181362e-03,1.4476181362e-03,1.4476181362e-03,1.4476181362e-03,1.4476181362e-03,1.4476181362e-03,1.4476181362e-03,1.4476181362e-03,1.4476181362e-03,1.4476181362e-03,1.4476181362e-03,1.4476181362e-03,1.4476181362e-03,1.4476181362e-03,1.4476181362e-03,1.4476181362e-03,1.4476181362e-03,1.4476181362e-03,1.4476181362e-03,1.4476181362e-03,1.4476181362e-03,1.4476181362e-03,1.4476181362e-03,1.4476181362e-03,1.4476181362e-03,1.4476181362e-03,1.4476181362e-03,1.4476181362e-03,1.4476181362e-03,1.4476181362e-03,1.4476181362e-03,1.4476181362e-03,1.4476181362e-03,1.4476181362e-03,1.4476181362e-03,1.4476181362e-03,1.4476181362e-03,1.4476181362e-03,1.4476181362e-03,1.4476181362e-03,1.4476181362e-03,1.4476181362e-03,1.4476181362e-03,1.4476181362e-03,1.4476181362e-03,1.4476181362e-03,1.4476181362e-03,1.4476181362e-03,1.4476181362e-03,1.4476181362e-03,1.4476181362e-03,1.4476181362e-03,1.4476181362e-03,1.4476181362e-03,1.4476181362e-03,1.4476181362e-03,1.4476181362e-03,1.4476181362e-03,1.4476181362e-03,1.4476181362e-03,1.4476181362e-03,1.4476181362e-03,1.4476181362e-03,1.4476181362e-03,1.4476181362e-03,1.4476181362e-03,1.4476181362e-03,1.4476181362e-03,1.4476181362e-03,1.4476181362e-03,1.4476181362e-03,1.4476181362e-03,1.4476181362e-03,1.4476181362e-03,1.4476181362e-03,1.4476181362e-03,1.4476181362e-03,1.4476181362e-03,1.4476181362e-03,1.4476181362e-03,1.4476181362e-03,1.4476181362e-03,1.4476181362e-03,1.4476181362e-03,1.4476181362e-03,1.4476181362e-03,1.4476181362e-03,1.4476181362e-03,1.4476181362e-03,1.4476181362e-03,1.4476181362e-03,1.4476181362e-03,1.4476181362e-03,1.4476181362e-03,1.4476181362e-03,1.4476181362e-03,1.4476181362e-03,1.4476181362e-03,1.4476181362e-03,1.4476181362e-03,1.4476181362e-03,1.4476181362e-03,1.4476181362e-03,1.4476181362e-03,1.4476181362e-03,1.4476181362e-03,1.4476181362e-03,1.4476181362e-03,1.4476181362e-03,1.4476181362e-03,1.4476181362e-03,1.4476181362e-03,1.4476181362e-03,1.4476181362e-03,1.4476181362e-03,1.4476181362e-03,1.4476181362e-03,1.4476181362e-03,1.4476181362e-03,1.4476181362e-03,1.4476181362e-03,1.4476181362e-03,1.4476181362e-03,1.4476181362e-03,1.4476181362e-03,1.4476181362e-03,1.4476181362e-03,1.4476181362e-03,1.4476181362e-03,1.4476181362e-03,1.4476181362e-03,1.4476181362e-03,1.4476181362e-03,1.4476181362e-03,1.4476181362e-03,1.4476181362e-03,1.4476181362e-03,1.4476181362e-03,1.4476181362e-03,1.4476181362e-03,1.4476181362e-03,1.4476181362e-03,1.4476181362e-03,1.4476181362e-03,1.4476181362e-03,1.4476181362e-03,1.4476181362e-03,1.4476181362e-03,1.4476181362e-03,1.4476181362e-03,1.4476181362e-03,1.4476181362e-03,1.4476181362e-03,1.4476181362e-03,1.4476181362e-03,1.4476181362e-03,1.4476181362e-03,1.4476181362e-03,1.4476181362e-03,1.4476181362e-03,1.4476181362e-03,1.4476181362e-03,1.4476181362e-03,1.4476181362e-03,1.4476181362e-03,1.4476181362e-03,1.4476181362e-03,1.4476181362e-03,1.4476181362e-03,1.4476181362e-03,1.4476181362e-03,5.0002648799e-02,5.0002648799e-02,5.0002648798e-02,5.0002648799e-02,5.0002648798e-02,5.0002648800e-02,5.0002648800e-02,5.0002648798e-02,5.0002648797e-02,5.0002648801e-02,5.0002648798e-02,5.0002648797e-02,5.0002648800e-02,5.0002648797e-02,5.0002648798e-02,5.0002648801e-02,5.0002648799e-02,5.0002648797e-02,5.0002648798e-02,5.0002648798e-02,5.0002648798e-02,5.0002648799e-02,5.0002648799e-02,5.0002648798e-02,5.0002648798e-02,5.0002648799e-02,5.0002648799e-02,5.0002648799e-02,5.0002648799e-02,5.0002648799e-02,5.0002648799e-02,5.0002648799e-02,5.0002648799e-02,5.0002648799e-02,5.0002648799e-02,5.0002648799e-02,5.0002648799e-02,5.0002648799e-02,5.0002648799e-02,5.0002648799e-02,5.0002648799e-02,5.0002648799e-02,5.0002648799e-02,5.0002648799e-02,5.0002648799e-02,5.0002648799e-02,5.0002648799e-02,5.0002648799e-02,5.0002648799e-02,5.0002648799e-02,5.0002648799e-02,5.0002648799e-02,5.0002648799e-02,5.0002648799e-02,5.0002648799e-02,5.0002648799e-02,5.0002648799e-02,5.0002648799e-02,5.0002648799e-02,5.0002648799e-02,5.0002648799e-02,5.0002648799e-02,5.0002648799e-02,5.0002648799e-02,5.0002648799e-02,5.0002648799e-02,5.0002648799e-02,5.0002648799e-02,5.0002648799e-02,5.0002648799e-02,5.0002648799e-02,5.0002648799e-02,5.0002648799e-02,5.0002648799e-02,5.0002648799e-02,5.0002648799e-02,5.0002648799e-02,5.0002648799e-02,5.0002648799e-02,5.0002648799e-02,5.0002648799e-02,5.0002648799e-02,5.0002648798e-02,5.0002648798e-02,5.0002648799e-02,5.0002648799e-02,5.0002648799e-02,5.0002648798e-02,5.0002648799e-02,5.0002648799e-02,5.0002648799e-02,5.0002648798e-02,5.0002648799e-02,5.0002648798e-02,5.0002648799e-02,5.0002648798e-02,5.0002648798e-02,5.0002648799e-02,5.0002648799e-02,5.0002648798e-02,5.0002648799e-02,5.0002648799e-02
1.8776812435e+05,8.6000012205e-08,8.5862485244e-08,8.5725243017e-08,8.5588282559e-08,8.5451604540e-08,8.5315208108e-08,8.5179092227e-08,8.5043256129e-08,8.4907699762e-08,8.4772422672e-08,8.4637423448e-08,8.4502702844e-08,8.4368258841e-08,8.4234091777e-08,8.4100200531e-08,8.3966584698e-08,8.3833244493e-08,8.3700177660e-08,8.3567385415e-08,8.3434865587e-08,8.3302619044e-08,8.3170646977e-08,8.2974919125e-08,8.2684997593e-08,8.2256347627e-08,8.1624332272e-08,8.0696284323e-08,7.9341835684e-08,7.7382943775e-08,7.4587905683e-08,7.0679291262e-08,6.5374943789e-08,5.8491309620e-08,5.0134905692e-08,4.0952475955e-08,3.2254541007e-08,2.5641190424e-08,2.1986150792e-08,2.0688137552e-08,2.0426844103e-08,2.0399854662e-08,2.0398532974e-08,2.0398529945e-08,2.0398557324e-08,2.0398579478e-08,2.0398592672e-08,2.0398597886e-08,2.0398599095e-08,2.0398599244e-08,2.0398599253e-08,2.0398599253e-08,2.0398599161e-08,2.0398588409e-08,2.0398111192e-08,2.0388957897e-08,2.0307106911e-08,1.9933356616e-08,1.8945617196e-08,1.7199370883e-08,1.4861343081e-08,1.3076337849e-08,4.5284599537e-08,7.1347777579e-07,6.9227853911e-06,3.6504937275e-05,1.1707682334e-04,2.6012199262e-04,4.4738741129e-04,6.4613264026e-04,8.2882021540e-04,9.8096542831e-04,1.0993600679e-03,1.1872952834e-03,1.2505562318e-03,1.2950867186e-03,1.3259723043e-03,1.3471803431e-03,1.3616447268e-03,1.3714646967e-03,1.3781109860e-03,1.3825999456e-03,1.3856275941e-03,1.3886622624e-03,1.3917038986e-03,1.3947525077e-03,1.3978080913e-03,1.4008706476e-03,1.4039401701e-03,1.4070166472e-03,1.4101000607e-03,1.4131903849e-03,1.4162875843e-03,1.4193916127e-03,1.4225024100e-03,1.4256199002e-03,1.4287439882e-03,1.4318745557e-03,1.4350114568e-03,1.4381545123e-03,1.4413035019e-03,1.4444581551e-03,1.4476181362e-03,1.4476181362e-03,1.4476181362e-03,1.4476181362e-03,1.4476181362e-03,1.4476181362e-03,1.4476181362e-03,1.4476181362e-03,1.4476181362e-03,1.4476181362e-03,1.4476181362e-03,1.4476181362e-03,1.4476181362e-03,1.4476181362e-03,1.4476181362e-03,1.4476181363e-03,1.4476181362e-03,1.4476181362e-03,1.4476181362e-03,1.4476181362e-03,1.4476181362e-03,1.4476181362e-03,1.4476181362e-03,1.4476181362e-03,1.4476181362e-03,1.4476181362e-03,1.4476181362e-03,1.4476181362e-03,1.4476181362e-03,1.4476181362e-03,1.4476181362e-03,1.4476181362e-03,1.4476181362e-03,1.4476181362e-03,1.4476181362e-03,1.4476181362e-03,1.4476181362e-03,1.4476181362e-03,1.4476181362e-03,1.4476181362e-03,1.4476181362e-03,1.4476181362e-03,1.4476181362e-03,1.4476181362e-03,1.4476181362e-03,1.4476181362e-03,1.4476181362e-03,1.4476181362e-03,1.4476181362e-03,1.4476181362e-03,1.4476181362e-03,1.4476181362e-03,1.4476181362e-03,1.4476181362e-03,1.4476181362e-03,1.4476181362e-03,1.4476181362e-03,1.4476181362e-03,1.4476181362e-03,1.4476181362e-03,1.4476181362e-03,1.4476181362e-03,1.4476181362e-03,1.4476181362e-03,1.4476181362e-03,1.4476181362e-03,1.4476181362e-03,1.4476181362e-03,1.4476181362e-03,1.4476181362e-03,1.4476181362e-03,1.4476181362e-03,1.4476181362e-03,1.4476181362e-03,1.4476181362e-03,1.4476181362e-03,1.4476181362e-03,1.4476181362e-03,1.4476181362e-03,1.4476181362e-03,1.4476181362e-03,1.4476181362e-03,1.4476181362e-03,1.4476181362e-03,1.4476181362e-03,1.4476181362e-03,1.4476181362e-03,1.4476181362e-03,1.4476181362e-03,1.4476181362e-03,1.4476181362e-03,1.4476181362e-03,1.4476181362e-03,1.4476181362e-03,1.4476181362e-03,1.4476181362e-03,1.4476181362e-03,1.4476181362e-03,1.4476181362e-03,1.4476181362e-03,1.4476181362e-03,1.4476181362e-03,1.4476181362e-03,1.4476181362e-03,1.4476181362e-03,1.4476181362e-03,1.4476181362e-03,1.4476181362e-03,1.4476181362e-03,1.4476181362e-03,1.4476181362e-03,1.4476181362e-03,1.4476181362e-03,1.4476181362e-03,1.4476181362e-03,1.4476181362e-03,1.4476181362e-03,1.4476181362e-03,1.4476181362e-03,1.4476181362e-03,1.4476181362e-03,1.4476181362e-03,1.4476181362e-03,1.4476181362e-03,1.4476181362e-03,1.4476181362e-03,1.4476181362e-03,1.4476181362e-03,1.4476181362e-03,1.4476181362e-03,1.4476181362e-03,1.4476181362e-03,1.4476181362e-03,1.4476181362e-03,1.4476181362e-03,1.4476181362e-03,1.4476181362e-03,1.4476181362e-03,1.4476181362e-03,1.4476181362e-03,1.4476181362e-03,1.4476181362e-03,1.4476181362e-03,1.4476181362e-03,1.4476181362e-03,1.4476181362e-03,1.4476181362e-03,1.4476181362e-03,1.4476181362e-03,1.4476181362e-03,1.4476181362e-03,1.4476181362e-03,1.4476181362e-03,1.4476181362e-03,1.4476181362e-03,1.4476181362e-03,1.4476181362e-03,1.4476181362e-03,1.4476181362e-03,1.4476181362e-03,1.4476181362e-03,1.4476181362e-03,1.4476181362e-03,1.4476181362e-03,1.4476181362e-03,1.4476181362e-03,1.4476181362e-03,1.4476181362e-03,1.4476181362e-03,1.4476181362e-03,1.4476181362e-03,1.4476181362e-03,1.4476181362e-03,1.4476181362e-03,1.4476181362e-03,1.4476181362e-03,1.4476181362e-03,1.4476181362e-03,1.4476181362e-03,1.4476181362e-03,1.4476181362e-03,1.4476181362e-03,1.4476181362e-03,1.4476181362e-03,1.4476181362e-03,1.4476181362e-03,1.4476181362e-03,1.4476181362e-03,1.4476181362e-03,1.4476181362e-03,1.4476181362e-03,1.4476181362e-03,1.4476181362e-03,1.4476181362e-03,1.4476181362e-03,1.4476181362e-03,1.4476181362e-03,1.4476181362e-03,1.4476181362e-03,1.4476181362e-03,1.4476181362e-03,5.0002648799e-02,5.0002648799e-02,5.0002648799e-02,5.0002648798e-02,5.0002648800e-02,5.0002648797e-02,5.0002648799e-02,5.0002648800e-02,5.0002648798e-02,5.0002648798e-02,5.0002648798e-02,5.0002648800e-02,5.0002648799e-02,5.0002648799e-02,5.0002648796e-02,5.0002648800e-02,5.0002648799e-02,5.0002648799e-02,5.0002648798e-02,5.0002648798e-02,5.0002648797e-02,5.0002648800e-02,5.0002648799e-02,5.0002648798e-02,5.0002648799e-02,5.0002648799e-02,5.0002648799e-02,5.0002648798e-02,5.0002648799e-02,5.0002648799e-02,5.0002648799e-02,5.0002648799e-02,5.0002648799e-02,5.0002648799e-02,5.0002648799e-02,5.0002648799e-02,5.0002648799e-02,5.0002648799e-02,5.0002648799e-02,5.0002648799e-02,5.0002648799e-02,5.0002648799e-02,5.0002648799e-02,5.0002648799e-02,5.0002648799e-02,5.0002648799e-02,5.0002648799e-02,5.0002648799e-02,5.0002648799e-02,5.0002648799e-02,5.0002648799e-02,5.0002648799e-02,5.0002648799e-02,5.0002648799e-02,5.0002648799e-02,5.0002648799e-02,5.0002648799e-02,5.0002648799e-02,5.0002648799e-02,5.0002648799e-02,5.0002648799e-02,5.0002648799e-02,5.0002648799e-02,5.0002648799e-02,5.0002648799e-02,5.0002648799e-02,5.0002648799e-02,5.0002648799e-02,5.0002648799e-02,5.0002648799e-02,5.0002648799e-02,5.0002648799e-02,5.0002648799e-02,5.0002648799e-02,5.0002648799e-02,5.0002648799e-02,5.0002648799e-02,5.0002648799e-02,5.0002648799e-02,5.0002648799e-02,5.0002648799e-02,5.0002648799e-02,5.0002648798e-02,5.0002648798e-02,5.0002648799e-02,5.0002648799e-02,5.0002648799e-02,5.0002648799e-02,5.0002648798e-02,5.0002648799e-02,5.0002648799e-02,5.0002648799e-02,5.0002648799e-02,5.0002648798e-02,5.0002648799e-02,5.0002648798e-02,5.0002648799e-02,5.0002648799e-02,5.0002648799e-02,5.0002648799e-02,5.0002648798e-02,5.0002648799e-02
2.0676812435e+05,8.6000011081e-08,8.5862485041e-08,8.5725243078e-08,8.5588282648e-08,8.5451604712e-08,8.5315207893e-08,8.5179092208e-08,8.5043256072e-08,8.4907699771e-08,8.4772422760e-08,8.4637423558e-08,8.4502702598e-08,8.4368258959e-08,8.4234091712e-08,8.4100200561e-08,8.3966584952e-08,8.3833243932e-08,8.3700178232e-08,8.3567385167e-08,8.3434865670e-08,8.3302618891e-08,8.3170647022e-08,8.2974919046e-08,8.2684997671e-08,8.2256347602e-08,8.1624332282e-08,8.0696284283e-08,7.9341835713e-08,7.7382943764e-08,7.4587905688e-08,7.0679291254e-08,6.5374943788e-08,5.8491309619e-08,5.0134905690e-08,4.0952475950e-08,3.2254541012e-08,2.5641190430e-08,2.1986150787e-08,2.0688137560e-08,2.0426844105e-08,2.0399854657e-08,2.0398532974e-08,2.0398529946e-08,2.0398557324e-08,2.0398579478e-08,2.0398592672e-08,2.0398597886e-08,2.0398599095e-08,2.0398599244e-08,2.0398599253e-08,2.0398599253e-08,2.0398599161e-08,2.0398588409e-08,2.0398111192e-08,2.0388957897e-08,2.0307106911e-08,1.9933356617e-08,1.8945617195e-08,1.7199370885e-08,1.4861343081e-08,1.3076337846e-08,4.5284599534e-08,7.1347777580e-07,6.9227853912e-06,3.6504937275e-05,1.1707682335e-04,2.6012199262e-04,4.4738741130e-04,6.4613264027e-04,8.2882021541e-04,9.8096542831e-04,1.0993600679e-03,1.1872952834e-03,1.2505562318e-03,1.2950867186e-03,1.3259723043e-03,1.3471803431e-03,1.3616447268e-03,1.3714646967e-03,1.3781109860e-03,1.3825999456e-03,1.3856275941e-03,1.3886622624e-03,1.3917038986e-03,1.3947525077e-03,1.3978080913e-03,1.4008706476e-03,1.4039401701e-03,1.4070166472e-03,1.4101000607e-03,1.4131903849e-03,1.4162875843e-03,1.4193916127e-03,1.4225024100e-03,1.4256199002e-03,1.4287439882e-03,1.4318745558e-03,1.4350114568e-03,1.4381545123e-03,1.4413035019e-03,1.4444581551e-03,1.4476181362e-03,1.4476181362e-03,1.4476181362e-03,1.4476181362e-03,1.4476181362e-03,1.4476181362e-03,1.4476181362e-03,1.4476181362e-03,1.4476181362e-03,1.4476181363e-03,1.4476181362e-03,1.4476181363e-03,1.4476181362e-03,1.4476181362e-03,1.4476181362e-03,1.4476181362e-03,1.4476181362e-03,1.4476181362e-03,1.4476181362e-03,1.4476181362e-03,1.4476181362e-03,1.4476181362e-03,1.4476181362e-03,1.4476181362e-03,1.4476181362e-03,1.4476181362e-03,1.4476181362e-03,1.4476181362e-03,1.4476181362e-03,1.4476181362e-03,1.4476181362e-03,1.4476181362e-03,1.4476181362e-03,1.4476181362e-03,1.4476181362e-03,1.4476181362e-03,1.4476181362e-03,1.4476181362e-03,1.4476181362e-03,1.4476181362e-03,1.4476181362e-03,1.4476181362e-03,1.4476181362e-03,1.4476181362e-03,1.4476181362e-03,1.4476181362e-03,1.4476181362e-03,1.4476181362e-03,1.4476181362e-03,1.4476181362e-03,1.4476181362e-03,1.4476181362e-03,1.4476181362e-03,1.4476181362e-03,1.4476181362e-03,1.4476181362e-03,1.4476181362e-03,1.4476181362e-03,1.4476181362e-03,1.4476181362e-03,1.4476181362e-03,1.4476181362e-03,1.4476181362e-03,1.4476181362e-03,1.4476181362e-03,1.4476181362e-03,1.4476181362e-03,1.4476181362e-03,1.4476181362e-03,1.4476181362e-03,1.4476181362e-03,1.4476181362e-03,1.4476181362e-03,1.4476181362e-03,1.4476181362e-03,1.4476181362e-03,1.4476181362e-03,1.4476181362e-03,1.4476181362e-03,1.4476181362e-03,1.4476181362e-03,1.4476181362e-03,1.4476181362e-03,1.4476181362e-03,1.4476181362e-03,1.4476181362e-03,1.4476181362e-03,1.4476181362e-03,1.4476181362e-03,1.4476181362e-03,1.4476181362e-03,1.4476181362e-03,1.4476181362e-03,1.4476181362e-03,1.4476181362e-03,1.4476181362e-03,1.4476181362e-03,1.4476181362e-03,1.4476181362e-03,1.4476181362e-03,1.4476181362e-03,1.4476181362e-03,1.4476181362e-03,1.4476181362e-03,1.4476181362e-03,1.4476181362e-03,1.4476181362e-03,1.4476181362e-03,1.4476181362e-03,1.4476181362e-03,1.4476181362e-03,1.4476181362e-03,1.4476181362e-03,1.4476181362e-03,1.4476181362e-03,1.4476181362e-03,1.4476181362e-03,1.4476181362e-03,1.4476181362e-03,1.4476181362e-03,1.4476181362e-03,1.4476181362e-03,1.4476181362e-03,1.4476181362e-03,1.4476181362e-03,1.4476181362e-03,1.4476181362e-03,1.4476181362e-03,1.4476181362e-03,1.4476181362e-03,1.4476181362e-03,1.4476181362e-03,1.4476181362e-03,1.4476181362e-03,1.4476181362e-03,1.4476181362e-03,1.4476181362e-03,1.4476181362e-03,1.4476181362e-03,1.4476181362e-03,1.4476181362e-03,1.4476181362e-03,1.4476181362e-03,1.4476181362e-03,1.4476181362e-03,1.4476181362e-03,1.4476181362e-03,1.4476181362e-03,1.4476181362e-03,1.4476181362e-03,1.4476181362e-03,1.4476181362e-03,1.4476181362e-03,1.4476181362e-03,1.4476181362e-03,1.4476181362e-03,1.4476181362e-03,1.4476181362e-03,1.4476181362e-03,1.4476181362e-03,1.4476181362e-03,1.4476181362e-03,1.4476181362e-03,1.4476181362e-03,1.4476181362e-03,1.4476181362e-03,1.4476181362e-03,1.4476181362e-03,1.4476181362e-03,1.4476181362e-03,1.4476181362e-03,1.4476181362e-03,1.4476181362e-03,1.4476181362e-03,1.4476181362e-03,1.4476181362e-03,1.4476181362e-03,1.4476181362e-03,1.4476181362e-03,1.4476181362e-03,1.4476181362e-03,1.4476181362e-03,1.4476181362e-03,1.4476181362e-03,1.4476181362e-03,1.4476181362e-03,1.4476181362e-03,1.4476181362e-03,1.4476181362e-03,1.4476181362e-03,1.4476181362e-03,1.4476181362e-03,1.4476181362e-03,1.4476181362e-03,1.4476181362e-03,1.4476181362e-03,1.4476181362e-03,1.4476181362e-03,1.4476181362e-03,1.4476181362e-03,1.4476181362e-03,5.0002648799e-02,5.0002648799e-02,5.0002648799e-02,5.0002648799e-02,5.0002648799e-02,5.0002648797e-02,5.0002648799e-02,5.0002648799e-02,5.0002648799e-02,5.0002648799e-02,5.0002648798e-02,5.0002648800e-02,5.0002648797e-02,5.0002648798e-02,5.0002648800e-02,5.0002648797e-02,5.0002648799e-02,5.0002648801e-02,5.0002648798e-02,5.0002648799e-02,5.0002648798e-02,5.0002648799e-02,5.0002648798e-02,5.0002648798e-02,5.0002648799e-02,5.0002648799e-02,5.0002648799e-02,5.0002648798e-02,5.0002648799e-02,5.0002648799e-02,5.0002648799e-02,5.0002648799e-02,5.0002648799e-02,5.0002648799e-02,5.0002648799e-02,5.0002648799e-02,5.0002648799e-02,5.0002648799e-02,5.0002648799e-02,5.0002648799e-02,5.0002648799e-02,5.0002648799e-02,5.0002648799e-02,5.0002648799e-02,5.0002648799e-02,5.0002648799e-02,5.0002648799e-02,5.0002648799e-02,5.0002648799e-02,5.0002648799e-02,5.0002648799e-02,5.0002648799e-02,5.0002648799e-02,5.0002648799e-02,5.0002648799e-02,5.0002648799e-02,5.0002648799e-02,5.0002648799e-02,5.0002648799e-02,5.0002648799e-02,5.0002648799e-02,5.0002648799e-02,5.0002648799e-02,5.0002648799e-02,5.0002648799e-02,5.0002648799e-02,5.0002648799e-02,5.0002648799e-02,5.0002648799e-02,5.0002648799e-02,5.0002648799e-02,5.0002648799e-02,5.0002648799e-02,5.0002648799e-02,5.0002648799e-02,5.0002648799e-02,5.0002648799e-02,5.0002648799e-02,5.0002648799e-02,5.0002648799e-02,5.0002648798e-02,5.0002648799e-02,5.0002648799e-02,5.0002648799e-02,5.0002648798e-02,5.0002648799e-02,5.0002648798e-02,5.0002648799e-02,5.0002648799e-02,5.0002648799e-02,5.0002648799e-02,5.0002648798e-02,5.0002648799e-02,5.0002648799e-02,5.0002648798e-02,5.0002648799e-02,5.0002648798e-02,5.0002648799e-02,5.0002648798e-02,5.0002648799e-02,5.0002648798e-02,5.0002648799e-02
2.2576812435e+05,8.6000010334e-08,8.5862485364e-08,8.5725242679e-08,8.5588282769e-08,8.5451604852e-08,8.5315207969e-08,8.5179092017e-08,8.5043256031e-08,8.4907699795e-08,8.4772422599e-08,8.4637423773e-08,8.4502702899e-08,8.4368258947e-08,8.4234091351e-08,8.4100200499e-08,8.3966585217e-08,8.3833244289e-08,8.3700177854e-08,8.3567385172e-08,8.3434865756e-08,8.3302619026e-08,8.3170646827e-08,8.2974919130e-08,8.2684997698e-08,8.2256347578e-08,8.1624332289e-08,8.0696284311e-08,7.9341835687e-08,7.7382943768e-08,7.4587905693e-08,7.0679291259e-08,6.5374943795e-08,5.8491309622e-08,5.0134905694e-08,4.0952475959e-08,3.2254541014e-08,2.5641190426e-08,2.1986150791e-08,2.0688137553e-08,2.0426844105e-08,2.0399854661e-08,2.0398532971e-08,2.0398529945e-08,2.0398557325e-08,2.0398579478e-08,2.0398592672e-08,2.0398597886e-08,2.0398599095e-08,2.0398599244e-08,2.0398599253e-08,2.0398599253e-08,2.0398599161e-08,2.0398588409e-08,2.0398111192e-08,2.0388957897e-08,2.0307106911e-08,1.9933356616e-08,1.8945617195e-08,1.7199370882e-08,1.4861343083e-08,1.3076337845e-08,4.5284599535e-08,7.1347777581e-07,6.9227853912e-06,3.6504937276e-05,1.1707682335e-04,2.6012199263e-04,4.4738741130e-04,6.4613264027e-04,8.2882021541e-04,9.8096542831e-04,1.0993600679e-03,1.1872952834e-03,1.2505562318e-03,1.2950867186e-03,1.3259723043e-03,1.3471803431e-03,1.3616447268e-03,1.3714646967e-03,1.3781109860e-03,1.3825999456e-03,1.3856275941e-03,1.3886622624e-03,1.3917038986e-03,1.3947525077e-03,1.3978080913e-03,1.4008706476e-03,1.4039401701e-03,1.4070166472e-03,1.4101000607e-03,1.4131903849e-03,1.4162875843e-03,1.4193916127e-03,1.4225024100e-03,1.4256199002e-03,1.4287439882e-03,1.4318745558e-03,1.4350114568e-03,1.4381545123e-03,1.4413035019e-03,1.4444581551e-03,1.4476181362e-03,1.4476181362e-03,1.4476181362e-03,1.4476181362e-03,1.4476181362e-03,1.4476181362e-03,1.4476181362e-03,1.4476181362e-03,1.4476181362e-03,1.4476181363e-03,1.4476181362e-03,1.4476181362e-03,1.4476181362e-03,1.4476181362e-03,1.4476181363e-03,1.4476181362e-03,1.4476181362e-03,1.4476181362e-03,1.4476181362e-03,1.4476181362e-03,1.4476181362e-03,1.4476181362e-03,1.4476181362e-03,1.4476181362e-03,1.4476181362e-03,1.4476181362e-03,1.4476181362e-03,1.4476181362e-03,1.4476181362e-03,1.4476181362e-03,1.4476181362e-03,1.4476181362e-03,1.4476181362e-03,1.4476181362e-03,1.4476181362e-03,1.4476181362e-03,1.4476181362e-03,1.4476181362e-03,1.4476181362e-03,1.4476181362e-03,1.4476181362e-03,1.4476181362e-03,1.4476181362e-03,1.4476181362e-03,1.4476181362e-03,1.4476181362e-03,1.4476181362e-03,1.4476181362e-03,1.4476181362e-03,1.4476181362e-03,1.4476181362e-03,1.4476181362e-03,1.4476181362e-03,1.4476181362e-03,1.4476181362e-03,1.4476181362e-03,1.4476181362e-03,1.4476181362e-03,1.4476181362e-03,1.4476181362e-03,1.4476181362e-03,1.4476181362e-03,1.4476181362e-03,1.4476181362e-03,1.4476181362e-03,1.4476181362e-03,1.4476181362e-03,1.4476181362e-03,1.4476181362e-03,1.4476181362e-03,1.4476181362e-03,1.4476181362e-03,1.4476181362e-03,1.4476181362e-03,1.4476181362e-03,1.4476181362e-03,1.4476181362e-03,1.4476181362e-03,1.4476181362e-03,1.4476181362e-03,1.4476181362e-03,1.4476181362e-03,1.4476181362e-03,1.4476181362e-03,1.4476181362e-03,1.4476181362e-03,1.4476181362e-03,1.4476181362e-03,1.4476181362e-03,1.4476181362e-03,1.4476181362e-03,1.4476181362e-03,1.4476181362e-03,1.4476181362e-03,1.4476181362e-03,1.4476181362e-03,1.4476181362e-03,1.4476181362e-03,1.4476181362e-03,1.4476181362e-03,1.4476181362e-03,1.4476181362e-03,1.4476181362e-03,1.4476181362e-03,1.4476181362e-03,1.4476181362e-03,1.4476181362e-03,1.4476181362e-03,1.4476181362e-03,1.4476181362e-03,1.4476181362e-03,1.4476181362e-03,1.4476181362e-03,1.4476181362e-03,1.4476181362e-03,1.4476181362e-03,1.4476181362e-03,1.4476181362e-03,1.4476181362e-03,1.4476181362e-03,1.4476181362e-03,1.4476181362e-03,1.4476181362e-03,1.4476181362e-03,1.4476181362e-03,1.4476181362e-03,1.4476181362e-03,1.4476181362e-03,1.4476181362e-03,1.4476181362e-03,1.4476181362e-03,1.4476181362e-03,1.4476181362e-03,1.4476181362e-03,1.4476181362e-03,1.4476181362e-03,1.4476181362e-03,1.4476181362e-03,1.4476181362e-03,1.4476181362e-03,1.4476181362e-03,1.4476181362e-03,1.4476181362e-03,1.4476181362e-03,1.4476181362e-03,1.4476181362e-03,1.4476181362e-03,1.4476181362e-03,1.4476181362e-03,1.4476181362e-03,1.4476181362e-03,1.4476181362e-03,1.4476181362e-03,1.4476181362e-03,1.4476181362e-03,1.4476181362e-03,1.4476181362e-03,1.4476181362e-03,1.4476181362e-03,1.4476181362e-03,1.4476181362e-03,1.4476181362e-03,1.4476181362e-03,1.4476181362e-03,1.4476181362e-03,1.4476181362e-03,1.4476181362e-03,1.4476181362e-03,1.4476181362e-03,1.4476181362e-03,1.4476181362e-03,1.4476181362e-03,1.4476181362e-03,1.4476181362e-03,1.4476181362e-03,1.4476181362e-03,1.4476181362e-03,1.4476181362e-03,1.4476181362e-03,1.4476181362e-03,1.4476181362e-03,1.4476181362e-03,1.4476181362e-03,1.4476181362e-03,1.4476181362e-03,1.4476181362e-03,1.4476181362e-03,1.4476181362e-03,1.4476181362e-03,1.4476181362e-03,1.4476181362e-03,1.4476181362e-03,1.4476181362e-03,1.4476181362e-03,1.4476181362e-03,1.4476181362e-03,1.4476181362e-03,1.4476181362e-03,1.4476181362e-03,1.4476181363e-03,1.4476181362e-03,5.0002648799e-02,5.0002648799e-02,5.0002648799e-02,5.0002648798e-02,5.0002648800e-02,5.0002648796e-02,5.0002648800e-02,5.0002648798e-02,5.0002648798e-02,5.0002648798e-02,5.0002648799e-02,5.0002648800e-02,5.0002648798e-02,5.0002648801e-02,5.0002648798e-02,5.0002648797e-02,5.0002648800e-02,5.0002648798e-02,5.0002648799e-02,5.0002648798e-02,5.0002648799e-02,5.0002648799e-02,5.0002648798e-02,5.0002648799e-02,5.0002648799e-02,5.0002648798e-02,5.0002648799e-02,5.0002648799e-02,5.0002648799e-02,5.0002648799e-02,5.0002648799e-02,5.0002648799e-02,5.0002648799e-02,5.0002648799e-02,5.0002648799e-02,5.0002648799e-02,5.0002648799e-02,5.0002648799e-02,5.0002648799e-02,5.0002648799e-02,5.0002648799e-02,5.0002648799e-02,5.0002648799e-02,5.0002648799e-02,5.0002648799e-02,5.0002648799e-02,5.0002648799e-02,5.0002648799e-02,5.0002648799e-02,5.0002648799e-02,5.0002648799e-02,5.0002648799e-02,5.0002648799e-02,5.0002648799e-02,5.0002648799e-02,5.0002648799e-02,5.0002648799e-02,5.0002648799e-02,5.0002648799e-02,5.0002648799e-02,5.0002648799e-02,5.0002648799e-02,5.0002648799e-02,5.0002648799e-02,5.0002648799e-02,5.0002648799e-02,5.0002648799e-02,5.0002648799e-02,5.0002648799e-02,5.0002648799e-02,5.0002648799e-02,5.0002648799e-02,5.0002648799e-02,5.0002648799e-02,5.0002648799e-02,5.0002648799e-02,5.0002648799e-02,5.0002648799e-02,5.0002648799e-02,5.0002648799e-02,5.0002648799e-02,5.0002648799e-02,5.0002648798e-02,5.0002648799e-02,5.0002648799e-02,5.0002648798e-02,5.0002648799e-02,5.0002648799e-02,5.0002648798e-02,5.0002648799e-02,5.0002648798e-02,5.0002648798e-02,5.0002648799e-02,5.0002648799e-02,5.0002648798e-02,5.0002648799e-02,5.0002648799e-02,5.0002648799e-02,5.0002648798e-02,5.0002648799e-02,5.0002648799e-02,5.0002648799e-02
2.4376812435e+05,8.6000010737e-08,8.5862485359e-08,8.5725242816e-08,8.5588282734e-08,8.5451604422e-08,8.5315208040e-08,8.5179092225e-08,8.5043256129e-08,8.4907699687e-08,8.4772422729e-08,8.4637423813e-08,8.4502702486e-08,8.4368259048e-08,8.4234091458e-08,8.4100200484e-08,8.3966585033e-08,8.3833244250e-08,8.3700177891e-08,8.3567385394e-08,8.3434865647e-08,8.3302618965e-08,8.3170646797e-08,8.2974919231e-08,8.2684997686e-08,8.2256347586e-08,8.1624332267e-08,8.0696284312e-08,7.9341835680e-08,7.7382943792e-08,7.4587905680e-08,7.0679291263e-08,6.5374943796e-08,5.8491309619e-08,5.0134905696e-08,4.0952475959e-08,3.2254541019e-08,2.5641190429e-08,2.1986150782e-08,2.0688137557e-08,2.0426844104e-08,2.0399854660e-08,2.0398532971e-08,2.0398529945e-08,2.0398557325e-08,2.0398579478e-08,2.0398592672e-08,2.0398597886e-08,2.0398599095e-08,2.0398599244e-08,2.0398599253e-08,2.0398599253e-08,2.0398599161e-08,2.0398588409e-08,2.0398111193e-08,2.0388957897e-08,2.0307106911e-08,1.9933356617e-08,1.8945617195e-08,1.7199370883e-08,1.4861343077e-08,1.3076337853e-08,4.5284599535e-08,7.1347777581e-07,6.9227853912e-06,3.6504937276e-05,1.1707682335e-04,2.6012199262e-04,4.4738741130e-04,6.4613264027e-04,8.2882021541e-04,9.8096542831e-04,1.0993600679e-03,1.1872952834e-03,1.2505562318e-03,1.2950867186e-03,1.3259723043e-03,1.3471803431e-03,1.3616447268e-03,1.3714646967e-03,1.3781109860e-03,1.3825999456e-03,1.3856275941e-03,1.3886622624e-03,1.3917038986e-03,1.3947525077e-03,1.3978080913e-03,1.4008706476e-03,1.4039401701e-03,1.4070166472e-03,1.4101000607e-03,1.4131903849e-03,1.4162875843e-03,1.4193916127e-03,1.4225024100e-03,1.4256199002e-03,1.4287439882e-03,1.4318745557e-03,1.4350114568e-03,1.4381545123e-03,1.4413035019e-03,1.4444581551e-03,1.4476181362e-03,1.4476181362e-03,1.4476181362e-03,1.4476181362e-03,1.4476181362e-03,1.4476181362e-03,1.4476181362e-03,1.4476181362e-03,1.4476181362e-03,1.4476181362e-03,1.4476181362e-03,1.4476181362e-03,1.4476181362e-03,1.4476181362e-03,1.4476181362e-03,1.4476181362e-03,1.4476181362e-03,1.4476181362e-03,1.4476181362e-03,1.4476181362e-03,1.4476181362e-03,1.4476181362e-03,1.4476181362e-03,1.4476181362e-03,1.4476181362e-03,1.4476181362e-03,1.4476181362e-03,1.4476181362e-03,1.4476181362e-03,1.4476181362e-03,1.4476181362e-03,1.4476181362e-03,1.4476181362e-03,1.4476181362e-03,1.4476181362e-03,1.4476181362e-03,1.4476181362e-03,1.4476181362e-03,1.4476181362e-03,1.4476181362e-03,1.4476181362e-03,1.4476181362e-03,1.4476181362e-03,1.4476181362e-03,1.4476181362e-03,1.4476181362e-03,1.4476181362e-03,1.4476181362e-03,1.4476181362e-03,1.4476181362e-03,1.4476181362e-03,1.4476181362e-03,1.4476181362e-03,1.4476181362e-03,1.4476181362e-03,1.4476181362e-03,1.4476181362e-03,1.4476181362e-03,1.4476181362e-03,1.4476181362e-03,1.4476181362e-03,1.4476181362e-03,1.4476181362e-03,1.4476181362e-03,1.4476181362e-03,1.4476181362e-03,1.4476181362e-03,1.4476181362e-03,1.4476181362e-03,1.4476181362e-03,1.4476181362e-03,1.4476181362e-03,1.4476181362e-03,1.4476181362e-03,1.4476181362e-03,1.4476181362e-03,1.4476181362e-03,1.4476181362e-03,1.4476181362e-03,1.4476181362e-03,1.4476181362e-03,1.4476181362e-03,1.4476181362e-03,1.4476181362e-03,1.4476181362e-03,1.4476181362e-03,1.4476181362e-03,1.4476181362e-03,1.4476181362e-03,1.4476181362e-03,1.4476181362e-03,1.4476181362e-03,1.4476181362e-03,1.4476181362e-03,1.4476181362e-03,1.4476181362e-03,1.4476181362e-03,1.4476181362e-03,1.4476181362e-03,1.4476181362e-03,1.4476181362e-03,1.4476181362e-03,1.4476181362e-03,1.4476181362e-03,1.4476181362e-03,1.4476181362e-03,1.4476181362e-03,1.4476181362e-03,1.4476181362e-03,1.4476181362e-03,1.4476181362e-03,1.4476181362e-03,1.4476181362e-03,1.4476181362e-03,1.4476181362e-03,1.4476181362e-03,1.4476181362e-03,1.4476181362e-03,1.4476181362e-03,1.4476181362e-03,1.4476181362e-03,1.4476181362e-03,1.4476181362e-03,1.4476181362e-03,1.4476181362e-03,1.4476181362e-03,1.4476181362e-03,1.4476181362e-03,1.4476181362e-03,1.4476181362e-03,1.4476181362e-03,1.4476181362e-03,1.4476181362e-03,1.4476181362e-03,1.4476181362e-03,1.4476181362e-03,1.4476181362e-03,1.4476181362e-03,1.4476181362e-03,1.4476181362e-03,1.4476181362e-03,1.4476181362e-03,1.4476181362e-03,1.4476181362e-03,1.4476181362e-03,1.4476181362e-03,1.4476181362e-03,1.4476181362e-03,1.4476181362e-03,1.4476181362e-03,1.4476181362e-03,1.4476181362e-03,1.4476181362e-03,1.4476181362e-03,1.4476181362e-03,1.4476181362e-03,1.4476181362e-03,1.4476181362e-03,1.4476181362e-03,1.4476181362e-03,1.4476181362e-03,1.4476181362e-03,1.4476181362e-03,1.4476181362e-03,1.4476181362e-03,1.4476181362e-03,1.4476181362e-03,1.4476181362e-03,1.4476181362e-03,1.4476181362e-03,1.4476181362e-03,1.4476181362e-03,1.4476181362e-03,1.4476181362e-03,1.4476181362e-03,1.4476181362e-03,1.4476181362e-03,1.4476181362e-03,1.4476181362e-03,1.4476181362e-03,1.4476181362e-03,1.4476181362e-03,1.4476181362e-03,1.4476181362e-03,1.4476181362e-03,1.4476181362e-03,1.4476181362e-03,1.4476181362e-03,1.4476181362e-03,1.4476181362e-03,1.4476181362e-03,1.4476181362e-03,1.4476181362e-03,1.4476181362e-03,1.4476181362e-03,1.4476181362e-03,1.4476181362e-03,1.4476181362e-03,1.4476181362e-03,1.4476181362e-03,1.4476181362e-03,5.0002648799e-02,5.0002648799e-02,5.0002648799e-02,5.0002648798e-02,5.0002648799e-02,5.0002648797e-02,5.0002648800e-02,5.0002648797e-02,5.0002648800e-02,5.0002648799e-02,5.0002648797e-02,5.0002648799e-02,5.0002648800e-02,5.0002648799e-02,5.0002648796e-02,5.0002648799e-02,5.0002648799e-02,5.0002648799e-02,5.0002648797e-02,5.0002648801e-02,5.0002648798e-02,5.0002648799e-02,5.0002648799e-02,5.0002648798e-02,5.0002648799e-02,5.0002648798e-02,5.0002648799e-02,5.0002648799e-02,5.0002648799e-02,5.0002648799e-02,5.0002648799e-02,5.0002648799e-02,5.0002648799e-02,5.0002648799e-02,5.0002648799e-02,5.0002648799e-02,5.0002648799e-02,5.0002648799e-02,5.0002648799e-02,5.0002648799e-02,5.0002648799e-02,5.0002648799e-02,5.0002648799e-02,5.0002648799e-02,5.0002648799e-02,5.0002648799e-02,5.0002648799e-02,5.0002648799e-02,5.0002648799e-02,5.0002648799e-02,5.0002648799e-02,5.0002648799e-02,5.0002648799e-02,5.0002648799e-02,5.0002648799e-02,5.0002648799e-02,5.0002648799e-02,5.0002648799e-02,5.0002648799e-02,5.0002648799e-02,5.0002648799e-02,5.0002648799e-02,5.0002648799e-02,5.0002648799e-02,5.0002648799e-02,5.0002648799e-02,5.0002648799e-02,5.0002648799e-02,5.0002648799e-02,5.0002648799e-02,5.0002648799e-02,5.0002648799e-02,5.0002648799e-02,5.0002648799e-02,5.0002648799e-02,5.0002648799e-02,5.0002648799e-02,5.0002648799e-02,5.0002648799e-02,5.0002648799e-02,5.0002648799e-02,5.0002648798e-02,5.0002648799e-02,5.0002648799e-02,5.0002648798e-02,5.0002648798e-02,5.0002648799e-02,5.0002648798e-02,5.0002648799e-02,5.0002648799e-02,5.0002648798e-02,5.0002648799e-02,5.0002648798e-02,5.0002648799e-02,5.0002648799e-02,5.0002648799e-02,5.0002648798e-02,5.0002648799e-02,5.0002648799e-02,5.0002648798e-02,5.0002648799e-02,5.0002648799e-02
2.6276812435e+05,8.6000010369e-08,8.5862485284e-08,8.5725242682e-08,8.5588282901e-08,8.5451604553e-08,8.5315208081e-08,8.5179091795e-08,8.5043256120e-08,8.4907700146e-08,8.4772422372e-08,8.4637423965e-08,8.4502702537e-08,8.4368259094e-08,8.4234091489e-08,8.4100200371e-08,8.3966585056e-08,8.3833244419e-08,8.3700177885e-08,8.3567385060e-08,8.3434865911e-08,8.3302618926e-08,8.3170646975e-08,8.2974919138e-08,8.2684997632e-08,8.2256347582e-08,8.1624332307e-08,8.0696284307e-08,7.9341835717e-08,7.7382943771e-08,7.4587905709e-08,7.0679291267e-08,6.5374943798e-08,5.8491309626e-08,5.0134905698e-08,4.0952475960e-08,3.2254541015e-08,2.5641190424e-08,2.1986150790e-08,2.0688137555e-08,2.0426844102e-08,2.0399854660e-08,2.0398532973e-08,2.0398529944e-08,2.0398557324e-08,2.0398579478e-08,2.0398592672e-08,2.0398597886e-08,2.0398599095e-08,2.0398599244e-08,2.0398599253e-08,2.0398599253e-08,2.0398599161e-08,2.0398588409e-08,2.0398111193e-08,2.0388957897e-08,2.0307106911e-08,1.9933356617e-08,1.8945617195e-08,1.7199370884e-08,1.4861343080e-08,1.3076337846e-08,4.5284599536e-08,7.1347777581e-07,6.9227853913e-06,3.6504937276e-05,1.1707682335e-04,2.6012199263e-04,4.4738741130e-04,6.4613264027e-04,8.2882021542e-04,9.8096542832e-04,1.0993600679e-03,1.1872952834e-03,1.2505562318e-03,1.2950867187e-03,1.3259723043e-03,1.3471803431e-03,1.3616447268e-03,1.3714646967e-03,1.3781109860e-03,1.3825999456e-03,1.3856275941e-03,1.3886622624e-03,1.3917038986e-03,1.3947525077e-03,1.3978080913e-03,1.4008706476e-03,1.4039401701e-03,1.4070166472e-03,1.4101000608e-03,1.4131903849e-03,1.4162875843e-03,1.4193916127e-03,1.4225024100e-03,1.4256199002e-03,1.4287439883e-03,1.4318745558e-03,1.4350114568e-03,1.4381545123e-03,1.4413035020e-03,1.4444581551e-03,1.4476181362e-03,1.4476181362e-03,1.4476181362e-03,1.4476181362e-03,1.4476181362e-03,1.4476181362e-03,1.4476181362e-03,1.4476181362e-03,1.4476181362e-03,1.4476181362e-03,1.4476181362e-03,1.4476181362e-03,1.4476181362e-03,1.4476181362e-03,1.4476181362e-03,1.4476181362e-03,1.4476181362e-03,1.4476181362e-03,1.4476181363e-03,1.4476181362e-03,1.4476181362e-03,1.4476181362e-03,1.4476181362e-03,1.4476181362e-03,1.4476181362e-03,1.4476181362e-03,1.4476181362e-03,1.4476181362e-03,1.4476181362e-03,1.4476181362e-03,1.4476181362e-03,1.4476181362e-03,1.4476181362e-03,1.4476181362e-03,1.4476181362e-03,1.4476181362e-03,1.4476181362e-03,1.4476181362e-03,1.4476181362e-03,1.4476181362e-03,1.4476181362e-03,1.4476181362e-03,1.4476181362e-03,1.4476181362e-03,1.4476181362e-03,1.4476181362e-03,1.4476181362e-03,1.4476181362e-03,1.4476181362e-03,1.4476181362e-03,1.4476181362e-03,1.4476181362e-03,1.4476181362e-03,1.4476181362e-03,1.4476181362e-03,1.4476181362e-03,1.4476181362e-03,1.4476181362e-03,1.4476181362e-03,1.4476181362e-03,1.4476181362e-03,1.4476181362e-03,1.4476181362e-03,1.4476181362e-03,1.4476181362e-03,1.4476181362e-03,1.4476181362e-03,1.4476181362e-03,1.4476181362e-03,1.4476181362e-03,1.4476181362e-03,1.4476181362e-03,1.4476181362e-03,1.4476181362e-03,1.4476181362e-03,1.4476181362e-03,1.4476181362e-03,1.4476181362e-03,1.4476181362e-03,1.4476181362e-03,1.4476181362e-03,1.4476181362e-03,1.4476181362e-03,1.4476181362e-03,1.4476181362e-03,1.4476181362e-03,1.4476181362e-03,1.4476181362e-03,1.4476181362e-03,1.4476181362e-03,1.4476181362e-03,1.4476181362e-03,1.4476181362e-03,1.4476181362e-03,1.4476181362e-03,1.4476181362e-03,1.4476181362e-03,1.4476181362e-03,1.4476181362e-03,1.4476181362e-03,1.4476181362e-03,1.4476181362e-03,1.4476181362e-03,1.4476181362e-03,1.4476181362e-03,1.4476181362e-03,1.4476181362e-03,1.4476181362e-03,1.4476181362e-03,1.4476181362e-03,1.4476181362e-03,1.4476181362e-03,1.4476181362e-03,1.4476181362e-03,1.4476181362e-03,1.4476181362e-03,1.4476181362e-03,1.4476181362e-03,1.4476181362e-03,1.4476181362e-03,1.4476181362e-03,1.4476181362e-03,1.4476181362e-03,1.4476181362e-03,1.4476181362e-03,1.4476181362e-03,1.4476181362e-03,1.4476181362e-03,1.4476181362e-03,1.4476181362e-03,1.4476181362e-03,1.4476181362e-03,1.4476181362e-03,1.4476181362e-03,1.4476181362e-03,1.4476181362e-03,1.4476181362e-03,1.4476181362e-03,1.4476181362e-03,1.4476181362e-03,1.4476181362e-03,1.4476181362e-03,1.4476181362e-03,1.4476181362e-03,1.4476181362e-03,1.4476181362e-03,1.4476181362e-03,1.4476181362e-03,1.4476181362e-03,1.4476181362e-03,1.4476181362e-03,1.4476181362e-03,1.4476181362e-03,1.4476181362e-03,1.4476181362e-03,1.4476181362e-03,1.4476181362e-03,1.4476181362e-03,1.4476181362e-03,1.4476181362e-03,1.4476181362e-03,1.4476181362e-03,1.4476181362e-03,1.4476181362e-03,1.4476181362e-03,1.4476181362e-03,1.4476181362e-03,1.4476181362e-03,1.4476181362e-03,1.4476181362e-03,1.4476181362e-03,1.4476181362e-03,1.4476181362e-03,1.4476181362e-03,1.4476181362e-03,1.4476181362e-03,1.4476181362e-03,1.4476181362e-03,1.4476181362e-03,1.4476181362e-03,1.4476181362e-03,1.4476181362e-03,1.4476181362e-03,1.4476181362e-03,1.4476181362e-03,1.4476181362e-03,1.4476181362e-03,1.4476181362e-03,1.4476181362e-03,1.4476181362e-03,1.4476181362e-03,1.4476181362e-03,1.4476181362e-03,1.4476181362e-03,1.4476181362e-03,1.4476181362e-03,1.4476181362e-03,1.4476181362e-03,1.4476181362e-03,1.4476181362e-03,1.4476181362e-03,5.0002648799e-02,5.0002648798e-02,5.0002648798e-02,5.0002648799e-02,5.0002648799e-02,5.0002648798e-02,5.0002648797e-02,5.0002648800e-02,5.0002648798e-02,5.0002648799e-02,5.0002648799e-02,5.0002648799e-02,5.0002648797e-02,5.0002648799e-02,5.0002648798e-02,5.0002648799e-02,5.0002648798e-02,5.0002648798e-02,5.0002648799e-02,5.0002648798e-02,5.0002648800e-02,5.0002648797e-02,5.0002648798e-02,5.0002648799e-02,5.0002648799e-02,5.0002648798e-02,5.0002648799e-02,5.0002648799e-02,5.0002648799e-02,5.0002648799e-02,5.0002648799e-02,5.0002648799e-02,5.0002648799e-02,5.0002648799e-02,5.0002648799e-02,5.0002648799e-02,5.0002648799e-02,5.0002648799e-02,5.0002648799e-02,5.0002648799e-02,5.0002648799e-02,5.0002648799e-02,5.0002648799e-02,5.0002648799e-02,5.0002648799e-02,5.0002648799e-02,5.0002648799e-02,5.0002648799e-02,5.0002648799e-02,5.0002648799e-02,5.0002648799e-02,5.0002648799e-02,5.0002648799e-02,5.0002648799e-02,5.0002648799e-02,5.0002648799e-02,5.0002648799e-02,5.0002648799e-02,5.0002648799e-02,5.0002648799e-02,5.0002648799e-02,5.0002648799e-02,5.0002648799e-02,5.0002648799e-02,5.0002648799e-02,5.0002648799e-02,5.0002648799e-02,5.0002648799e-02,5.0002648799e-02,5.0002648799e-02,5.0002648799e-02,5.0002648799e-02,5.0002648799e-02,5.0002648799e-02,5.0002648799e-02,5.0002648799e-02,5.0002648799e-02,5.0002648798e-02,5.0002648799e-02,5.0002648798e-02,5.0002648799e-02,5.0002648798e-02,5.0002648799e-02,5.0002648799e-02,5.0002648799e-02,5.0002648799e-02,5.0002648798e-02,5.0002648799e-02,5.0002648798e-02,5.0002648799e-02,5.0002648798e-02,5.0002648799e-02,5.0002648798e-02,5.0002648799e-02,5.0002648799e-02,5.0002648798e-02,5.0002648799e-02,5.0002648799e-02,5.0002648798e-02,5.0002648799e-02,5.0002648799e-02,5.0002648799e-02
2.8176812435e+05,8.6000011847e-08,8.5862485235e-08,8.5725242636e-08,8.5588282737e-08,8.5451604818e-08,8.5315207952e-08,8.5179091889e-08,8.5043256429e-08,8.4907699771e-08,8.4772422729e-08,8.4637423674e-08,8.4502702403e-08,8.4368259204e-08,8.4234091456e-08,8.4100200613e-08,8.3966584690e-08,8.3833244485e-08,8.3700177957e-08,8.3567384906e-08,8.3434865847e-08,8.3302619163e-08,8.3170646743e-08,8.2974919219e-08,8.2684997671e-08,8.2256347524e-08,8.1624332281e-08,8.0696284284e-08,7.9341835688e-08,7.7382943785e-08,7.4587905680e-08,7.0679291258e-08,6.5374943785e-08,5.8491309616e-08,5.0134905693e-08,4.0952475956e-08,3.2254541013e-08,2.5641190423e-08,2.1986150785e-08,2.0688137555e-08,2.0426844103e-08,2.0399854661e-08,2.0398532974e-08,2.0398529945e-08,2.0398557324e-08,2.0398579478e-08,2.0398592672e-08,2.0398597886e-08,2.0398599095e-08,2.0398599244e-08,2.0398599253e-08,2.0398599253e-08,2.0398599161e-08,2.0398588409e-08,2.0398111193e-08,2.0388957897e-08,2.0307106912e-08,1.9933356616e-08,1.8945617196e-08,1.7199370883e-08,1.4861343079e-08,1.3076337851e-08,4.5284599533e-08,7.1347777581e-07,6.9227853913e-06,3.6504937276e-05,1.1707682335e-04,2.6012199263e-04,4.4738741130e-04,6.4613264027e-04,8.2882021541e-04,9.8096542832e-04,1.0993600679e-03,1.1872952834e-03,1.2505562318e-03,1.2950867187e-03,1.3259723043e-03,1.3471803431e-03,1.3616447268e-03,1.3714646967e-03,1.3781109860e-03,1.3825999456e-03,1.3856275941e-03,1.3886622624e-03,1.3917038986e-03,1.3947525077e-03,1.3978080913e-03,1.4008706476e-03,1.4039401701e-03,1.4070166472e-03,1.4101000608e-03,1.4131903849e-03,1.4162875843e-03,1.4193916127e-03,1.4225024100e-03,1.4256199002e-03,1.4287439883e-03,1.4318745558e-03,1.4350114568e-03,1.4381545123e-03,1.4413035020e-03,1.4444581551e-03,1.4476181362e-03,1.4476181362e-03,1.4476181362e-03,1.4476181362e-03,1.4476181362e-03,1.4476181362e-03,1.4476181362e-03,1.4476181362e-03,1.4476181362e-03,1.4476181362e-03,1.4476181362e-03,1.4476181362e-03,1.4476181362e-03,1.4476181362e-03,1.4476181362e-03,1.4476181362e-03,1.4476181363e-03,1.4476181362e-03,1.4476181362e-03,1.4476181362e-03,1.4476181362e-03,1.4476181362e-03,1.4476181362e-03,1.4476181362e-03,1.4476181362e-03,1.4476181362e-03,1.4476181362e-03,1.4476181362e-03,1.4476181362e-03,1.4476181362e-03,1.4476181362e-03,1.4476181362e-03,1.4476181362e-03,1.4476181362e-03,1.4476181362e-03,1.4476181362e-03,1.4476181362e-03,1.4476181362e-03,1.4476181362e-03,1.4476181362e-03,1.4476181362e-03,1.4476181362e-03,1.4476181362e-03,1.4476181362e-03,1.4476181362e-03,1.4476181362e-03,1.4476181362e-03,1.4476181362e-03,1.4476181362e-03,1.4476181362e-03,1.4476181362e-03,1.4476181362e-03,1.4476181362e-03,1.4476181362e-03,1.4476181362e-03,1.4476181362e-03,1.4476181362e-03,1.4476181362e-03,1.4476181362e-03,1.4476181362e-03,1.4476181362e-03,1.4476181362e-03,1.4476181362e-03,1.4476181362e-03,1.4476181362e-03,1.4476181362e-03,1.4476181362e-03,1.4476181362e-03,1.4476181362e-03,1.4476181362e-03,1.4476181362e-03,1.4476181362e-03,1.4476181362e-03,1.4476181362e-03,1.4476181362e-03,1.4476181362e-03,1.4476181362e-03,1.4476181362e-03,1.4476181362e-03,1.4476181362e-03,1.4476181362e-03,1.4476181362e-03,1.4476181362e-03,1.4476181362e-03,1.4476181362e-03,1.4476181362e-03,1.4476181362e-03,1.4476181362e-03,1.4476181362e-03,1.4476181362e-03,1.4476181362e-03,1.4476181362e-03,1.4476181362e-03,1.4476181362e-03,1.4476181362e-03,1.4476181362e-03,1.4476181362e-03,1.4476181362e-03,1.4476181362e-03,1.4476181362e-03,1.4476181362e-03,1.4476181362e-03,1.4476181362e-03,1.4476181362e-03,1.4476181362e-03,1.4476181362e-03,1.4476181362e-03,1.4476181362e-03,1.4476181362e-03,1.4476181362e-03,1.4476181362e-03,1.4476181362e-03,1.4476181362e-03,1.4476181362e-03,1.4476181362e-03,1.4476181362e-03,1.4476181362e-03,1.4476181362e-03,1.4476181362e-03,1.4476181362e-03,1.4476181362e-03,1.4476181362e-03,1.4476181362e-03,1.4476181362e-03,1.4476181362e-03,1.4476181362e-03,1.4476181362e-03,1.4476181362e-03,1.4476181362e-03,1.4476181362e-03,1.4476181362e-03,1.4476181362e-03,1.4476181362e-03,1.4476181362e-03,1.4476181362e-03,1.4476181362e-03,1.4476181362e-03,1.4476181362e-03,1.4476181362e-03,1.4476181362e-03,1.4476181362e-03,1.4476181362e-03,1.4476181362e-03,1.4476181362e-03,1.4476181362e-03,1.4476181362e-03,1.4476181362e-03,1.4476181362e-03,1.4476181362e-03,1.4476181362e-03,1.4476181362e-03,1.4476181362e-03,1.4476181362e-03,1.4476181362e-03,1.4476181362e-03,1.4476181362e-03,1.4476181362e-03,1.4476181362e-03,1.4476181362e-03,1.4476181362e-03,1.4476181362e-03,1.4476181362e-03,1.4476181362e-03,1.4476181362e-03,1.4476181362e-03,1.4476181362e-03,1.4476181362e-03,1.4476181362e-03,1.4476181362e-03,1.4476181362e-03,1.4476181362e-03,1.4476181362e-03,1.4476181362e-03,1.4476181362e-03,1.4476181362e-03,1.4476181362e-03,1.4476181362e-03,1.4476181362e-03,1.4476181362e-03,1.4476181362e-03,1.4476181362e-03,1.4476181362e-03,1.4476181362e-03,1.4476181362e-03,1.4476181362e-03,1.4476181362e-03,1.4476181362e-03,1.4476181362e-03,1.4476181362e-03,1.4476181362e-03,1.4476181362e-03,1.4476181362e-03,1.4476181362e-03,1.4476181362e-03,1.4476181362e-03,1.4476181362e-03,1.4476181362e-03,1.4476181362e-03,1.4476181362e-03,1.4476181362e-03,1.4476181362e-03,5.0002648799e-02,5.0002648799e-02,5.0002648799e-02,5.0002648797e-02,5.0002648800e-02,5.0002648798e-02,5.0002648799e-02,5.0002648798e-02,5.0002648798e-02,5.0002648801e-02,5.0002648796e-02,5.0002648799e-02,5.0002648799e-02,5.0002648799e-02,5.0002648799e-02,5.0002648798e-02,5.0002648797e-02,5.0002648800e-02,5.0002648799e-02,5.0002648796e-02,5.0002648800e-02,5.0002648799e-02,5.0002648798e-02,5.0002648798e-02,5.0002648799e-02,5.0002648798e-02,5.0002648799e-02,5.0002648798e-02,5.0002648799e-02,5.0002648799e-02,5.0002648799e-02,5.0002648799e-02,5.0002648799e-02,5.0002648799e-02,5.0002648799e-02,5.0002648799e-02,5.0002648799e-02,5.0002648799e-02,5.0002648799e-02,5.0002648799e-02,5.0002648799e-02,5.0002648799e-02,5.0002648799e-02,5.0002648799e-02,5.0002648799e-02,5.0002648799e-02,5.0002648799e-02,5.0002648799e-02,5.0002648799e-02,5.0002648799e-02,5.0002648799e-02,5.0002648799e-02,5.0002648799e-02,5.0002648799e-02,5.0002648799e-02,5.0002648799e-02,5.0002648799e-02,5.0002648799e-02,5.0002648799e-02,5.0002648799e-02,5.0002648799e-02,5.0002648799e-02,5.0002648799e-02,5.0002648799e-02,5.0002648799e-02,5.0002648799e-02,5.0002648799e-02,5.0002648799e-02,5.0002648799e-02,5.0002648799e-02,5.0002648799e-02,5.0002648799e-02,5.0002648799e-02,5.0002648799e-02,5.0002648799e-02,5.0002648799e-02,5.0002648799e-02,5.0002648799e-02,5.0002648798e-02,5.0002648799e-02,5.0002648799e-02,5.0002648799e-02,5.0002648798e-02,5.0002648798e-02,5.0002648799e-02,5.0002648799e-02,5.0002648799e-02,5.0002648798e-02,5.0002648799e-02,5.0002648799e-02,5.0002648798e-02,5.0002648799e-02,5.0002648798e-02,5.0002648799e-02,5.0002648798e-02,5.0002648799e-02,5.0002648799e-02,5.0002648798e-02,5.0002648799e-02,5.0002648798e-02,5.0002648798e-02,5.0002648799e-02
2.9976812435e+05,8.6000008564e-08,8.5862485411e-08,8.5725242430e-08,8.5588282777e-08,8.5451604824e-08,8.5315208160e-08,8.5179091834e-08,8.5043256147e-08,8.4907699758e-08,8.4772422716e-08,8.4637423825e-08,8.4502702716e-08,8.4368258576e-08,8.4234091882e-08,8.4100200606e-08,8.3966584837e-08,8.3833244415e-08,8.3700177661e-08,8.3567385197e-08,8.3434865815e-08,8.3302619072e-08,8.3170646768e-08,8.2974919266e-08,8.2684997627e-08,8.2256347565e-08,8.1624332279e-08,8.0696284322e-08,7.9341835696e-08,7.7382943780e-08,7.4587905684e-08,7.0679291258e-08,6.5374943794e-08,5.8491309621e-08,5.0134905692e-08,4.0952475958e-08,3.2254541012e-08,2.5641190417e-08,2.1986150788e-08,2.0688137558e-08,2.0426844110e-08,2.0399854657e-08,2.0398532972e-08,2.0398529947e-08,2.0398557323e-08,2.0398579478e-08,2.0398592672e-08,2.0398597886e-08,2.0398599095e-08,2.0398599244e-08,2.0398599253e-08,2.0398599253e-08,2.0398599161e-08,2.0398588409e-08,2.0398111192e-08,2.0388957897e-08,2.0307106911e-08,1.9933356617e-08,1.8945617196e-08,1.7199370883e-08,1.4861343077e-08,1.3076337856e-08,4.5284599535e-08,7.1347777581e-07,6.9227853914e-06,3.6504937276e-05,1.1707682335e-04,2.6012199263e-04,4.4738741130e-04,6.4613264027e-04,8.2882021541e-04,9.8096542832e-04,1.0993600679e-03,1.1872952834e-03,1.2505562318e-03,1.2950867186e-03,1.3259723043e-03,1.3471803431e-03,1.3616447268e-03,1.3714646967e-03,1.3781109860e-03,1.3825999456e-03,1.3856275941e-03,1.3886622624e-03,1.3917038986e-03,1.3947525077e-03,1.3978080913e-03,1.4008706476e-03,1.4039401701e-03,1.4070166472e-03,1.4101000607e-03,1.4131903849e-03,1.4162875843e-03,1.4193916127e-03,1.4225024100e-03,1.4256199002e-03,1.4287439882e-03,1.4318745558e-03,1.4350114568e-03,1.4381545123e-03,1.4413035019e-03,1.4444581551e-03,1.4476181362e-03,1.4476181362e-03,1.4476181362e-03,1.4476181362e-03,1.4476181362e-03,1.4476181362e-03,1.4476181362e-03,1.4476181362e-03,1.4476181363e-03,1.4476181362e-03,1.4476181362e-03,1.4476181362e-03,1.4476181363e-03,1.4476181362e-03,1.4476181362e-03,1.4476181362e-03,1.4476181362e-03,1.4476181362e-03,1.4476181362e-03,1.4476181362e-03,1.4476181362e-03,1.4476181362e-03,1.4476181362e-03,1.4476181362e-03,1.4476181362e-03,1.4476181362e-03,1.4476181362e-03,1.4476181362e-03,1.4476181362e-03,1.4476181362e-03,1.4476181362e-03,1.4476181362e-03,1.4476181362e-03,1.4476181362e-03,1.4476181362e-03,1.4476181362e-03,1.4476181362e-03,1.4476181362e-03,1.4476181362e-03,1.4476181362e-03,1.4476181362e-03,1.4476181362e-03,1.4476181362e-03,1.4476181362e-03,1.4476181362e-03,1.4476181362e-03,1.4476181362e-03,1.4476181362e-03,1.4476181362e-03,1.4476181362e-03,1.4476181362e-03,1.4476181362e-03,1.4476181362e-03,1.4476181362e-03,1.4476181362e-03,1.4476181362e-03,1.4476181362e-03,1.4476181362e-03,1.4476181362e-03,1.4476181362e-03,1.4476181362e-03,1.4476181362e-03,1.4476181362e-03,1.4476181362e-03,1.4476181362e-03,1.4476181362e-03,1.4476181362e-03,1.4476181362e-03,1.4476181362e-03,1.4476181362e-03,1.4476181362e-03,1.4476181362e-03,1.4476181362e-03,1.4476181362e-03,1.4476181362e-03,1.4476181362e-03,1.4476181362e-03,1.4476181362e-03,1.4476181362e-03,1.4476181362e-03,1.4476181362e-03,1.4476181362e-03,1.4476181362e-03,1.4476181362e-03,1.4476181362e-03,1.4476181362e-03,1.4476181362e-03,1.4476181362e-03,1.4476181362e-03,1.4476181362e-03,1.4476181362e-03,1.4476181362e-03,1.4476181362e-03,1.4476181362e-03,1.4476181362e-03,1.4476181362e-03,1.4476181362e-03,1.4476181362e-03,1.4476181362e-03,1.4476181362e-03,1.4476181362e-03,1.4476181362e-03,1.4476181362e-03,1.4476181362e-03,1.4476181362e-03,1.4476181362e-03,1.4476181362e-03,1.4476181362e-03,1.4476181362e-03,1.4476181362e-03,1.4476181362e-03,1.4476181362e-03,1.4476181362e-03,1.4476181362e-03,1.4476181362e-03,1.4476181362e-03,1.4476181362e-03,1.4476181362e-03,1.4476181362e-03,1.4476181362e-03,1.4476181362e-03,1.4476181362e-03,1.4476181362e-03,1.4476181362e-03,1.4476181362e-03,1.4476181362e-03,1.4476181362e-03,1.4476181362e-03,1.4476181362e-03,1.4476181362e-03,1.4476181362e-03,1.4476181362e-03,1.4476181362e-03,1.4476181362e-03,1.4476181362e-03,1.4476181362e-03,1.4476181362e-03,1.4476181362e-03,1.4476181362e-03,1.4476181362e-03,1.4476181362e-03,1.4476181362e-03,1.4476181362e-03,1.4476181362e-03,1.4476181362e-03,1.4476181362e-03,1.4476181362e-03,1.4476181362e-03,1.4476181362e-03,1.4476181362e-03,1.4476181362e-03,1.4476181362e-03,1.4476181362e-03,1.4476181362e-03,1.4476181362e-03,1.4476181362e-03,1.4476181362e-03,1.4476181362e-03,1.4476181362e-03,1.4476181362e-03,1.4476181362e-03,1.4476181362e-03,1.4476181362e-03,1.4476181362e-03,1.4476181362e-03,1.4476181362e-03,1.4476181362e-03,1.4476181362e-03,1.4476181362e-03,1.4476181362e-03,1.4476181362e-03,1.4476181362e-03,1.4476181362e-03,1.4476181362e-03,1.4476181362e-03,1.4476181362e-03,1.4476181362e-03,1.4476181362e-03,1.4476181362e-03,1.4476181362e-03,1.4476181362e-03,1.4476181362e-03,1.4476181362e-03,1.4476181362e-03,1.4476181362e-03,1.4476181362e-03,1.4476181362e-03,1.4476181362e-03,1.4476181362e-03,1.4476181362e-03,1.4476181362e-03,1.4476181362e-03,1.4476181362e-03,1.4476181362e-03,1.4476181362e-03,1.4476181362e-03,1.4476181362e-03,1.4476181362e-03,1.4476181362e-03,1.4476181362e-03,1.4476181362e-03,5.0002648799e-02,5.0002648798e-02,5.0002648799e-02,5.0002648798e-02,5.0002648798e-02,5.0002648798e-02,5.0002648799e-02,5.0002648800e-02,5.0002648797e-02,5.0002648799e-02,5.0002648799e-02,5.0002648798e-02,5.0002648800e-02,5.0002648798e-02,5.0002648797e-02,5.0002648798e-02,5.0002648799e-02,5.0002648799e-02,5.0002648799e-02,5.0002648798e-02,5.0002648797e-02,5.0002648799e-02,5.0002648799e-02,5.0002648798e-02,5.0002648799e-02,5.0002648799e-02,5.0002648799e-02,5.0002648798e-02,5.0002648799e-02,5.0002648799e-02,5.0002648799e-02,5.0002648799e-02,5.0002648799e-02,5.0002648799e-02,5.0002648799e-02,5.0002648799e-02,5.0002648799e-02,5.0002648799e-02,5.0002648799e-02,5.0002648799e-02,5.0002648799e-02,5.0002648799e-02,5.0002648799e-02,5.0002648799e-02,5.0002648799e-02,5.0002648799e-02,5.0002648799e-02,5.0002648799e-02,5.0002648799e-02,5.0002648799e-02,5.0002648799e-02,5.0002648799e-02,5.0002648799e-02,5.0002648799e-02,5.0002648799e-02,5.0002648799e-02,5.0002648799e-02,5.0002648799e-02,5.0002648799e-02,5.0002648799e-02,5.0002648799e-02,5.0002648799e-02,5.0002648799e-02,5.0002648799e-02,5.0002648799e-02,5.0002648799e-02,5.0002648799e-02,5.0002648799e-02,5.0002648799e-02,5.0002648799e-02,5.0002648799e-02,5.0002648799e-02,5.0002648799e-02,5.0002648799e-02,5.0002648799e-02,5.0002648799e-02,5.0002648799e-02,5.0002648799e-02,5.0002648799e-02,5.0002648798e-02,5.0002648799e-02,5.0002648799e-02,5.0002648799e-02,5.0002648799e-02,5.0002648799e-02,5.0002648798e-02,5.0002648798e-02,5.0002648799e-02,5.0002648799e-02,5.0002648799e-02,5.0002648798e-02,5.0002648799e-02,5.0002648799e-02,5.0002648798e-02,5.0002648799e-02,5.0002648798e-02,5.0002648798e-02,5.0002648799e-02,5.0002648799e-02,5.0002648798e-02,5.0002648798e-02,5.0002648799e-02
3.1876812435e+05,8.6000011797e-08,8.5862485358e-08,8.5725242636e-08,8.5588282666e-08,8.5451604803e-08,8.5315208137e-08,8.5179091671e-08,8.5043256230e-08,8.4907700050e-08,8.4772422504e-08,8.4637423893e-08,8.4502702542e-08,8.4368258936e-08,8.4234091483e-08,8.4100200612e-08,8.3966585022e-08,8.3833244079e-08,8.3700177870e-08,8.3567385164e-08,8.3434866067e-08,8.3302618642e-08,8.3170647011e-08,8.2974919184e-08,8.2684997586e-08,8.2256347644e-08,8.1624332265e-08,8.0696284280e-08,7.9341835679e-08,7.7382943785e-08,7.4587905681e-08,7.0679291255e-08,6.5374943788e-08,5.8491309612e-08,5.0134905689e-08,4.0952475950e-08,3.2254541012e-08,2.5641190432e-08,2.1986150790e-08,2.0688137555e-08,2.0426844107e-08,2.0399854654e-08,2.0398532976e-08,2.0398529944e-08,2.0398557324e-08,2.0398579479e-08,2.0398592673e-08,2.0398597886e-08,2.0398599095e-08,2.0398599244e-08,2.0398599253e-08,2.0398599253e-08,2.0398599161e-08,2.0398588409e-08,2.0398111193e-08,2.0388957897e-08,2.0307106911e-08,1.9933356617e-08,1.8945617196e-08,1.7199370884e-08,1.4861343082e-08,1.3076337848e-08,4.5284599533e-08,7.1347777581e-07,6.9227853913e-06,3.6504937276e-05,1.1707682335e-04,2.6012199263e-04,4.4738741130e-04,6.4613264027e-04,8.2882021541e-04,9.8096542832e-04,1.0993600679e-03,1.1872952834e-03,1.2505562318e-03,1.2950867186e-03,1.3259723043e-03,1.3471803431e-03,1.3616447268e-03,1.3714646967e-03,1.3781109860e-03,1.3825999456e-03,1.3856275941e-03,1.3886622624e-03,1.3917038986e-03,1.3947525077e-03,1.3978080913e-03,1.4008706476e-03,1.4039401701e-03,1.4070166472e-03,1.4101000607e-03,1.4131903849e-03,1.4162875843e-03,1.4193916127e-03,1.4225024100e-03,1.4256199002e-03,1.4287439882e-03,1.4318745557e-03,1.4350114568e-03,1.4381545123e-03,1.4413035019e-03,1.4444581551e-03,1.4476181362e-03,1.4476181362e-03,1.4476181362e-03,1.4476181362e-03,1.4476181362e-03,1.4476181362e-03,1.4476181363e-03,1.4476181362e-03,1.4476181362e-03,1.4476181362e-03,1.4476181362e-03,1.4476181362e-03,1.4476181362e-03,1.4476181362e-03,1.4476181362e-03,1.4476181362e-03,1.4476181362e-03,1.4476181362e-03,1.4476181362e-03,1.4476181362e-03,1.4476181362e-03,1.4476181362e-03,1.4476181362e-03,1.4476181362e-03,1.4476181362e-03,1.4476181362e-03,1.4476181362e-03,1.4476181362e-03,1.4476181362e-03,1.4476181362e-03,1.4476181362e-03,1.4476181362e-03,1.4476181362e-03,1.4476181362e-03,1.4476181362e-03,1.4476181362e-03,1.4476181362e-03,1.4476181362e-03,1.4476181362e-03,1.4476181362e-03,1.4476181362e-03,1.4476181362e-03,1.4476181362e-03,1.4476181362e-03,1.4476181362e-03,1.4476181362e-03,1.4476181362e-03,1.4476181362e-03,1.4476181362e-03,1.4476181362e-03,1.4476181362e-03,1.4476181362e-03,1.4476181362e-03,1.4476181362e-03,1.4476181362e-03,1.4476181362e-03,1.4476181362e-03,1.4476181362e-03,1.4476181362e-03,1.4476181362e-03,1.4476181362e-03,1.4476181362e-03,1.4476181362e-03,1.4476181362e-03,1.4476181362e-03,1.4476181362e-03,1.4476181362e-03,1.4476181362e-03,1.4476181362e-03,1.4476181362e-03,1.4476181362e-03,1.4476181362e-03,1.4476181362e-03,1.4476181362e-03,1.4476181362e-03,1.4476181362e-03,1.4476181362e-03,1.4476181362e-03,1.4476181362e-03,1.4476181362e-03,1.4476181362e-03,1.4476181362e-03,1.4476181362e-03,1.4476181362e-03,1.4476181362e-03,1.4476181362e-03,1.4476181362e-03,1.4476181362e-03,1.4476181362e-03,1.4476181362e-03,1.4476181362e-03,1.4476181362e-03,1.4476181362e-03,1.4476181362e-03,1.4476181362e-03,1.4476181362e-03,1.4476181362e-03,1.4476181362e-03,1.4476181362e-03,1.4476181362e-03,1.4476181362e-03,1.4476181362e-03,1.4476181362e-03,1.4476181362e-03,1.4476181362e-03,1.4476181362e-03,1.4476181362e-03,1.4476181362e-03,1.4476181362e-03,1.4476181362e-03,1.4476181362e-03,1.4476181362e-03,1.4476181362e-03,1.4476181362e-03,1.4476181362e-03,1.4476181362e-03,1.4476181362e-03,1.4476181362e-03,1.4476181362e-03,1.4476181362e-03,1.4476181362e-03,1.4476181362e-03,1.4476181362e-03,1.4476181362e-03,1.4476181362e-03,1.4476181362e-03,1.4476181362e-03,1.4476181362e-03,1.4476181362e-03,1.4476181362e-03,1.4476181362e-03,1.4476181362e-03,1.4476181362e-03,1.4476181362e-03,1.4476181362e-03,1.4476181362e-03,1.4476181362e-03,1.4476181362e-03,1.4476181362e-03,1.4476181362e-03,1.4476181362e-03,1.4476181362e-03,1.4476181362e-03,1.4476181362e-03,1.4476181362e-03,1.4476181362e-03,1.4476181362e-03,1.4476181362e-03,1.4476181362e-03,1.4476181362e-03,1.4476181362e-03,1.4476181362e-03,1.4476181362e-03,1.4476181362e-03,1.4476181362e-03,1.4476181362e-03,1.4476181362e-03,1.4476181362e-03,1.4476181362e-03,1.4476181362e-03,1.4476181362e-03,1.4476181362e-03,1.4476181362e-03,1.4476181362e-03,1.4476181362e-03,1.4476181362e-03,1.4476181362e-03,1.4476181362e-03,1.4476181362e-03,1.4476181362e-03,1.4476181362e-03,1.4476181362e-03,1.4476181362e-03,1.4476181362e-03,1.4476181362e-03,1.4476181362e-03,1.4476181362e-03,1.4476181362e-03,1.4476181362e-03,1.4476181362e-03,1.4476181362e-03,1.4476181362e-03,1.4476181362e-03,1.4476181362e-03,1.4476181362e-03,1.4476181362e-03,1.4476181362e-03,1.4476181362e-03,1.4476181362e-03,1.4476181362e-03,1.4476181362e-03,1.4476181362e-03,1.4476181362e-03,1.4476181362e-03,1.4476181362e-03,1.4476181362e-03,1.4476181362e-03,1.4476181362e-03,1.4476181362e-03,1.4476181362e-03,1.4476181362e-03,5.0002648799e-02,5.0002648798e-02,5.0002648799e-02,5.0002648799e-02,5.0002648798e-02,5.0002648798e-02,5.0002648799e-02,5.0002648800e-02,5.0002648799e-02,5.0002648798e-02,5.0002648798e-02,5.0002648800e-02,5.0002648797e-02,5.0002648799e-02,5.0002648797e-02,5.0002648799e-02,5.0002648800e-02,5.0002648798e-02,5.0002648799e-02,5.0002648799e-02,5.0002648796e-02,5.0002648799e-02,5.0002648799e-02,5.0002648798e-02,5.0002648799e-02,5.0002648799e-02,5.0002648798e-02,5.0002648799e-02,5.0002648798e-02,5.0002648799e-02,5.0002648799e-02,5.0002648799e-02,5.0002648799e-02,5.0002648799e-02,5.0002648799e-02,5.0002648799e-02,5.0002648799e-02,5.0002648799e-02,5.0002648799e-02,5.0002648799e-02,5.0002648799e-02,5.0002648799e-02,5.0002648799e-02,5.0002648799e-02,5.0002648799e-02,5.0002648799e-02,5.0002648799e-02,5.0002648799e-02,5.0002648799e-02,5.0002648799e-02,5.0002648799e-02,5.0002648799e-02,5.0002648799e-02,5.0002648799e-02,5.0002648799e-02,5.0002648799e-02,5.0002648799e-02,5.0002648799e-02,5.0002648799e-02,5.0002648799e-02,5.0002648799e-02,5.0002648799e-02,5.0002648799e-02,5.0002648799e-02,5.0002648799e-02,5.0002648799e-02,5.0002648799e-02,5.0002648799e-02,5.0002648799e-02,5.0002648799e-02,5.0002648799e-02,5.0002648799e-02,5.0002648799e-02,5.0002648799e-02,5.0002648799e-02,5.0002648799e-02,5.0002648799e-02,5.0002648799e-02,5.0002648798e-02,5.0002648799e-02,5.0002648798e-02,5.0002648799e-02,5.0002648799e-02,5.0002648798e-02,5.0002648799e-02,5.0002648798e-02,5.0002648799e-02,5.0002648799e-02,5.0002648798e-02,5.0002648799e-02,5.0002648798e-02,5.0002648799e-02,5.0002648799e-02,5.0002648798e-02,5.0002648799e-02,5.0002648799e-02,5.0002648798e-02,5.0002648799e-02,5.0002648799e-02,5.0002648798e-02,5.0002648799e-02,5.0002648799e-02
3.3776812435e+05,8.6000010667e-08,8.5862485220e-08,8.5725242715e-08,8.5588282659e-08,8.5451605097e-08,8.5315207721e-08,8.5179092124e-08,8.5043256272e-08,8.4907699774e-08,8.4772422447e-08,8.4637423966e-08,8.4502702552e-08,8.4368258892e-08,8.4234091571e-08,8.4100200612e-08,8.3966585046e-08,8.3833244189e-08,8.3700177847e-08,8.3567385237e-08,8.3434865760e-08,8.3302619189e-08,8.3170646821e-08,8.2974919088e-08,8.2684997605e-08,8.2256347653e-08,8.1624332256e-08,8.0696284312e-08,7.9341835706e-08,7.7382943774e-08,7.4587905698e-08,7.0679291260e-08,6.5374943791e-08,5.8491309620e-08,5.0134905695e-08,4.0952475954e-08,3.2254541008e-08,2.5641190425e-08,2.1986150797e-08,2.0688137552e-08,2.0426844108e-08,2.0399854657e-08,2.0398532972e-08,2.0398529945e-08,2.0398557325e-08,2.0398579478e-08,2.0398592673e-08,2.0398597886e-08,2.0398599095e-08,2.0398599244e-08,2.0398599253e-08,2.0398599253e-08,2.0398599161e-08,2.0398588409e-08,2.0398111192e-08,2.0388957897e-08,2.0307106912e-08,1.9933356616e-08,1.8945617196e-08,1.7199370882e-08,1.4861343075e-08,1.3076337857e-08,4.5284599537e-08,7.1347777582e-07,6.9227853914e-06,3.6504937277e-05,1.1707682335e-04,2.6012199263e-04,4.4738741131e-04,6.4613264027e-04,8.2882021542e-04,9.8096542832e-04,1.0993600679e-03,1.1872952834e-03,1.2505562318e-03,1.2950867186e-03,1.3259723043e-03,1.3471803431e-03,1.3616447268e-03,1.3714646967e-03,1.3781109860e-03,1.3825999456e-03,1.3856275941e-03,1.3886622624e-03,1.3917038986e-03,1.3947525077e-03,1.3978080913e-03,1.4008706476e-03,1.4039401701e-03,1.4070166472e-03,1.4101000607e-03,1.4131903849e-03,1.4162875843e-03,1.4193916127e-03,1.4225024100e-03,1.4256199002e-03,1.4287439882e-03,1.4318745558e-03,1.4350114568e-03,1.4381545123e-03,1.4413035019e-03,1.4444581551e-03,1.4476181362e-03,1.4476181362e-03,1.4476181362e-03,1.4476181362e-03,1.4476181362e-03,1.4476181362e-03,1.4476181362e-03,1.4476181362e-03,1.4476181362e-03,1.4476181362e-03,1.4476181362e-03,1.4476181362e-03,1.4476181362e-03,1.4476181363e-03,1.4476181362e-03,1.4476181362e-03,1.4476181362e-03,1.4476181362e-03,1.4476181362e-03,1.4476181362e-03,1.4476181363e-03,1.4476181362e-03,1.4476181362e-03,1.4476181362e-03,1.4476181362e-03,1.4476181362e-03,1.4476181362e-03,1.4476181362e-03,1.4476181362e-03,1.4476181362e-03,1.4476181362e-03,1.4476181362e-03,1.4476181362e-03,1.4476181362e-03,1.4476181362e-03,1.4476181362e-03,1.4476181362e-03,1.4476181362e-03,1.4476181362e-03,1.4476181362e-03,1.4476181362e-03,1.4476181362e-03,1.4476181362e-03,1.4476181362e-03,1.4476181362e-03,1.4476181362e-03,1.4476181362e-03,1.4476181362e-03,1.4476181362e-03,1.4476181362e-03,1.4476181362e-03,1.4476181362e-03,1.4476181362e-03,1.4476181362e-03,1.4476181362e-03,1.4476181362e-03,1.4476181362e-03,1.4476181362e-03,1.4476181362e-03,1.4476181362e-03,1.4476181362e-03,1.4476181362e-03,1.4476181362e-03,1.4476181362e-03,1.4476181362e-03,1.4476181362e-03,1.4476181362e-03,1.4476181362e-03,1.4476181362e-03,1.4476181362e-03,1.4476181362e-03,1.4476181362e-03,1.4476181362e-03,1.4476181362e-03,1.4476181362e-03,1.4476181362e-03,1.4476181362e-03,1.4476181362e-03,1.4476181362e-03,1.4476181362e-03,1.4476181362e-03,1.4476181362e-03,1.4476181362e-03,1.4476181362e-03,1.4476181362e-03,1.4476181362e-03,1.4476181362e-03,1.4476181362e-03,1.4476181362e-03,1.4476181362e-03,1.4476181362e-03,1.4476181362e-03,1.4476181362e-03,1.4476181362e-03,1.4476181362e-03,1.4476181362e-03,1.4476181362e-03,1.4476181362e-03,1.4476181362e-03,1.4476181362e-03,1.4476181362e-03,1.4476181362e-03,1.4476181362e-03,1.4476181362e-03,1.4476181362e-03,1.4476181362e-03,1.4476181362e-03,1.4476181362e-03,1.4476181362e-03,1.4476181362e-03,1.4476181362e-03,1.4476181362e-03,1.4476181362e-03,1.4476181362e-03,1.4476181362e-03,1.4476181362e-03,1.4476181362e-03,1.4476181362e-03,1.4476181362e-03,1.4476181362e-03,1.4476181362e-03,1.4476181362e-03,1.4476181362e-03,1.4476181362e-03,1.4476181362e-03,1.4476181362e-03,1.4476181362e-03,1.4476181362e-03,1.4476181362e-03,1.4476181362e-03,1.4476181362e-03,1.4476181362e-03,1.4476181362e-03,1.4476181362e-03,1.4476181362e-03,1.4476181362e-03,1.4476181362e-03,1.4476181362e-03,1.4476181362e-03,1.4476181362e-03,1.4476181362e-03,1.4476181362e-03,1.4476181362e-03,1.4476181362e-03,1.4476181362e-03,1.4476181362e-03,1.4476181362e-03,1.4476181362e-03,1.4476181362e-03,1.4476181362e-03,1.4476181362e-03,1.4476181362e-03,1.4476181362e-03,1.4476181362e-03,1.4476181362e-03,1.4476181362e-03,1.4476181362e-03,1.4476181362e-03,1.4476181362e-03,1.4476181362e-03,1.4476181362e-03,1.4476181362e-03,1.4476181362e-03,1.4476181362e-03,1.4476181362e-03,1.4476181362e-03,1.4476181362e-03,1.4476181362e-03,1.4476181362e-03,1.4476181362e-03,1.4476181362e-03,1.4476181362e-03,1.4476181362e-03,1.4476181362e-03,1.4476181362e-03,1.4476181362e-03,1.4476181362e-03,1.4476181362e-03,1.4476181362e-03,1.4476181362e-03,1.4476181362e-03,1.4476181362e-03,1.4476181362e-03,1.4476181362e-03,1.4476181362e-03,1.4476181362e-03,1.4476181362e-03,1.4476181362e-03,1.4476181362e-03,1.4476181362e-03,1.4476181362e-03,1.4476181362e-03,1.4476181362e-03,1.4476181362e-03,1.4476181362e-03,1.4476181362e-03,1.4476181362e-03,1.4476181362e-03,1.4476181362e-03,1.4476181363e-03,1.4476181362e-03,5.0002648799e-02,5.0002648798e-02,5.0002648800e-02,5.0002648798e-02,5.0002648797e-02,5.0002648800e-02,5.0002648799e-02,5.0002648797e-02,5.0002648800e-02,5.0002648796e-02,5.0002648800e-02,5.0002648797e-02,5.0002648800e-02,5.0002648799e-02,5.0002648797e-02,5.0002648800e-02,5.0002648797e-02,5.0002648798e-02,5.0002648798e-02,5.0002648800e-02,5.0002648798e-02,5.0002648799e-02,5.0002648798e-02,5.0002648799e-02,5.0002648799e-02,5.0002648798e-02,5.0002648799e-02,5.0002648798e-02,5.0002648799e-02,5.0002648799e-02,5.0002648799e-02,5.0002648799e-02,5.0002648799e-02,5.0002648799e-02,5.0002648799e-02,5.0002648799e-02,5.0002648799e-02,5.0002648799e-02,5.0002648799e-02,5.0002648799e-02,5.0002648799e-02,5.0002648799e-02,5.0002648799e-02,5.0002648799e-02,5.0002648799e-02,5.0002648799e-02,5.0002648799e-02,5.0002648799e-02,5.0002648799e-02,5.0002648799e-02,5.0002648799e-02,5.0002648799e-02,5.0002648799e-02,5.0002648799e-02,5.0002648799e-02,5.0002648799e-02,5.0002648799e-02,5.0002648799e-02,5.0002648799e-02,5.0002648799e-02,5.0002648799e-02,5.0002648799e-02,5.0002648799e-02,5.0002648799e-02,5.0002648799e-02,5.0002648799e-02,5.0002648799e-02,5.0002648799e-02,5.0002648799e-02,5.0002648799e-02,5.0002648799e-02,5.0002648799e-02,5.0002648799e-02,5.0002648799e-02,5.0002648799e-02,5.0002648799e-02,5.0002648799e-02,5.0002648799e-02,5.0002648799e-02,5.0002648798e-02,5.0002648799e-02,5.0002648799e-02,5.0002648799e-02,5.0002648799e-02,5.0002648799e-02,5.0002648798e-02,5.0002648799e-02,5.0002648798e-02,5.0002648799e-02,5.0002648799e-02,5.0002648799e-02,5.0002648799e-02,5.0002648798e-02,5.0002648799e-02,5.0002648799e-02,5.0002648798e-02,5.0002648799e-02,5.0002648798e-02,5.0002648799e-02,5.0002648798e-02,5.0002648799e-02,5.0002648799e-02
3.5576812435e+05,8.6000010551e-08,8.5862485364e-08,8.5725242664e-08,8.5588282831e-08,8.5451604698e-08,8.5315208001e-08,8.5179092089e-08,8.5043256061e-08,8.4907699759e-08,8.4772422742e-08,8.4637423691e-08,8.4502702775e-08,8.4368258840e-08,8.4234091747e-08,8.4100200221e-08,8.3966585243e-08,8.3833244054e-08,8.3700177769e-08,8.3567385199e-08,8.3434866090e-08,8.3302618869e-08,8.3170646695e-08,8.2974919245e-08,8.2684997639e-08,8.2256347577e-08,8.1624332315e-08,8.0696284304e-08,7.9341835664e-08,7.7382943782e-08,7.4587905684e-08,7.0679291261e-08,6.5374943792e-08,5.8491309617e-08,5.0134905693e-08,4.0952475955e-08,3.2254541011e-08,2.5641190426e-08,2.1986150799e-08,2.0688137551e-08,2.0426844105e-08,2.0399854656e-08,2.0398532974e-08,2.0398529945e-08,2.0398557324e-08,2.0398579478e-08,2.0398592672e-08,2.0398597886e-08,2.0398599096e-08,2.0398599244e-08,2.0398599253e-08,2.0398599253e-08,2.0398599161e-08,2.0398588409e-08,2.0398111193e-08,2.0388957897e-08,2.0307106911e-08,1.9933356617e-08,1.8945617195e-08,1.7199370883e-08,1.4861343076e-08,1.3076337853e-08,4.5284599531e-08,7.1347777582e-07,6.9227853914e-06,3.6504937276e-05,1.1707682335e-04,2.6012199263e-04,4.4738741130e-04,6.4613264027e-04,8.2882021542e-04,9.8096542832e-04,1.0993600679e-03,1.1872952834e-03,1.2505562318e-03,1.2950867187e-03,1.3259723043e-03,1.3471803431e-03,1.3616447268e-03,1.3714646967e-03,1.3781109860e-03,1.3825999456e-03,1.3856275941e-03,1.3886622624e-03,1.3917038986e-03,1.3947525077e-03,1.3978080914e-03,1.4008706476e-03,1.4039401701e-03,1.4070166472e-03,1.4101000608e-03,1.4131903849e-03,1.4162875843e-03,1.4193916127e-03,1.4225024100e-03,1.4256199002e-03,1.4287439883e-03,1.4318745558e-03,1.4350114569e-03,1.4381545123e-03,1.4413035020e-03,1.4444581551e-03,1.4476181362e-03,1.4476181362e-03,1.4476181362e-03,1.4476181362e-03,1.4476181362e-03,1.4476181362e-03,1.4476181362e-03,1.4476181363e-03,1.4476181362e-03,1.4476181362e-03,1.4476181362e-03,1.4476181362e-03,1.4476181362e-03,1.4476181362e-03,1.4476181362e-03,1.4476181362e-03,1.4476181363e-03,1.4476181362e-03,1.4476181362e-03,1.4476181362e-03,1.4476181362e-03,1.4476181362e-03,1.4476181362e-03,1.4476181362e-03,1.4476181362e-03,1.4476181362e-03,1.4476181362e-03,1.4476181362e-03,1.4476181362e-03,1.4476181362e-03,1.4476181362e-03,1.4476181362e-03,1.4476181362e-03,1.4476181362e-03,1.4476181362e-03,1.4476181362e-03,1.4476181362e-03,1.4476181362e-03,1.4476181362e-03,1.4476181362e-03,1.4476181362e-03,1.4476181362e-03,1.4476181362e-03,1.4476181362e-03,1.4476181362e-03,1.4476181362e-03,1.4476181362e-03,1.4476181362e-03,1.4476181362e-03,1.4476181362e-03,1.4476181362e-03,1.4476181362e-03,1.4476181362e-03,1.4476181362e-03,1.4476181362e-03,1.4476181362e-03,1.4476181362e-03,1.4476181362e-03,1.4476181362e-03,1.4476181362e-03,1.4476181362e-03,1.4476181362e-03,1.4476181362e-03,1.4476181362e-03,1.4476181362e-03,1.4476181362e-03,1.4476181362e-03,1.4476181362e-03,1.4476181362e-03,1.4476181362e-03,1.4476181362e-03,1.4476181362e-03,1.4476181362e-03,1.4476181362e-03,1.4476181362e-03,1.4476181362e-03,1.4476181362e-03,1.4476181362e-03,1.4476181362e-03,1.4476181362e-03,1.4476181362e-03,1.4476181362e-03,1.4476181362e-03,1.4476181362e-03,1.4476181362e-03,1.4476181362e-03,1.4476181362e-03,1.4476181362e-03,1.4476181362e-03,1.4476181362e-03,1.4476181362e-03,1.4476181362e-03,1.4476181362e-03,1.4476181362e-03,1.4476181362e-03,1.4476181362e-03,1.4476181362e-03,1.4476181362e-03,1.4476181362e-03,1.4476181362e-03,1.4476181362e-03,1.4476181362e-03,1.4476181362e-03,1.4476181362e-03,1.4476181362e-03,1.4476181362e-03,1.4476181362e-03,1.4476181362e-03,1.4476181362e-03,1.4476181362e-03,1.4476181362e-03,1.4476181362e-03,1.4476181362e-03,1.4476181362e-03,1.4476181362e-03,1.4476181362e-03,1.4476181362e-03,1.4476181362e-03,1.4476181362e-03,1.4476181362e-03,1.4476181362e-03,1.4476181362e-03,1.4476181362e-03,1.4476181362e-03,1.4476181362e-03,1.4476181362e-03,1.4476181362e-03,1.4476181362e-03,1.4476181362e-03,1.4476181362e-03,1.4476181362e-03,1.4476181362e-03,1.4476181362e-03,1.4476181362e-03,1.4476181362e-03,1.4476181362e-03,1.4476181362e-03,1.4476181362e-03,1.4476181362e-03,1.4476181362e-03,1.4476181362e-03,1.4476181362e-03,1.4476181362e-03,1.4476181362e-03,1.4476181362e-03,1.4476181362e-03,1.4476181362e-03,1.4476181362e-03,1.4476181362e-03,1.4476181362e-03,1.4476181362e-03,1.4476181362e-03,1.4476181362e-03,1.4476181362e-03,1.4476181362e-03,1.4476181362e-03,1.4476181362e-03,1.4476181362e-03,1.4476181362e-03,1.4476181362e-03,1.4476181362e-03,1.4476181362e-03,1.4476181362e-03,1.4476181362e-03,1.4476181362e-03,1.4476181362e-03,1.4476181362e-03,1.4476181362e-03,1.4476181362e-03,1.4476181362e-03,1.4476181362e-03,1.4476181362e-03,1.4476181362e-03,1.4476181362e-03,1.4476181362e-03,1.4476181362e-03,1.4476181362e-03,1.4476181362e-03,1.4476181362e-03,1.4476181362e-03,1.4476181362e-03,1.4476181362e-03,1.4476181362e-03,1.4476181362e-03,1.4476181362e-03,1.4476181362e-03,1.4476181362e-03,1.4476181362e-03,1.4476181362e-03,1.4476181362e-03,1.4476181362e-03,1.4476181362e-03,1.4476181362e-03,1.4476181362e-03,1.4476181362e-03,1.4476181362e-03,1.4476181362e-03,1.4476181362e-03,1.4476181362e-03,1.4476181362e-03,1.4476181362e-03,5.0002648799e-02,5.0002648799e-02,5.0002648798e-02,5.0002648799e-02,5.0002648800e-02,5.0002648798e-02,5.0002648797e-02,5.0002648800e-02,5.0002648799e-02,5.0002648798e-02,5.0002648800e-02,5.0002648797e-02,5.0002648799e-02,5.0002648799e-02,5.0002648800e-02,5.0002648799e-02,5.0002648797e-02,5.0002648800e-02,5.0002648798e-02,5.0002648800e-02,5.0002648798e-02,5.0002648798e-02,5.0002648799e-02,5.0002648799e-02,5.0002648798e-02,5.0002648798e-02,5.0002648799e-02,5.0002648798e-02,5.0002648799e-02,5.0002648799e-02,5.0002648799e-02,5.0002648799e-02,5.0002648799e-02,5.0002648799e-02,5.0002648799e-02,5.0002648799e-02,5.0002648799e-02,5.0002648799e-02,5.0002648799e-02,5.0002648799e-02,5.0002648799e-02,5.0002648799e-02,5.0002648799e-02,5.0002648799e-02,5.0002648799e-02,5.0002648799e-02,5.0002648799e-02,5.0002648799e-02,5.0002648799e-02,5.0002648799e-02,5.0002648799e-02,5.0002648799e-02,5.0002648799e-02,5.0002648799e-02,5.0002648799e-02,5.0002648799e-02,5.0002648799e-02,5.0002648799e-02,5.0002648799e-02,5.0002648799e-02,5.0002648799e-02,5.0002648799e-02,5.0002648799e-02,5.0002648799e-02,5.0002648799e-02,5.0002648799e-02,5.0002648799e-02,5.0002648799e-02,5.0002648799e-02,5.0002648799e-02,5.0002648799e-02,5.0002648799e-02,5.0002648799e-02,5.0002648799e-02,5.0002648799e-02,5.0002648799e-02,5.0002648799e-02,5.0002648799e-02,5.0002648799e-02,5.0002648799e-02,5.0002648799e-02,5.0002648799e-02,5.0002648799e-02,5.0002648799e-02,5.0002648798e-02,5.0002648799e-02,5.0002648798e-02,5.0002648799e-02,5.0002648799e-02,5.0002648798e-02,5.0002648799e-02,5.0002648799e-02,5.0002648799e-02,5.0002648799e-02,5.0002648798e-02,5.0002648799e-02,5.0002648798e-02,5.0002648799e-02,5.0002648799e-02,5.0002648799e-02,5.0002648799e-02,5.0002648799e-02
3.7476812435e+05,8.6000013507e-08,8.5862485156e-08,8.5725242930e-08,8.5588282733e-08,8.5451604862e-08,8.5315207631e-08,8.5179092330e-08,8.5043256100e-08,8.4907699925e-08,8.4772422339e-08,8.4637423810e-08,8.4502702638e-08,8.4368258883e-08,8.4234091756e-08,8.4100200501e-08,8.3966584746e-08,8.3833244491e-08,8.3700177821e-08,8.3567384874e-08,8.3434866076e-08,8.3302618948e-08,8.3170646872e-08,8.2974919030e-08,8.2684997749e-08,8.2256347521e-08,8.1624332254e-08,8.0696284323e-08,7.9341835662e-08,7.7382943765e-08,7.4587905684e-08,7.0679291250e-08,6.5374943780e-08,5.8491309609e-08,5.0134905686e-08,4.0952475948e-08,3.2254541010e-08,2.5641190428e-08,2.1986150787e-08,2.0688137554e-08,2.0426844110e-08,2.0399854656e-08,2.0398532974e-08,2.0398529946e-08,2.0398557325e-08,2.0398579478e-08,2.0398592672e-08,2.0398597886e-08,2.0398599095e-08,2.0398599244e-08,2.0398599253e-08,2.0398599253e-08,2.0398599161e-08,2.0398588409e-08,2.0398111193e-08,2.0388957897e-08,2.0307106911e-08,1.9933356616e-08,1.8945617196e-08,1.7199370884e-08,1.4861343079e-08,1.3076337846e-08,4.5284599537e-08,7.1347777583e-07,6.9227853914e-06,3.6504937277e-05,1.1707682335e-04,2.6012199263e-04,4.4738741130e-04,6.4613264028e-04,8.2882021542e-04,9.8096542832e-04,1.0993600679e-03,1.1872952834e-03,1.2505562318e-03,1.2950867186e-03,1.3259723043e-03,1.3471803431e-03,1.3616447268e-03,1.3714646967e-03,1.3781109860e-03,1.3825999456e-03,1.3856275941e-03,1.3886622624e-03,1.3917038986e-03,1.3947525077e-03,1.3978080913e-03,1.4008706476e-03,1.4039401701e-03,1.4070166472e-03,1.4101000607e-03,1.4131903849e-03,1.4162875843e-03,1.4193916127e-03,1.4225024100e-03,1.4256199002e-03,1.4287439882e-03,1.4318745557e-03,1.4350114568e-03,1.4381545123e-03,1.4413035019e-03,1.4444581551e-03,1.4476181362e-03,1.4476181362e-03,1.4476181362e-03,1.4476181362e-03,1.4476181362e-03,1.4476181362e-03,1.4476181362e-03,1.4476181362e-03,1.4476181362e-03,1.4476181362e-03,1.4476181362e-03,1.4476181362e-03,1.4476181363e-03,1.4476181362e-03,1.4476181362e-03,1.4476181362e-03,1.4476181362e-03,1.4476181362e-03,1.4476181362e-03,1.4476181362e-03,1.4476181362e-03,1.4476181362e-03,1.4476181362e-03,1.4476181362e-03,1.4476181362e-03,1.4476181362e-03,1.4476181362e-03,1.4476181362e-03,1.4476181362e-03,1.4476181362e-03,1.4476181362e-03,1.4476181362e-03,1.4476181362e-03,1.4476181362e-03,1.4476181362e-03,1.4476181362e-03,1.4476181362e-03,1.4476181362e-03,1.4476181362e-03,1.4476181362e-03,1.4476181362e-03,1.4476181362e-03,1.4476181362e-03,1.4476181362e-03,1.4476181362e-03,1.4476181362e-03,1.4476181362e-03,1.4476181362e-03,1.4476181362e-03,1.4476181362e-03,1.4476181362e-03,1.4476181362e-03,1.4476181362e-03,1.4476181362e-03,1.4476181362e-03,1.4476181362e-03,1.4476181362e-03,1.4476181362e-03,1.4476181362e-03,1.4476181362e-03,1.4476181362e-03,1.4476181362e-03,1.4476181362e-03,1.4476181362e-03,1.4476181362e-03,1.4476181362e-03,1.4476181362e-03,1.4476181362e-03,1.4476181362e-03,1.4476181362e-03,1.4476181362e-03,1.4476181362e-03,1.4476181362e-03,1.4476181362e-03,1.4476181362e-03,1.4476181362e-03,1.4476181362e-03,1.4476181362e-03,1.4476181362e-03,1.4476181362e-03,1.4476181362e-03,1.4476181362e-03,1.4476181362e-03,1.4476181362e-03,1.4476181362e-03,1.4476181362e-03,1.4476181362e-03,1.4476181362e-03,1.4476181362e-03,1.4476181362e-03,1.4476181362e-03,1.4476181362e-03,1.4476181362e-03,1.4476181362e-03,1.4476181362e-03,1.4476181362e-03,1.4476181362e-03,1.4476181362e-03,1.4476181362e-03,1.4476181362e-03,1.4476181362e-03,1.4476181362e-03,1.4476181362e-03,1.4476181362e-03,1.4476181362e-03,1.4476181362e-03,1.4476181362e-03,1.4476181362e-03,1.4476181362e-03,1.4476181362e-03,1.4476181362e-03,1.4476181362e-03,1.4476181362e-03,1.4476181362e-03,1.4476181362e-03,1.4476181362e-03,1.4476181362e-03,1.4476181362e-03,1.4476181362e-03,1.4476181362e-03,1.4476181362e-03,1.4476181362e-03,1.4476181362e-03,1.4476181362e-03,1.4476181362e-03,1.4476181362e-03,1.4476181362e-03,1.4476181362e-03,1.4476181362e-03,1.4476181362e-03,1.4476181362e-03,1.4476181362e-03,1.4476181362e-03,1.4476181362e-03,1.4476181362e-03,1.4476181362e-03,1.4476181362e-03,1.4476181362e-03,1.4476181362e-03,1.4476181362e-03,1.4476181362e-03,1.4476181362e-03,1.4476181362e-03,1.4476181362e-03,1.4476181362e-03,1.4476181362e-03,1.4476181362e-03,1.4476181362e-03,1.4476181362e-03,1.4476181362e-03,1.4476181362e-03,1.4476181362e-03,1.4476181362e-03,1.4476181362e-03,1.4476181362e-03,1.4476181362e-03,1.4476181362e-03,1.4476181362e-03,1.4476181362e-03,1.4476181362e-03,1.4476181362e-03,1.4476181362e-03,1.4476181362e-03,1.4476181362e-03,1.4476181362e-03,1.4476181362e-03,1.4476181362e-03,1.4476181362e-03,1.4476181362e-03,1.4476181362e-03,1.4476181362e-03,1.4476181362e-03,1.4476181362e-03,1.4476181362e-03,1.4476181362e-03,1.4476181362e-03,1.4476181362e-03,1.4476181362e-03,1.4476181362e-03,1.4476181362e-03,1.4476181362e-03,1.4476181362e-03,1.4476181362e-03,1.4476181362e-03,1.4476181362e-03,1.4476181362e-03,1.4476181362e-03,1.4476181362e-03,1.4476181362e-03,1.4476181362e-03,1.4476181362e-03,1.4476181362e-03,1.4476181362e-03,1.4476181362e-03,1.4476181362e-03,1.4476181362e-03,1.4476181362e-03,1.4476181362e-03,1.4476181362e-03,1.4476181362e-03,1.4476181362e-03,5.0002648799e-02,5.0002648799e-02,5.0002648798e-02,5.0002648799e-02,5.0002648800e-02,5.0002648798e-02,5.0002648799e-02,5.0002648797e-02,5.0002648799e-02,5.0002648797e-02,5.0002648798e-02,5.0002648799e-02,5.0002648798e-02,5.0002648800e-02,5.0002648798e-02,5.0002648798e-02,5.0002648799e-02,5.0002648799e-02,5.0002648799e-02,5.0002648797e-02,5.0002648800e-02,5.0002648797e-02,5.0002648799e-02,5.0002648799e-02,5.0002648799e-02,5.0002648799e-02,5.0002648798e-02,5.0002648799e-02,5.0002648799e-02,5.0002648799e-02,5.0002648799e-02,5.0002648799e-02,5.0002648799e-02,5.0002648799e-02,5.0002648799e-02,5.0002648799e-02,5.0002648799e-02,5.0002648799e-02,5.0002648799e-02,5.0002648799e-02,5.0002648799e-02,5.0002648799e-02,5.0002648799e-02,5.0002648799e-02,5.0002648799e-02,5.0002648799e-02,5.0002648799e-02,5.0002648799e-02,5.0002648799e-02,5.0002648799e-02,5.0002648799e-02,5.0002648799e-02,5.0002648799e-02,5.0002648799e-02,5.0002648799e-02,5.0002648799e-02,5.0002648799e-02,5.0002648799e-02,5.0002648799e-02,5.0002648799e-02,5.0002648799e-02,5.0002648799e-02,5.0002648799e-02,5.0002648799e-02,5.0002648799e-02,5.0002648799e-02,5.0002648799e-02,5.0002648799e-02,5.0002648799e-02,5.0002648799e-02,5.0002648799e-02,5.0002648799e-02,5.0002648799e-02,5.0002648799e-02,5.0002648799e-02,5.0002648799e-02,5.0002648799e-02,5.0002648799e-02,5.0002648799e-02,5.0002648798e-02,5.0002648798e-02,5.0002648799e-02,5.0002648799e-02,5.0002648798e-02,5.0002648799e-02,5.0002648798e-02,5.0002648799e-02,5.0002648798e-02,5.0002648799e-02,5.0002648798e-02,5.0002648798e-02,5.0002648799e-02,5.0002648799e-02,5.0002648798e-02,5.0002648799e-02,5.0002648799e-02,5.0002648798e-02,5.0002648799e-02,5.0002648798e-02,5.0002648799e-02,5.0002648798e-02,5.0002648799e-02
3.9376812435e+05,8.6000012329e-08,8.5862485398e-08,8.5725242855e-08,8.5588282889e-08,8.5451604577e-08,8.5315207863e-08,8.5179092056e-08,8.5043256089e-08,8.4907699992e-08,8.4772422469e-08,8.4637423771e-08,8.4502702801e-08,8.4368258682e-08,8.4234091947e-08,8.4100200503e-08,8.3966584852e-08,8.3833244062e-08,8.3700177877e-08,8.3567385209e-08,8.3434865891e-08,8.3302619006e-08,8.3170646799e-08,8.2974919127e-08,8.2684997723e-08,8.2256347611e-08,8.1624332254e-08,8.0696284342e-08,7.9341835681e-08,7.7382943777e-08,7.4587905701e-08,7.0679291264e-08,6.5374943792e-08,5.8491309621e-08,5.0134905695e-08,4.0952475955e-08,3.2254541008e-08,2.5641190424e-08,2.1986150791e-08,2.0688137559e-08,2.0426844102e-08,2.0399854659e-08,2.0398532973e-08,2.0398529945e-08,2.0398557325e-08,2.0398579477e-08,2.0398592673e-08,2.0398597886e-08,2.0398599095e-08,2.0398599244e-08,2.0398599253e-08,2.0398599253e-08,2.0398599161e-08,2.0398588409e-08,2.0398111193e-08,2.0388957897e-08,2.0307106911e-08,1.9933356617e-08,1.8945617196e-08,1.7199370883e-08,1.4861343077e-08,1.3076337853e-08,4.5284599529e-08,7.1347777583e-07,6.9227853914e-06,3.6504937277e-05,1.1707682335e-04,2.6012199263e-04,4.4738741130e-04,6.4613264027e-04,8.2882021542e-04,9.8096542832e-04,1.0993600679e-03,1.1872952834e-03,1.2505562318e-03,1.2950867186e-03,1.3259723043e-03,1.3471803431e-03,1.3616447268e-03,1.3714646967e-03,1.3781109860e-03,1.3825999456e-03,1.3856275941e-03,1.3886622624e-03,1.3917038986e-03,1.3947525077e-03,1.3978080913e-03,1.4008706476e-03,1.4039401701e-03,1.4070166472e-03,1.4101000607e-03,1.4131903849e-03,1.4162875843e-03,1.4193916127e-03,1.4225024100e-03,1.4256199002e-03,1.4287439882e-03,1.4318745558e-03,1.4350114568e-03,1.4381545123e-03,1.4413035019e-03,1.4444581551e-03,1.4476181362e-03,1.4476181362e-03,1.4476181362e-03,1.4476181362e-03,1.4476181362e-03,1.4476181362e-03,1.4476181362e-03,1.4476181362e-03,1.4476181362e-03,1.4476181362e-03,1.4476181362e-03,1.4476181363e-03,1.4476181362e-03,1.4476181362e-03,1.4476181362e-03,1.4476181362e-03,1.4476181362e-03,1.4476181362e-03,1.4476181362e-03,1.4476181362e-03,1.4476181362e-03,1.4476181362e-03,1.4476181362e-03,1.4476181362e-03,1.4476181362e-03,1.4476181362e-03,1.4476181362e-03,1.4476181362e-03,1.4476181362e-03,1.4476181362e-03,1.4476181362e-03,1.4476181362e-03,1.4476181362e-03,1.4476181362e-03,1.4476181362e-03,1.4476181362e-03,1.4476181362e-03,1.4476181362e-03,1.4476181362e-03,1.4476181362e-03,1.4476181362e-03,1.4476181362e-03,1.4476181362e-03,1.4476181362e-03,1.4476181362e-03,1.4476181362e-03,1.4476181362e-03,1.4476181362e-03,1.4476181362e-03,1.4476181362e-03,1.4476181362e-03,1.4476181362e-03,1.4476181362e-03,1.4476181362e-03,1.4476181362e-03,1.4476181362e-03,1.4476181362e-03,1.4476181362e-03,1.4476181362e-03,1.4476181362e-03,1.4476181362e-03,1.4476181362e-03,1.4476181362e-03,1.4476181362e-03,1.4476181362e-03,1.4476181362e-03,1.4476181362e-03,1.4476181362e-03,1.4476181362e-03,1.4476181362e-03,1.4476181362e-03,1.4476181362e-03,1.4476181362e-03,1.4476181362e-03,1.4476181362e-03,1.4476181362e-03,1.4476181362e-03,1.4476181362e-03,1.4476181362e-03,1.4476181362e-03,1.4476181362e-03,1.4476181362e-03,1.4476181362e-03,1.4476181362e-03,1.4476181362e-03,1.4476181362e-03,1.4476181362e-03,1.4476181362e-03,1.4476181362e-03,1.4476181362e-03,1.4476181362e-03,1.4476181362e-03,1.4476181362e-03,1.4476181362e-03,1.4476181362e-03,1.4476181362e-03,1.4476181362e-03,1.4476181362e-03,1.4476181362e-03,1.4476181362e-03,1.4476181362e-03,1.4476181362e-03,1.4476181362e-03,1.4476181362e-03,1.4476181362e-03,1.4476181362e-03,1.4476181362e-03,1.4476181362e-03,1.4476181362e-03,1.4476181362e-03,1.4476181362e-03,1.4476181362e-03,1.4476181362e-03,1.4476181362e-03,1.4476181362e-03,1.4476181362e-03,1.4476181362e-03,1.4476181362e-03,1.4476181362e-03,1.4476181362e-03,1.4476181362e-03,1.4476181362e-03,1.4476181362e-03,1.4476181362e-03,1.4476181362e-03,1.4476181362e-03,1.4476181362e-03,1.4476181362e-03,1.4476181362e-03,1.4476181362e-03,1.4476181362e-03,1.4476181362e-03,1.4476181362e-03,1.4476181362e-03,1.4476181362e-03,1.4476181362e-03,1.4476181362e-03,1.4476181362e-03,1.4476181362e-03,1.4476181362e-03,1.4476181362e-03,1.4476181362e-03,1.4476181362e-03,1.4476181362e-03,1.4476181362e-03,1.4476181362e-03,1.4476181362e-03,1.4476181362e-03,1.4476181362e-03,1.4476181362e-03,1.4476181362e-03,1.4476181362e-03,1.4476181362e-03,1.4476181362e-03,1.4476181362e-03,1.4476181362e-03,1.4476181362e-03,1.4476181362e-03,1.4476181362e-03,1.4476181362e-03,1.4476181362e-03,1.4476181362e-03,1.4476181362e-03,1.4476181362e-03,1.4476181362e-03,1.4476181362e-03,1.4476181362e-03,1.4476181362e-03,1.4476181362e-03,1.4476181362e-03,1.4476181362e-03,1.4476181362e-03,1.4476181362e-03,1.4476181362e-03,1.4476181362e-03,1.4476181362e-03,1.4476181362e-03,1.4476181362e-03,1.4476181362e-03,1.4476181362e-03,1.4476181362e-03,1.4476181362e-03,1.4476181362e-03,1.4476181362e-03,1.4476181362e-03,1.4476181362e-03,1.4476181362e-03,1.4476181362e-03,1.4476181362e-03,1.4476181362e-03,1.4476181362e-03,1.4476181362e-03,1.4476181362e-03,1.4476181362e-03,1.4476181362e-03,1.4476181362e-03,1.4476181362e-03,1.4476181362e-03,1.4476181362e-03,1.4476181362e-03,1.4476181362e-03,5.0002648799e-02,5.0002648799e-02,5.0002648798e-02,5.0002648799e-02,5.0002648797e-02,5.0002648799e-02,5.0002648798e-02,5.0002648799e-02,5.0002648800e-02,5.0002648797e-02,5.0002648798e-02,5.0002648799e-02,5.0002648799e-02,5.0002648798e-02,5.0002648799e-02,5.0002648799e-02,5.0002648797e-02,5.0002648799e-02,5.0002648798e-02,5.0002648799e-02,5.0002648798e-02,5.0002648799e-02,5.0002648798e-02,5.0002648799e-02,5.0002648799e-02,5.0002648799e-02,5.0002648799e-02,5.0002648798e-02,5.0002648799e-02,5.0002648799e-02,5.0002648799e-02,5.0002648799e-02,5.0002648799e-02,5.0002648799e-02,5.0002648799e-02,5.0002648799e-02,5.0002648799e-02,5.0002648799e-02,5.0002648799e-02,5.0002648799e-02,5.0002648799e-02,5.0002648799e-02,5.0002648799e-02,5.0002648799e-02,5.0002648799e-02,5.0002648799e-02,5.0002648799e-02,5.0002648799e-02,5.0002648799e-02,5.0002648799e-02,5.0002648799e-02,5.0002648799e-02,5.0002648799e-02,5.0002648799e-02,5.0002648799e-02,5.0002648799e-02,5.0002648799e-02,5.0002648799e-02,5.0002648799e-02,5.0002648799e-02,5.0002648799e-02,5.0002648799e-02,5.0002648799e-02,5.0002648799e-02,5.0002648799e-02,5.0002648799e-02,5.0002648799e-02,5.0002648799e-02,5.0002648799e-02,5.0002648799e-02,5.0002648799e-02,5.0002648799e-02,5.0002648799e-02,5.0002648799e-02,5.0002648799e-02,5.0002648799e-02,5.0002648799e-02,5.0002648799e-02,5.0002648798e-02,5.0002648799e-02,5.0002648798e-02,5.0002648799e-02,5.0002648799e-02,5.0002648799e-02,5.0002648798e-02,5.0002648799e-02,5.0002648798e-02,5.0002648799e-02,5.0002648798e-02,5.0002648798e-02,5.0002648799e-02,5.0002648798e-02,5.0002648799e-02,5.0002648798e-02,5.0002648798e-02,5.0002648798e-02,5.0002648799e-02,5.0002648798e-02,5.0002648799e-02,5.0002648799e-02,5.0002648799e-02,5.0002648799e-02
4.1176812435e+05,8.6000008450e-08,8.5862485531e-08,8.5725242536e-08,8.5588283003e-08,8.5451604707e-08,8.5315208037e-08,8.5179091827e-08,8.5043255980e-08,8.4907699947e-08,8.4772422730e-08,8.4637423915e-08,8.4502702399e-08,8.4368258849e-08,8.4234091609e-08,8.4100200843e-08,8.3966584713e-08,8.3833244290e-08,8.3700177848e-08,8.3567385277e-08,8.3434865678e-08,8.3302618969e-08,8.3170646899e-08,8.2974919219e-08,8.2684997611e-08,8.2256347639e-08,8.1624332283e-08,8.0696284315e-08,7.9341835675e-08,7.7382943780e-08,7.4587905699e-08,7.0679291255e-08,6.5374943796e-08,5.8491309618e-08,5.0134905691e-08,4.0952475953e-08,3.2254541016e-08,2.5641190431e-08,2.1986150788e-08,2.0688137558e-08,2.0426844105e-08,2.0399854656e-08,2.0398532974e-08,2.0398529944e-08,2.0398557325e-08,2.0398579478e-08,2.0398592673e-08,2.0398597885e-08,2.0398599096e-08,2.0398599244e-08,2.0398599253e-08,2.0398599253e-08,2.0398599161e-08,2.0398588409e-08,2.0398111192e-08,2.0388957897e-08,2.0307106911e-08,1.9933356616e-08,1.8945617196e-08,1.7199370883e-08,1.4861343075e-08,1.3076337852e-08,4.5284599540e-08,7.1347777582e-07,6.9227853914e-06,3.6504937277e-05,1.1707682335e-04,2.6012199263e-04,4.4738741131e-04,6.4613264027e-04,8.2882021541e-04,9.8096542832e-04,1.0993600679e-03,1.1872952834e-03,1.2505562318e-03,1.2950867186e-03,1.3259723043e-03,1.3471803431e-03,1.3616447268e-03,1.3714646967e-03,1.3781109860e-03,1.3825999456e-03,1.3856275941e-03,1.3886622624e-03,1.3917038986e-03,1.3947525077e-03,1.3978080913e-03,1.4008706476e-03,1.4039401701e-03,1.4070166472e-03,1.4101000607e-03,1.4131903849e-03,1.4162875843e-03,1.4193916127e-03,1.4225024100e-03,1.4256199002e-03,1.4287439882e-03,1.4318745557e-03,1.4350114568e-03,1.4381545123e-03,1.4413035019e-03,1.4444581551e-03,1.4476181362e-03,1.4476181362e-03,1.4476181362e-03,1.4476181362e-03,1.4476181362e-03,1.4476181362e-03,1.4476181362e-03,1.4476181362e-03,1.4476181362e-03,1.4476181362e-03,1.4476181362e-03,1.4476181362e-03,1.4476181362e-03,1.4476181362e-03,1.4476181362e-03,1.4476181362e-03,1.4476181362e-03,1.4476181362e-03,1.4476181362e-03,1.4476181362e-03,1.4476181362e-03,1.4476181362e-03,1.4476181362e-03,1.4476181362e-03,1.4476181362e-03,1.4476181362e-03,1.4476181362e-03,1.4476181362e-03,1.4476181362e-03,1.4476181362e-03,1.4476181362e-03,1.4476181362e-03,1.4476181362e-03,1.4476181362e-03,1.4476181362e-03,1.4476181362e-03,1.4476181362e-03,1.4476181362e-03,1.4476181362e-03,1.4476181362e-03,1.4476181362e-03,1.4476181362e-03,1.4476181362e-03,1.4476181362e-03,1.4476181362e-03,1.4476181362e-03,1.4476181362e-03,1.4476181362e-03,1.4476181362e-03,1.4476181362e-03,1.4476181362e-03,1.4476181362e-03,1.4476181362e-03,1.4476181362e-03,1.4476181362e-03,1.4476181362e-03,1.4476181362e-03,1.4476181362e-03,1.4476181362e-03,1.4476181362e-03,1.4476181362e-03,1.4476181362e-03,1.4476181362e-03,1.4476181362e-03,1.4476181362e-03,1.4476181362e-03,1.4476181362e-03,1.4476181362e-03,1.4476181362e-03,1.4476181362e-03,1.4476181362e-03,1.4476181362e-03,1.4476181362e-03,1.4476181362e-03,1.4476181362e-03,1.4476181362e-03,1.4476181362e-03,1.4476181362e-03,1.4476181362e-03,1.4476181362e-03,1.4476181362e-03,1.4476181362e-03,1.4476181362e-03,1.4476181362e-03,1.4476181362e-03,1.4476181362e-03,1.4476181362e-03,1.4476181362e-03,1.4476181362e-03,1.4476181362e-03,1.4476181362e-03,1.4476181362e-03,1.4476181362e-03,1.4476181362e-03,1.4476181362e-03,1.4476181362e-03,1.4476181362e-03,1.4476181362e-03,1.4476181362e-03,1.4476181362e-03,1.4476181362e-03,1.4476181362e-03,1.4476181362e-03,1.4476181362e-03,1.4476181362e-03,1.4476181362e-03,1.4476181362e-03,1.4476181362e-03,1.4476181362e-03,1.4476181362e-03,1.4476181362e-03,1.4476181362e-03,1.4476181362e-03,1.4476181362e-03,1.4476181362e-03,1.4476181362e-03,1.4476181362e-03,1.4476181362e-03,1.4476181362e-03,1.4476181362e-03,1.4476181362e-03,1.4476181362e-03,1.4476181362e-03,1.4476181362e-03,1.4476181362e-03,1.4476181362e-03,1.4476181362e-03,1.4476181362e-03,1.4476181362e-03,1.4476181362e-03,1.4476181362e-03,1.4476181362e-03,1.4476181362e-03,1.4476181362e-03,1.4476181362e-03,1.4476181362e-03,1.4476181362e-03,1.4476181362e-03,1.4476181362e-03,1.4476181362e-03,1.4476181362e-03,1.4476181362e-03,1.4476181362e-03,1.4476181362e-03,1.4476181362e-03,1.4476181362e-03,1.4476181362e-03,1.4476181362e-03,1.4476181362e-03,1.4476181362e-03,1.4476181362e-03,1.4476181362e-03,1.4476181362e-03,1.4476181362e-03,1.4476181362e-03,1.4476181362e-03,1.4476181362e-03,1.4476181362e-03,1.4476181362e-03,1.4476181362e-03,1.4476181362e-03,1.4476181362e-03,1.4476181362e-03,1.4476181362e-03,1.4476181362e-03,1.4476181362e-03,1.4476181362e-03,1.4476181362e-03,1.4476181362e-03,1.4476181362e-03,1.4476181362e-03,1.4476181362e-03,1.4476181362e-03,1.4476181362e-03,1.4476181362e-03,1.4476181362e-03,1.4476181362e-03,1.4476181362e-03,1.4476181362e-03,1.4476181362e-03,1.4476181362e-03,1.4476181362e-03,1.4476181362e-03,1.4476181362e-03,1.4476181362e-03,1.4476181362e-03,1.4476181362e-03,1.4476181362e-03,1.4476181362e-03,1.4476181362e-03,1.4476181362e-03,1.4476181362e-03,1.4476181362e-03,1.4476181362e-03,1.4476181362e-03,1.4476181362e-03,1.4476181362e-03,1.4476181362e-03,1.4476181362e-03,1.4476181362e-03,1.4476181362e-03,5.0002648799e-02,5.0002648798e-02,5.0002648799e-02,5.0002648798e-02,5.0002648798e-02,5.0002648800e-02,5.0002648797e-02,5.0002648798e-02,5.0002648800e-02,5.0002648798e-02,5.0002648799e-02,5.0002648798e-02,5.0002648799e-02,5.0002648798e-02,5.0002648800e-02,5.0002648797e-02,5.0002648799e-02,5.0002648799e-02,5.0002648798e-02,5.0002648799e-02,5.0002648797e-02,5.0002648800e-02,5.0002648797e-02,5.0002648799e-02,5.0002648798e-02,5.0002648799e-02,5.0002648799e-02,5.0002648799e-02,5.0002648799e-02,5.0002648799e-02,5.0002648799e-02,5.0002648799e-02,5.0002648799e-02,5.0002648799e-02,5.0002648799e-02,5.0002648799e-02,5.0002648799e-02,5.0002648799e-02,5.0002648799e-02,5.0002648799e-02,5.0002648799e-02,5.0002648799e-02,5.0002648799e-02,5.0002648799e-02,5.0002648799e-02,5.0002648799e-02,5.0002648799e-02,5.0002648799e-02,5.0002648799e-02,5.0002648799e-02,5.0002648799e-02,5.0002648799e-02,5.0002648799e-02,5.0002648799e-02,5.0002648799e-02,5.0002648799e-02,5.0002648799e-02,5.0002648799e-02,5.0002648799e-02,5.0002648799e-02,5.0002648799e-02,5.0002648799e-02,5.0002648799e-02,5.0002648799e-02,5.0002648799e-02,5.0002648799e-02,5.0002648799e-02,5.0002648799e-02,5.0002648799e-02,5.0002648799e-02,5.0002648799e-02,5.0002648799e-02,5.0002648799e-02,5.0002648799e-02,5.0002648799e-02,5.0002648799e-02,5.0002648799e-02,5.0002648798e-02,5.0002648799e-02,5.0002648799e-02,5.0002648799e-02,5.0002648799e-02,5.0002648798e-02,5.0002648799e-02,5.0002648798e-02,5.0002648798e-02,5.0002648799e-02,5.0002648799e-02,5.0002648798e-02,5.0002648799e-02,5.0002648798e-02,5.0002648799e-02,5.0002648799e-02,5.0002648798e-02,5.0002648799e-02,5.0002648799e-02,5.0002648799e-02,5.0002648799e-02,5.0002648798e-02,5.0002648799e-02,5.0002648798e-02,5.0002648799e-02
4.3076812435e+05,8.6000009602e-08,8.5862485224e-08,8.5725242719e-08,8.5588282730e-08,8.5451604973e-08,8.5315207675e-08,8.5179092024e-08,8.5043256342e-08,8.4907699888e-08,8.4772422601e-08,8.4637423751e-08,8.4502702744e-08,8.4368258536e-08,8.4234091745e-08,8.4100200459e-08,8.3966585007e-08,8.3833244182e-08,8.3700178039e-08,8.3567384990e-08,8.3434866065e-08,8.3302618721e-08,8.3170646870e-08,8.2974919261e-08,8.2684997660e-08,8.2256347600e-08,8.1624332216e-08,8.0696284334e-08,7.9341835670e-08,7.7382943774e-08,7.4587905693e-08,7.0679291258e-08,6.5374943787e-08,5.8491309617e-08,5.0134905690e-08,4.0952475950e-08,3.2254541009e-08,2.5641190423e-08,2.1986150798e-08,2.0688137554e-08,2.0426844099e-08,2.0399854662e-08,2.0398532973e-08,2.0398529945e-08,2.0398557325e-08,2.0398579477e-08,2.0398592673e-08,2.0398597886e-08,2.0398599095e-08,2.0398599244e-08,2.0398599253e-08,2.0398599253e-08,2.0398599161e-08,2.0398588409e-08,2.0398111193e-08,2.0388957897e-08,2.0307106911e-08,1.9933356617e-08,1.8945617195e-08,1.7199370883e-08,1.4861343068e-08,1.3076337861e-08,4.5284599533e-08,7.1347777584e-07,6.9227853915e-06,3.6504937277e-05,1.1707682335e-04,2.6012199263e-04,4.4738741131e-04,6.4613264028e-04,8.2882021542e-04,9.8096542832e-04,1.0993600679e-03,1.1872952834e-03,1.2505562318e-03,1.2950867186e-03,1.3259723043e-03,1.3471803431e-03,1.3616447268e-03,1.3714646967e-03,1.3781109860e-03,1.3825999456e-03,1.3856275941e-03,1.3886622624e-03,1.3917038986e-03,1.3947525077e-03,1.3978080913e-03,1.4008706476e-03,1.4039401701e-03,1.4070166472e-03,1.4101000608e-03,1.4131903849e-03,1.4162875843e-03,1.4193916127e-03,1.4225024100e-03,1.4256199002e-03,1.4287439882e-03,1.4318745558e-03,1.4350114568e-03,1.4381545123e-03,1.4413035019e-03,1.4444581551e-03,1.4476181362e-03,1.4476181362e-03,1.4476181362e-03,1.4476181362e-03,1.4476181362e-03,1.4476181362e-03,1.4476181362e-03,1.4476181363e-03,1.4476181362e-03,1.4476181362e-03,1.4476181362e-03,1.4476181362e-03,1.4476181362e-03,1.4476181362e-03,1.4476181362e-03,1.4476181362e-03,1.4476181362e-03,1.4476181362e-03,1.4476181362e-03,1.4476181362e-03,1.4476181362e-03,1.4476181362e-03,1.4476181362e-03,1.4476181362e-03,1.4476181362e-03,1.4476181362e-03,1.4476181362e-03,1.4476181362e-03,1.4476181362e-03,1.4476181362e-03,1.4476181362e-03,1.4476181362e-03,1.4476181362e-03,1.4476181362e-03,1.4476181362e-03,1.4476181362e-03,1.4476181362e-03,1.4476181362e-03,1.4476181362e-03,1.4476181362e-03,1.4476181362e-03,1.4476181362e-03,1.4476181362e-03,1.4476181362e-03,1.4476181362e-03,1.4476181362e-03,1.4476181362e-03,1.4476181362e-03,1.4476181362e-03,1.4476181362e-03,1.4476181362e-03,1.4476181362e-03,1.4476181362e-03,1.4476181362e-03,1.4476181362e-03,1.4476181362e-03,1.4476181362e-03,1.4476181362e-03,1.4476181362e-03,1.4476181362e-03,1.4476181362e-03,1.4476181362e-03,1.4476181362e-03,1.4476181362e-03,1.4476181362e-03,1.4476181362e-03,1.4476181362e-03,1.4476181362e-03,1.4476181362e-03,1.4476181362e-03,1.4476181362e-03,1.4476181362e-03,1.4476181362e-03,1.4476181362e-03,1.4476181362e-03,1.4476181362e-03,1.4476181362e-03,1.4476181362e-03,1.4476181362e-03,1.4476181362e-03,1.4476181362e-03,1.4476181362e-03,1.4476181362e-03,1.4476181362e-03,1.4476181362e-03,1.4476181362e-03,1.4476181362e-03,1.4476181362e-03,1.4476181362e-03,1.4476181362e-03,1.4476181362e-03,1.4476181362e-03,1.4476181362e-03,1.4476181362e-03,1.4476181362e-03,1.4476181362e-03,1.4476181362e-03,1.4476181362e-03,1.4476181362e-03,1.4476181362e-03,1.4476181362e-03,1.4476181362e-03,1.4476181362e-03,1.4476181362e-03,1.4476181362e-03,1.4476181362e-03,1.4476181362e-03,1.4476181362e-03,1.4476181362e-03,1.4476181362e-03,1.4476181362e-03,1.4476181362e-03,1.4476181362e-03,1.4476181362e-03,1.4476181362e-03,1.4476181362e-03,1.4476181362e-03,1.4476181362e-03,1.4476181362e-03,1.4476181362e-03,1.4476181362e-03,1.4476181362e-03,1.4476181362e-03,1.4476181362e-03,1.4476181362e-03,1.4476181362e-03,1.4476181362e-03,1.4476181362e-03,1.4476181362e-03,1.4476181362e-03,1.4476181362e-03,1.4476181362e-03,1.4476181362e-03,1.4476181362e-03,1.4476181362e-03,1.4476181362e-03,1.4476181362e-03,1.4476181362e-03,1.4476181362e-03,1.4476181362e-03,1.4476181362e-03,1.4476181362e-03,1.4476181362e-03,1.4476181362e-03,1.4476181362e-03,1.4476181362e-03,1.4476181362e-03,1.4476181362e-03,1.4476181362e-03,1.4476181362e-03,1.4476181362e-03,1.4476181362e-03,1.4476181362e-03,1.4476181362e-03,1.4476181362e-03,1.4476181362e-03,1.4476181362e-03,1.4476181362e-03,1.4476181362e-03,1.4476181362e-03,1.4476181362e-03,1.4476181362e-03,1.4476181362e-03,1.4476181362e-03,1.4476181362e-03,1.4476181362e-03,1.4476181362e-03,1.4476181362e-03,1.4476181362e-03,1.4476181362e-03,1.4476181362e-03,1.4476181362e-03,1.4476181362e-03,1.4476181362e-03,1.4476181362e-03,1.4476181362e-03,1.4476181362e-03,1.4476181362e-03,1.4476181362e-03,1.4476181362e-03,1.4476181362e-03,1.4476181362e-03,1.4476181362e-03,1.4476181362e-03,1.4476181362e-03,1.4476181362e-03,1.4476181362e-03,1.4476181362e-03,1.4476181362e-03,1.4476181362e-03,1.4476181362e-03,1.4476181362e-03,1.4476181362e-03,1.4476181362e-03,1.4476181362e-03,1.4476181362e-03,1.4476181362e-03,1.4476181362e-03,1.4476181362e-03,1.4476181362e-03,1.4476181362e-03,5.0002648799e-02,5.0002648799e-02,5.0002648798e-02,5.0002648799e-02,5.0002648800e-02,5.0002648797e-02,5.0002648800e-02,5.0002648798e-02,5.0002648797e-02,5.0002648801e-02,5.0002648799e-02,5.0002648798e-02,5.0002648799e-02,5.0002648799e-02,5.0002648798e-02,5.0002648798e-02,5.0002648800e-02,5.0002648798e-02,5.0002648797e-02,5.0002648799e-02,5.0002648798e-02,5.0002648800e-02,5.0002648798e-02,5.0002648799e-02,5.0002648798e-02,5.0002648799e-02,5.0002648799e-02,5.0002648798e-02,5.0002648799e-02,5.0002648799e-02,5.0002648799e-02,5.0002648799e-02,5.0002648799e-02,5.0002648799e-02,5.0002648799e-02,5.0002648799e-02,5.0002648799e-02,5.0002648799e-02,5.0002648799e-02,5.0002648799e-02,5.0002648799e-02,5.0002648799e-02,5.0002648799e-02,5.0002648799e-02,5.0002648799e-02,5.0002648799e-02,5.0002648799e-02,5.0002648799e-02,5.0002648799e-02,5.0002648799e-02,5.0002648799e-02,5.0002648799e-02,5.0002648799e-02,5.0002648799e-02,5.0002648799e-02,5.0002648799e-02,5.0002648799e-02,5.0002648799e-02,5.0002648799e-02,5.0002648799e-02,5.0002648799e-02,5.0002648799e-02,5.0002648799e-02,5.0002648799e-02,5.0002648799e-02,5.0002648799e-02,5.0002648799e-02,5.0002648799e-02,5.0002648799e-02,5.0002648799e-02,5.0002648799e-02,5.0002648799e-02,5.0002648799e-02,5.0002648799e-02,5.0002648799e-02,5.0002648799e-02,5.0002648799e-02,5.0002648799e-02,5.0002648799e-02,5.0002648799e-02,5.0002648798e-02,5.0002648798e-02,5.0002648799e-02,5.0002648799e-02,5.0002648798e-02,5.0002648799e-02,5.0002648798e-02,5.0002648799e-02,5.0002648799e-02,5.0002648798e-02,5.0002648799e-02,5.0002648799e-02,5.0002648799e-02,5.0002648799e-02,5.0002648799e-02,5.0002648798e-02,5.0002648799e-02,5.0002648799e-02,5.0002648799e-02,5.0002648798e-02,5.0002648799e-02,5.0002648799e-02
4.4976812435e+05,8.6000011439e-08,8.5862485283e-08,8.5725242684e-08,8.5588282946e-08,8.5451604583e-08,8.5315207854e-08,8.5179091924e-08,8.5043256234e-08,8.4907699974e-08,8.4772422755e-08,8.4637423752e-08,8.4502702370e-08,8.4368259056e-08,8.4234091636e-08,8.4100200636e-08,8.3966584758e-08,8.3833244304e-08,8.3700178018e-08,8.3567384926e-08,8.3434866010e-08,8.3302618978e-08,8.3170646672e-08,8.2974919165e-08,8.2684997744e-08,8.2256347537e-08,8.1624332301e-08,8.0696284277e-08,7.9341835703e-08,7.7382943775e-08,7.4587905688e-08,7.0679291258e-08,6.5374943792e-08,5.8491309617e-08,5.0134905695e-08,4.0952475953e-08,3.2254541019e-08,2.5641190426e-08,2.1986150787e-08,2.0688137555e-08,2.0426844110e-08,2.0399854653e-08,2.0398532976e-08,2.0398529946e-08,2.0398557324e-08,2.0398579478e-08,2.0398592672e-08,2.0398597886e-08,2.0398599095e-08,2.0398599244e-08,2.0398599253e-08,2.0398599253e-08,2.0398599161e-08,2.0398588409e-08,2.0398111193e-08,2.0388957897e-08,2.0307106912e-08,1.9933356617e-08,1.8945617194e-08,1.7199370883e-08,1.4861343068e-08,1.3076337860e-08,4.5284599538e-08,7.1347777584e-07,6.9227853916e-06,3.6504937278e-05,1.1707682335e-04,2.6012199263e-04,4.4738741131e-04,6.4613264029e-04,8.2882021543e-04,9.8096542833e-04,1.0993600679e-03,1.1872952834e-03,1.2505562318e-03,1.2950867187e-03,1.3259723043e-03,1.3471803431e-03,1.3616447268e-03,1.3714646967e-03,1.3781109860e-03,1.3825999456e-03,1.3856275941e-03,1.3886622624e-03,1.3917038987e-03,1.3947525077e-03,1.3978080914e-03,1.4008706476e-03,1.4039401701e-03,1.4070166472e-03,1.4101000608e-03,1.4131903849e-03,1.4162875843e-03,1.4193916127e-03,1.4225024100e-03,1.4256199002e-03,1.4287439883e-03,1.4318745558e-03,1.4350114569e-03,1.4381545123e-03,1.4413035020e-03,1.4444581551e-03,1.4476181362e-03,1.4476181362e-03,1.4476181362e-03,1.4476181362e-03,1.4476181362e-03,1.4476181362e-03,1.4476181363e-03,1.4476181362e-03,1.4476181362e-03,1.4476181362e-03,1.4476181363e-03,1.4476181362e-03,1.4476181362e-03,1.4476181362e-03,1.4476181362e-03,1.4476181362e-03,1.4476181362e-03,1.4476181362e-03,1.4476181362e-03,1.4476181362e-03,1.4476181362e-03,1.4476181362e-03,1.4476181362e-03,1.4476181362e-03,1.4476181362e-03,1.4476181362e-03,1.4476181362e-03,1.4476181362e-03,1.4476181362e-03,1.4476181362e-03,1.4476181362e-03,1.4476181362e-03,1.4476181362e-03,1.4476181362e-03,1.4476181362e-03,1.4476181362e-03,1.4476181362e-03,1.4476181362e-03,1.4476181362e-03,1.4476181362e-03,1.4476181362e-03,1.4476181362e-03,1.4476181362e-03,1.4476181362e-03,1.4476181362e-03,1.4476181362e-03,1.4476181362e-03,1.4476181362e-03,1.4476181362e-03,1.4476181362e-03,1.4476181362e-03,1.4476181362e-03,1.4476181362e-03,1.4476181362e-03,1.4476181362e-03,1.4476181362e-03,1.4476181362e-03,1.4476181362e-03,1.4476181362e-03,1.4476181362e-03,1.4476181362e-03,1.4476181362e-03,1.4476181362e-03,1.4476181362e-03,1.4476181362e-03,1.4476181362e-03,1.4476181362e-03,1.4476181362e-03,1.4476181362e-03,1.4476181362e-03,1.4476181362e-03,1.4476181362e-03,1.4476181362e-03,1.4476181362e-03,1.4476181362e-03,1.4476181362e-03,1.4476181362e-03,1.4476181362e-03,1.4476181362e-03,1.4476181362e-03,1.4476181362e-03,1.4476181362e-03,1.4476181362e-03,1.4476181362e-03,1.4476181362e-03,1.4476181362e-03,1.4476181362e-03,1.4476181362e-03,1.4476181362e-03,1.4476181362e-03,1.4476181362e-03,1.4476181362e-03,1.4476181362e-03,1.4476181362e-03,1.4476181362e-03,1.4476181362e-03,1.4476181362e-03,1.4476181362e-03,1.4476181362e-03,1.4476181362e-03,1.4476181362e-03,1.4476181362e-03,1.4476181362e-03,1.4476181362e-03,1.4476181362e-03,1.4476181362e-03,1.4476181362e-03,1.4476181362e-03,1.4476181362e-03,1.4476181362e-03,1.4476181362e-03,1.4476181362e-03,1.4476181362e-03,1.4476181362e-03,1.4476181362e-03,1.4476181362e-03,1.4476181362e-03,1.4476181362e-03,1.4476181362e-03,1.4476181362e-03,1.4476181362e-03,1.4476181362e-03,1.4476181362e-03,1.4476181362e-03,1.4476181362e-03,1.4476181362e-03,1.4476181362e-03,1.4476181362e-03,1.4476181362e-03,1.4476181362e-03,1.4476181362e-03,1.4476181362e-03,1.4476181362e-03,1.4476181362e-03,1.4476181362e-03,1.4476181362e-03,1.4476181362e-03,1.4476181362e-03,1.4476181362e-03,1.4476181362e-03,1.4476181362e-03,1.4476181362e-03,1.4476181362e-03,1.4476181362e-03,1.4476181362e-03,1.4476181362e-03,1.4476181362e-03,1.4476181362e-03,1.4476181362e-03,1.4476181362e-03,1.4476181362e-03,1.4476181362e-03,1.4476181362e-03,1.4476181362e-03,1.4476181362e-03,1.4476181362e-03,1.4476181362e-03,1.4476181362e-03,1.4476181362e-03,1.4476181362e-03,1.4476181362e-03,1.4476181362e-03,1.4476181362e-03,1.4476181362e-03,1.4476181362e-03,1.4476181362e-03,1.4476181362e-03,1.4476181362e-03,1.4476181362e-03,1.4476181362e-03,1.4476181362e-03,1.4476181362e-03,1.4476181362e-03,1.4476181362e-03,1.4476181362e-03,1.4476181362e-03,1.4476181362e-03,1.4476181362e-03,1.4476181362e-03,1.4476181362e-03,1.4476181362e-03,1.4476181362e-03,1.4476181362e-03,1.4476181362e-03,1.4476181362e-03,1.4476181362e-03,1.4476181362e-03,1.4476181362e-03,1.4476181362e-03,1.4476181362e-03,1.4476181362e-03,1.4476181362e-03,1.4476181362e-03,1.4476181362e-03,1.4476181362e-03,1.4476181362e-03,1.4476181362e-03,1.4476181362e-03,1.4476181362e-03,1.4476181362e-03,1.4476181363e-03,5.0002648799e-02,5.0002648798e-02,5.0002648799e-02,5.0002648798e-02,5.0002648800e-02,5.0002648798e-02,5.0002648798e-02,5.0002648798e-02,5.0002648799e-02,5.0002648799e-02,5.0002648800e-02,5.0002648797e-02,5.0002648800e-02,5.0002648798e-02,5.0002648798e-02,5.0002648799e-02,5.0002648798e-02,5.0002648800e-02,5.0002648797e-02,5.0002648799e-02,5.0002648798e-02,5.0002648800e-02,5.0002648798e-02,5.0002648799e-02,5.0002648798e-02,5.0002648799e-02,5.0002648799e-02,5.0002648799e-02,5.0002648798e-02,5.0002648799e-02,5.0002648799e-02,5.0002648799e-02,5.0002648799e-02,5.0002648799e-02,5.0002648799e-02,5.0002648799e-02,5.0002648799e-02,5.0002648799e-02,5.0002648799e-02,5.0002648799e-02,5.0002648799e-02,5.0002648799e-02,5.0002648799e-02,5.0002648799e-02,5.0002648799e-02,5.0002648799e-02,5.0002648799e-02,5.0002648799e-02,5.0002648799e-02,5.0002648799e-02,5.0002648799e-02,5.0002648799e-02,5.0002648799e-02,5.0002648799e-02,5.0002648799e-02,5.0002648799e-02,5.0002648799e-02,5.0002648799e-02,5.0002648799e-02,5.0002648799e-02,5.0002648799e-02,5.0002648799e-02,5.0002648799e-02,5.0002648799e-02,5.0002648799e-02,5.0002648799e-02,5.0002648799e-02,5.0002648799e-02,5.0002648799e-02,5.0002648799e-02,5.0002648799e-02,5.0002648799e-02,5.0002648799e-02,5.0002648799e-02,5.0002648799e-02,5.0002648799e-02,5.0002648799e-02,5.0002648799e-02,5.0002648799e-02,5.0002648799e-02,5.0002648799e-02,5.0002648798e-02,5.0002648799e-02,5.0002648799e-02,5.0002648798e-02,5.0002648799e-02,5.0002648798e-02,5.0002648799e-02,5.0002648798e-02,5.0002648799e-02,5.0002648798e-02,5.0002648799e-02,5.0002648799e-02,5.0002648798e-02,5.0002648799e-02,5.0002648799e-02,5.0002648799e-02,5.0002648799e-02,5.0002648798e-02,5.0002648799e-02,5.0002648798e-02,5.0002648799e-02
4.6776812435e+05,8.6000012174e-08,8.5862484943e-08,8.5725243067e-08,8.5588282725e-08,8.5451604697e-08,8.5315207834e-08,8.5179092178e-08,8.5043256138e-08,8.4907699829e-08,8.4772422609e-08,8.4637423873e-08,8.4502702578e-08,8.4368258824e-08,8.4234091433e-08,8.4100200540e-08,8.3966584927e-08,8.3833244519e-08,8.3700177655e-08,8.3567385327e-08,8.3434865825e-08,8.3302618773e-08,8.3170647095e-08,8.2974919008e-08,8.2684997677e-08,8.2256347599e-08,8.1624332292e-08,8.0696284267e-08,7.9341835708e-08,7.7382943769e-08,7.4587905686e-08,7.0679291257e-08,6.5374943789e-08,5.8491309618e-08,5.0134905693e-08,4.0952475954e-08,3.2254541010e-08,2.5641190430e-08,2.1986150787e-08,2.0688137557e-08,2.0426844099e-08,2.0399854659e-08,2.0398532976e-08,2.0398529945e-08,2.0398557324e-08,2.0398579478e-08,2.0398592673e-08,2.0398597886e-08,2.0398599095e-08,2.0398599244e-08,2.0398599253e-08,2.0398599253e-08,2.0398599161e-08,2.0398588409e-08,2.0398111192e-08,2.0388957897e-08,2.0307106911e-08,1.9933356617e-08,1.8945617195e-08,1.7199370884e-08,1.4861343074e-08,1.3076337852e-08,4.5284599532e-08,7.1347777585e-07,6.9227853916e-06,3.6504937278e-05,1.1707682335e-04,2.6012199263e-04,4.4738741131e-04,6.4613264029e-04,8.2882021543e-04,9.8096542833e-04,1.0993600679e-03,1.1872952834e-03,1.2505562318e-03,1.2950867187e-03,1.3259723043e-03,1.3471803431e-03,1.3616447268e-03,1.3714646967e-03,1.3781109860e-03,1.3825999456e-03,1.3856275941e-03,1.3886622624e-03,1.3917038986e-03,1.3947525077e-03,1.3978080914e-03,1.4008706476e-03,1.4039401701e-03,1.4070166472e-03,1.4101000608e-03,1.4131903849e-03,1.4162875843e-03,1.4193916127e-03,1.4225024100e-03,1.4256199002e-03,1.4287439883e-03,1.4318745558e-03,1.4350114569e-03,1.4381545123e-03,1.4413035020e-03,1.4444581551e-03,1.4476181362e-03,1.4476181362e-03,1.4476181362e-03,1.4476181362e-03,1.4476181362e-03,1.4476181362e-03,1.4476181362e-03,1.4476181363e-03,1.4476181362e-03,1.4476181362e-03,1.4476181362e-03,1.4476181362e-03,1.4476181362e-03,1.4476181362e-03,1.4476181362e-03,1.4476181362e-03,1.4476181362e-03,1.4476181362e-03,1.4476181362e-03,1.4476181362e-03,1.4476181362e-03,1.4476181362e-03,1.4476181362e-03,1.4476181362e-03,1.4476181362e-03,1.4476181362e-03,1.4476181362e-03,1.4476181362e-03,1.4476181362e-03,1.4476181362e-03,1.4476181362e-03,1.4476181362e-03,1.4476181362e-03,1.4476181362e-03,1.4476181362e-03,1.4476181362e-03,1.4476181362e-03,1.4476181362e-03,1.4476181362e-03,1.4476181362e-03,1.4476181362e-03,1.4476181362e-03,1.4476181362e-03,1.4476181362e-03,1.4476181362e-03,1.4476181362e-03,1.4476181362e-03,1.4476181362e-03,1.4476181362e-03,1.4476181362e-03,1.4476181362e-03,1.4476181362e-03,1.4476181362e-03,1.4476181362e-03,1.4476181362e-03,1.4476181362e-03,1.4476181362e-03,1.4476181362e-03,1.4476181362e-03,1.4476181362e-03,1.4476181362e-03,1.4476181362e-03,1.4476181362e-03,1.4476181362e-03,1.4476181362e-03,1.4476181362e-03,1.4476181362e-03,1.4476181362e-03,1.4476181362e-03,1.4476181362e-03,1.4476181362e-03,1.4476181362e-03,1.4476181362e-03,1.4476181362e-03,1.4476181362e-03,1.4476181362e-03,1.4476181362e-03,1.4476181362e-03,1.4476181362e-03,1.4476181362e-03,1.4476181362e-03,1.4476181362e-03,1.4476181362e-03,1.4476181362e-03,1.4476181362e-03,1.4476181362e-03,1.4476181362e-03,1.4476181362e-03,1.4476181362e-03,1.4476181362e-03,1.4476181362e-03,1.4476181362e-03,1.4476181362e-03,1.4476181362e-03,1.4476181362e-03,1.4476181362e-03,1.4476181362e-03,1.4476181362e-03,1.4476181362e-03,1.4476181362e-03,1.4476181362e-03,1.4476181362e-03,1.4476181362e-03,1.4476181362e-03,1.4476181362e-03,1.4476181362e-03,1.4476181362e-03,1.4476181362e-03,1.4476181362e-03,1.4476181362e-03,1.4476181362e-03,1.4476181362e-03,1.4476181362e-03,1.4476181362e-03,1.4476181362e-03,1.4476181362e-03,1.4476181362e-03,1.4476181362e-03,1.4476181362e-03,1.4476181362e-03,1.4476181362e-03,1.4476181362e-03,1.4476181362e-03,1.4476181362e-03,1.4476181362e-03,1.4476181362e-03,1.4476181362e-03,1.4476181362e-03,1.4476181362e-03,1.4476181362e-03,1.4476181362e-03,1.4476181362e-03,1.4476181362e-03,1.4476181362e-03,1.4476181362e-03,1.4476181362e-03,1.4476181362e-03,1.4476181362e-03,1.4476181362e-03,1.4476181362e-03,1.4476181362e-03,1.4476181362e-03,1.4476181362e-03,1.4476181362e-03,1.4476181362e-03,1.4476181362e-03,1.4476181362e-03,1.4476181362e-03,1.4476181362e-03,1.4476181362e-03,1.4476181362e-03,1.4476181362e-03,1.4476181362e-03,1.4476181362e-03,1.4476181362e-03,1.4476181362e-03,1.4476181362e-03,1.4476181362e-03,1.4476181362e-03,1.4476181362e-03,1.4476181362e-03,1.4476181362e-03,1.4476181362e-03,1.4476181362e-03,1.4476181362e-03,1.4476181362e-03,1.4476181362e-03,1.4476181362e-03,1.4476181362e-03,1.4476181362e-03,1.4476181362e-03,1.4476181362e-03,1.4476181362e-03,1.4476181362e-03,1.4476181362e-03,1.4476181362e-03,1.4476181362e-03,1.4476181362e-03,1.4476181362e-03,1.4476181362e-03,1.4476181362e-03,1.4476181362e-03,1.4476181362e-03,1.4476181362e-03,1.4476181362e-03,1.4476181362e-03,1.4476181362e-03,1.4476181362e-03,1.4476181362e-03,1.4476181362e-03,1.4476181362e-03,1.4476181362e-03,1.4476181362e-03,1.4476181362e-03,1.4476181362e-03,1.4476181362e-03,1.4476181362e-03,1.4476181362e-03,1.4476181362e-03,1.4476181362e-03,1.4476181362e-03,5.0002648799e-02,5.0002648799e-02,5.0002648798e-02,5.0002648799e-02,5.0002648798e-02,5.0002648799e-02,5.0002648798e-02,5.0002648798e-02,5.0002648800e-02,5.0002648798e-02,5.0002648799e-02,5.0002648799e-02,5.0002648800e-02,5.0002648796e-02,5.0002648799e-02,5.0002648801e-02,5.0002648799e-02,5.0002648797e-02,5.0002648798e-02,5.0002648798e-02,5.0002648800e-02,5.0002648798e-02,5.0002648799e-02,5.0002648799e-02,5.0002648798e-02,5.0002648799e-02,5.0002648798e-02,5.0002648799e-02,5.0002648798e-02,5.0002648799e-02,5.0002648799e-02,5.0002648799e-02,5.0002648799e-02,5.0002648799e-02,5.0002648799e-02,5.0002648799e-02,5.0002648799e-02,5.0002648799e-02,5.0002648799e-02,5.0002648799e-02,5.0002648799e-02,5.0002648799e-02,5.0002648799e-02,5.0002648799e-02,5.0002648799e-02,5.0002648799e-02,5.0002648799e-02,5.0002648799e-02,5.0002648799e-02,5.0002648799e-02,5.0002648799e-02,5.0002648799e-02,5.0002648799e-02,5.0002648799e-02,5.0002648799e-02,5.0002648799e-02,5.0002648799e-02,5.0002648799e-02,5.0002648799e-02,5.0002648799e-02,5.0002648799e-02,5.0002648799e-02,5.0002648799e-02,5.0002648799e-02,5.0002648799e-02,5.0002648799e-02,5.0002648799e-02,5.0002648799e-02,5.0002648799e-02,5.0002648799e-02,5.0002648799e-02,5.0002648799e-02,5.0002648799e-02,5.0002648799e-02,5.0002648799e-02,5.0002648799e-02,5.0002648799e-02,5.0002648799e-02,5.0002648799e-02,5.0002648798e-02,5.0002648799e-02,5.0002648798e-02,5.0002648799e-02,5.0002648799e-02,5.0002648799e-02,5.0002648799e-02,5.0002648798e-02,5.0002648798e-02,5.0002648799e-02,5.0002648799e-02,5.0002648798e-02,5.0002648799e-02,5.0002648799e-02,5.0002648799e-02,5.0002648799e-02,5.0002648798e-02,5.0002648799e-02,5.0002648799e-02,5.0002648798e-02,5.0002648798e-02,5.0002648799e-02,5.0002648799e-02
4.8676812435e+05,8.6000009453e-08,8.5862485247e-08,8.5725242923e-08,8.5588282506e-08,8.5451604899e-08,8.5315207967e-08,8.5179091784e-08,8.5043256138e-08,8.4907699964e-08,8.4772422735e-08,8.4637423713e-08,8.4502702731e-08,8.4368258747e-08,8.4234091695e-08,8.4100200571e-08,8.3966584707e-08,8.3833244510e-08,8.3700177825e-08,8.3567385325e-08,8.3434865485e-08,8.3302619103e-08,8.3170646989e-08,8.2974919058e-08,8.2684997705e-08,8.2256347542e-08,8.1624332265e-08,8.0696284339e-08,7.9341835675e-08,7.7382943780e-08,7.4587905688e-08,7.0679291264e-08,6.5374943790e-08,5.8491309623e-08,5.0134905696e-08,4.0952475960e-08,3.2254541018e-08,2.5641190418e-08,2.1986150784e-08,2.0688137556e-08,2.0426844106e-08,2.0399854657e-08,2.0398532975e-08,2.0398529945e-08,2.0398557325e-08,2.0398579478e-08,2.0398592672e-08,2.0398597886e-08,2.0398599095e-08,2.0398599244e-08,2.0398599253e-08,2.0398599253e-08,2.0398599161e-08,2.0398588409e-08,2.0398111192e-08,2.0388957897e-08,2.0307106911e-08,1.9933356616e-08,1.8945617196e-08,1.7199370884e-08,1.4861343067e-08,1.3076337858e-08,4.5284599539e-08,7.1347777586e-07,6.9227853917e-06,3.6504937279e-05,1.1707682335e-04,2.6012199264e-04,4.4738741132e-04,6.4613264029e-04,8.2882021543e-04,9.8096542833e-04,1.0993600679e-03,1.1872952834e-03,1.2505562318e-03,1.2950867187e-03,1.3259723043e-03,1.3471803431e-03,1.3616447268e-03,1.3714646967e-03,1.3781109860e-03,1.3825999456e-03,1.3856275941e-03,1.3886622624e-03,1.3917038987e-03,1.3947525077e-03,1.3978080914e-03,1.4008706476e-03,1.4039401701e-03,1.4070166472e-03,1.4101000608e-03,1.4131903849e-03,1.4162875843e-03,1.4193916127e-03,1.4225024100e-03,1.4256199002e-03,1.4287439883e-03,1.4318745558e-03,1.4350114569e-03,1.4381545123e-03,1.4413035020e-03,1.4444581551e-03,1.4476181362e-03,1.4476181362e-03,1.4476181362e-03,1.4476181362e-03,1.4476181362e-03,1.4476181362e-03,1.4476181363e-03,1.4476181362e-03,1.4476181362e-03,1.4476181362e-03,1.4476181362e-03,1.4476181363e-03,1.4476181362e-03,1.4476181362e-03,1.4476181362e-03,1.4476181362e-03,1.4476181362e-03,1.4476181362e-03,1.4476181362e-03,1.4476181362e-03,1.4476181362e-03,1.4476181362e-03,1.4476181362e-03,1.4476181362e-03,1.4476181363e-03,1.4476181362e-03,1.4476181362e-03,1.4476181362e-03,1.4476181362e-03,1.4476181362e-03,1.4476181362e-03,1.4476181362e-03,1.4476181362e-03,1.4476181362e-03,1.4476181362e-03,1.4476181362e-03,1.4476181362e-03,1.4476181362e-03,1.4476181362e-03,1.4476181362e-03,1.4476181362e-03,1.4476181362e-03,1.4476181362e-03,1.4476181362e-03,1.4476181362e-03,1.4476181362e-03,1.4476181362e-03,1.4476181362e-03,1.4476181362e-03,1.4476181362e-03,1.4476181362e-03,1.4476181362e-03,1.4476181362e-03,1.4476181362e-03,1.4476181362e-03,1.4476181362e-03,1.4476181362e-03,1.4476181362e-03,1.4476181362e-03,1.4476181362e-03,1.4476181362e-03,1.4476181362e-03,1.4476181362e-03,1.4476181362e-03,1.4476181362e-03,1.4476181362e-03,1.4476181362e-03,1.4476181362e-03,1.4476181362e-03,1.4476181362e-03,1.4476181362e-03,1.4476181362e-03,1.4476181362e-03,1.4476181362e-03,1.4476181362e-03,1.4476181362e-03,1.4476181362e-03,1.4476181362e-03,1.4476181362e-03,1.4476181362e-03,1.4476181362e-03,1.4476181362e-03,1.4476181362e-03,1.4476181362e-03,1.4476181362e-03,1.4476181362e-03,1.4476181362e-03,1.4476181362e-03,1.4476181362e-03,1.4476181362e-03,1.4476181362e-03,1.4476181362e-03,1.4476181362e-03,1.4476181362e-03,1.4476181362e-03,1.4476181362e-03,1.4476181362e-03,1.4476181362e-03,1.4476181362e-03,1.4476181362e-03,1.4476181362e-03,1.4476181362e-03,1.4476181362e-03,1.4476181362e-03,1.4476181362e-03,1.4476181362e-03,1.4476181362e-03,1.4476181362e-03,1.4476181362e-03,1.4476181362e-03,1.4476181362e-03,1.4476181362e-03,1.4476181362e-03,1.4476181362e-03,1.4476181362e-03,1.4476181362e-03,1.4476181362e-03,1.4476181362e-03,1.4476181362e-03,1.4476181362e-03,1.4476181362e-03,1.4476181362e-03,1.4476181362e-03,1.4476181362e-03,1.4476181362e-03,1.4476181362e-03,1.4476181362e-03,1.4476181362e-03,1.4476181362e-03,1.4476181362e-03,1.4476181362e-03,1.4476181362e-03,1.4476181362e-03,1.4476181362e-03,1.4476181362e-03,1.4476181362e-03,1.4476181362e-03,1.4476181362e-03,1.4476181362e-03,1.4476181362e-03,1.4476181362e-03,1.4476181362e-03,1.4476181362e-03,1.4476181362e-03,1.4476181362e-03,1.4476181362e-03,1.4476181362e-03,1.4476181362e-03,1.4476181362e-03,1.4476181362e-03,1.4476181362e-03,1.4476181362e-03,1.4476181362e-03,1.4476181362e-03,1.4476181362e-03,1.4476181362e-03,1.4476181362e-03,1.4476181362e-03,1.4476181362e-03,1.4476181362e-03,1.4476181362e-03,1.4476181362e-03,1.4476181362e-03,1.4476181362e-03,1.4476181362e-03,1.4476181362e-03,1.4476181362e-03,1.4476181362e-03,1.4476181362e-03,1.4476181362e-03,1.4476181362e-03,1.4476181362e-03,1.4476181362e-03,1.4476181362e-03,1.4476181362e-03,1.4476181362e-03,1.4476181362e-03,1.4476181362e-03,1.4476181362e-03,1.4476181362e-03,1.4476181362e-03,1.4476181362e-03,1.4476181362e-03,1.4476181362e-03,1.4476181362e-03,1.4476181362e-03,1.4476181362e-03,1.4476181362e-03,1.4476181362e-03,1.4476181362e-03,1.4476181362e-03,1.4476181362e-03,1.4476181362e-03,1.4476181362e-03,1.4476181362e-03,1.4476181362e-03,1.4476181362e-03,1.4476181362e-03,1.4476181362e-03,1.4476181362e-03,1.4476181363e-03,5.0002648799e-02,5.0002648799e-02,5.0002648798e-02,5.0002648799e-02,5.0002648799e-02,5.0002648798e-02,5.0002648798e-02,5.0002648798e-02,5.0002648800e-02,5.0002648798e-02,5.0002648799e-02,5.0002648799e-02,5.0002648799e-02,5.0002648796e-02,5.0002648801e-02,5.0002648799e-02,5.0002648798e-02,5.0002648797e-02,5.0002648799e-02,5.0002648798e-02,5.0002648799e-02,5.0002648799e-02,5.0002648799e-02,5.0002648798e-02,5.0002648799e-02,5.0002648798e-02,5.0002648799e-02,5.0002648799e-02,5.0002648798e-02,5.0002648799e-02,5.0002648799e-02,5.0002648799e-02,5.0002648799e-02,5.0002648799e-02,5.0002648799e-02,5.0002648799e-02,5.0002648799e-02,5.0002648799e-02,5.0002648799e-02,5.0002648799e-02,5.0002648799e-02,5.0002648799e-02,5.0002648799e-02,5.0002648799e-02,5.0002648799e-02,5.0002648799e-02,5.0002648799e-02,5.0002648799e-02,5.0002648799e-02,5.0002648799e-02,5.0002648799e-02,5.0002648799e-02,5.0002648799e-02,5.0002648799e-02,5.0002648799e-02,5.0002648799e-02,5.0002648799e-02,5.0002648799e-02,5.0002648799e-02,5.0002648799e-02,5.0002648799e-02,5.0002648799e-02,5.0002648799e-02,5.0002648799e-02,5.0002648799e-02,5.0002648799e-02,5.0002648799e-02,5.0002648799e-02,5.0002648799e-02,5.0002648799e-02,5.0002648799e-02,5.0002648799e-02,5.0002648799e-02,5.0002648799e-02,5.0002648799e-02,5.0002648799e-02,5.0002648799e-02,5.0002648798e-02,5.0002648799e-02,5.0002648799e-02,5.0002648799e-02,5.0002648798e-02,5.0002648799e-02,5.0002648798e-02,5.0002648799e-02,5.0002648798e-02,5.0002648799e-02,5.0002648799e-02,5.0002648799e-02,5.0002648798e-02,5.0002648799e-02,5.0002648798e-02,5.0002648798e-02,5.0002648798e-02,5.0002648799e-02,5.0002648799e-02,5.0002648798e-02,5.0002648799e-02,5.0002648798e-02,5.0002648798e-02,5.0002648799e-02,5.0002648799e-02
5.0576812435e+05,8.6000010759e-08,8.5862485065e-08,8.5725242785e-08,8.5588283002e-08,8.5451604555e-08,8.5315207894e-08,8.5179092185e-08,8.5043255939e-08,8.4907699917e-08,8.4772422689e-08,8.4637423635e-08,8.4502702822e-08,8.4368258950e-08,8.4234091408e-08,8.4100200583e-08,8.3966584997e-08,8.3833244168e-08,8.3700178092e-08,8.3567384936e-08,8.3434865964e-08,8.3302618982e-08,8.3170646937e-08,8.2974919140e-08,8.2684997605e-08,8.2256347631e-08,8.1624332248e-08,8.0696284311e-08,7.9341835717e-08,7.7382943771e-08,7.4587905692e-08,7.0679291260e-08,6.5374943797e-08,5.8491309621e-08,5.0134905695e-08,4.0952475957e-08,3.2254541013e-08,2.5641190432e-08,2.1986150789e-08,2.0688137558e-08,2.0426844103e-08,2.0399854656e-08,2.0398532974e-08,2.0398529944e-08,2.0398557324e-08,2.0398579479e-08,2.0398592672e-08,2.0398597886e-08,2.0398599096e-08,2.0398599244e-08,2.0398599253e-08,2.0398599253e-08,2.0398599161e-08,2.0398588409e-08,2.0398111193e-08,2.0388957897e-08,2.0307106911e-08,1.9933356617e-08,1.8945617195e-08,1.7199370884e-08,1.4861343072e-08,1.3076337853e-08,4.5284599532e-08,7.1347777585e-07,6.9227853917e-06,3.6504937279e-05,1.1707682335e-04,2.6012199263e-04,4.4738741131e-04,6.4613264029e-04,8.2882021543e-04,9.8096542833e-04,1.0993600679e-03,1.1872952834e-03,1.2505562318e-03,1.2950867187e-03,1.3259723043e-03,1.3471803431e-03,1.3616447268e-03,1.3714646967e-03,1.3781109860e-03,1.3825999456e-03,1.3856275941e-03,1.3886622624e-03,1.3917038987e-03,1.3947525077e-03,1.3978080914e-03,1.4008706476e-03,1.4039401701e-03,1.4070166472e-03,1.4101000608e-03,1.4131903849e-03,1.4162875844e-03,1.4193916127e-03,1.4225024100e-03,1.4256199002e-03,1.4287439883e-03,1.4318745558e-03,1.4350114569e-03,1.4381545123e-03,1.4413035020e-03,1.4444581551e-03,1.4476181362e-03,1.4476181362e-03,1.4476181362e-03,1.4476181362e-03,1.4476181362e-03,1.4476181362e-03,1.4476181362e-03,1.4476181362e-03,1.4476181362e-03,1.4476181363e-03,1.4476181362e-03,1.4476181362e-03,1.4476181362e-03,1.4476181362e-03,1.4476181362e-03,1.4476181362e-03,1.4476181362e-03,1.4476181362e-03,1.4476181362e-03,1.4476181362e-03,1.4476181362e-03,1.4476181362e-03,1.4476181363e-03,1.4476181362e-03,1.4476181362e-03,1.4476181362e-03,1.4476181362e-03,1.4476181362e-03,1.4476181362e-03,1.4476181362e-03,1.4476181362e-03,1.4476181362e-03,1.4476181362e-03,1.4476181362e-03,1.4476181362e-03,1.4476181362e-03,1.4476181362e-03,1.4476181362e-03,1.4476181362e-03,1.4476181362e-03,1.4476181362e-03,1.4476181362e-03,1.4476181362e-03,1.4476181362e-03,1.4476181362e-03,1.4476181362e-03,1.4476181362e-03,1.4476181362e-03,1.4476181362e-03,1.4476181362e-03,1.4476181362e-03,1.4476181362e-03,1.4476181362e-03,1.4476181362e-03,1.4476181362e-03,1.4476181362e-03,1.4476181362e-03,1.4476181362e-03,1.4476181362e-03,1.4476181362e-03,1.4476181362e-03,1.4476181362e-03,1.4476181362e-03,1.4476181362e-03,1.4476181362e-03,1.4476181362e-03,1.4476181362e-03,1.4476181362e-03,1.4476181362e-03,1.4476181362e-03,1.4476181362e-03,1.4476181362e-03,1.4476181362e-03,1.4476181362e-03,1.4476181362e-03,1.4476181362e-03,1.4476181362e-03,1.4476181362e-03,1.4476181362e-03,1.4476181362e-03,1.4476181362e-03,1.4476181362e-03,1.4476181362e-03,1.4476181362e-03,1.4476181362e-03,1.4476181362e-03,1.4476181362e-03,1.4476181362e-03,1.4476181362e-03,1.4476181362e-03,1.4476181362e-03,1.4476181362e-03,1.4476181362e-03,1.4476181362e-03,1.4476181362e-03,1.4476181362e-03,1.4476181362e-03,1.4476181362e-03,1.4476181362e-03,1.4476181362e-03,1.4476181362e-03,1.4476181362e-03,1.4476181362e-03,1.4476181362e-03,1.4476181362e-03,1.4476181362e-03,1.4476181362e-03,1.4476181362e-03,1.4476181362e-03,1.4476181362e-03,1.4476181362e-03,1.4476181362e-03,1.4476181362e-03,1.4476181362e-03,1.4476181362e-03,1.4476181362e-03,1.4476181362e-03,1.4476181362e-03,1.4476181362e-03,1.4476181362e-03,1.4476181362e-03,1.4476181362e-03,1.4476181362e-03,1.4476181362e-03,1.4476181362e-03,1.4476181362e-03,1.4476181362e-03,1.4476181362e-03,1.4476181362e-03,1.4476181362e-03,1.4476181362e-03,1.4476181362e-03,1.4476181362e-03,1.4476181362e-03,1.4476181362e-03,1.4476181362e-03,1.4476181362e-03,1.4476181362e-03,1.4476181362e-03,1.4476181362e-03,1.4476181362e-03,1.4476181362e-03,1.4476181362e-03,1.4476181362e-03,1.4476181362e-03,1.4476181362e-03,1.4476181362e-03,1.4476181362e-03,1.4476181362e-03,1.4476181362e-03,1.4476181362e-03,1.4476181362e-03,1.4476181362e-03,1.4476181362e-03,1.4476181362e-03,1.4476181362e-03,1.4476181362e-03,1.4476181362e-03,1.4476181362e-03,1.4476181362e-03,1.4476181362e-03,1.4476181362e-03,1.4476181362e-03,1.4476181362e-03,1.4476181362e-03,1.4476181362e-03,1.4476181362e-03,1.4476181362e-03,1.4476181362e-03,1.4476181362e-03,1.4476181362e-03,1.4476181362e-03,1.4476181362e-03,1.4476181362e-03,1.4476181362e-03,1.4476181362e-03,1.4476181362e-03,1.4476181362e-03,1.4476181362e-03,1.4476181362e-03,1.4476181362e-03,1.4476181362e-03,1.4476181362e-03,1.4476181362e-03,1.4476181362e-03,1.4476181362e-03,1.4476181362e-03,1.4476181362e-03,1.4476181362e-03,1.4476181362e-03,1.4476181362e-03,1.4476181362e-03,1.4476181362e-03,1.4476181362e-03,1.4476181362e-03,1.4476181362e-03,1.4476181362e-03,1.4476181362e-03,1.4476181362e-03,1.4476181363e-03,1.4476181362e-03,5.0002648799e-02,5.0002648799e-02,5.0002648799e-02,5.0002648799e-02,5.0002648797e-02,5.0002648800e-02,5.0002648800e-02,5.0002648796e-02,5.0002648799e-02,5.0002648799e-02,5.0002648800e-02,5.0002648797e-02,5.0002648799e-02,5.0002648801e-02,5.0002648797e-02,5.0002648799e-02,5.0002648798e-02,5.0002648800e-02,5.0002648798e-02,5.0002648798e-02,5.0002648799e-02,5.0002648798e-02,5.0002648799e-02,5.0002648798e-02,5.0002648799e-02,5.0002648798e-02,5.0002648799e-02,5.0002648798e-02,5.0002648799e-02,5.0002648799e-02,5.0002648799e-02,5.0002648799e-02,5.0002648799e-02,5.0002648799e-02,5.0002648799e-02,5.0002648799e-02,5.0002648799e-02,5.0002648799e-02,5.0002648799e-02,5.0002648799e-02,5.0002648799e-02,5.0002648799e-02,5.0002648799e-02,5.0002648799e-02,5.0002648799e-02,5.0002648799e-02,5.0002648799e-02,5.0002648799e-02,5.0002648799e-02,5.0002648799e-02,5.0002648799e-02,5.0002648799e-02,5.0002648799e-02,5.0002648799e-02,5.0002648799e-02,5.0002648799e-02,5.0002648799e-02,5.0002648799e-02,5.0002648799e-02,5.0002648799e-02,5.0002648799e-02,5.0002648799e-02,5.0002648799e-02,5.0002648799e-02,5.0002648799e-02,5.0002648799e-02,5.0002648799e-02,5.0002648799e-02,5.0002648799e-02,5.0002648799e-02,5.0002648799e-02,5.0002648799e-02,5.0002648799e-02,5.0002648799e-02,5.0002648799e-02,5.0002648799e-02,5.0002648799e-02,5.0002648799e-02,5.0002648799e-02,5.0002648799e-02,5.0002648799e-02,5.0002648798e-02,5.0002648799e-02,5.0002648798e-02,5.0002648799e-02,5.0002648799e-02,5.0002648798e-02,5.0002648799e-02,5.0002648798e-02,5.0002648799e-02,5.0002648799e-02,5.0002648798e-02,5.0002648799e-02,5.0002648799e-02,5.0002648799e-02,5.0002648799e-02,5.0002648798e-02,5.0002648799e-02,5.0002648798e-02,5.0002648799e-02,5.0002648799e-02,5.0002648799e-02
5.2376812435e+05,8.6000012698e-08,8.5862485288e-08,8.5725242655e-08,8.5588282690e-08,8.5451604893e-08,8.5315207845e-08,8.5179092186e-08,8.5043256118e-08,8.4907700007e-08,8.4772422617e-08,8.4637423620e-08,8.4502702676e-08,8.4368258918e-08,8.4234091534e-08,8.4100200547e-08,8.3966584749e-08,8.3833244484e-08,8.3700177860e-08,8.3567385066e-08,8.3434865816e-08,8.3302618948e-08,8.3170646879e-08,8.2974919154e-08,8.2684997734e-08,8.2256347580e-08,8.1624332266e-08,8.0696284308e-08,7.9341835686e-08,7.7382943793e-08,7.4587905689e-08,7.0679291261e-08,6.5374943797e-08,5.8491309619e-08,5.0134905698e-08,4.0952475958e-08,3.2254541017e-08,2.5641190433e-08,2.1986150787e-08,2.0688137555e-08,2.0426844101e-08,2.0399854659e-08,2.0398532973e-08,2.0398529946e-08,2.0398557325e-08,2.0398579478e-08,2.0398592672e-08,2.0398597886e-08,2.0398599095e-08,2.0398599244e-08,2.0398599253e-08,2.0398599253e-08,2.0398599161e-08,2.0398588409e-08,2.0398111193e-08,2.0388957897e-08,2.0307106911e-08,1.9933356616e-08,1.8945617195e-08,1.7199370883e-08,1.4861343069e-08,1.3076337856e-08,4.5284599537e-08,7.1347777585e-07,6.9227853916e-06,3.6504937278e-05,1.1707682335e-04,2.6012199263e-04,4.4738741131e-04,6.4613264028e-04,8.2882021543e-04,9.8096542833e-04,1.0993600679e-03,1.1872952834e-03,1.2505562318e-03,1.2950867187e-03,1.3259723043e-03,1.3471803431e-03,1.3616447268e-03,1.3714646967e-03,1.3781109860e-03,1.3825999456e-03,1.3856275941e-03,1.3886622624e-03,1.3917038987e-03,1.3947525077e-03,1.3978080914e-03,1.4008706476e-03,1.4039401701e-03,1.4070166472e-03,1.4101000608e-03,1.4131903849e-03,1.4162875844e-03,1.4193916127e-03,1.4225024100e-03,1.4256199002e-03,1.4287439883e-03,1.4318745558e-03,1.4350114569e-03,1.4381545123e-03,1.4413035020e-03,1.4444581551e-03,1.4476181362e-03,1.4476181362e-03,1.4476181362e-03,1.4476181362e-03,1.4476181362e-03,1.4476181362e-03,1.4476181362e-03,1.4476181363e-03,1.4476181363e-03,1.4476181362e-03,1.4476181362e-03,1.4476181362e-03,1.4476181363e-03,1.4476181362e-03,1.4476181363e-03,1.4476181362e-03,1.4476181362e-03,1.4476181362e-03,1.4476181362e-03,1.4476181363e-03,1.4476181362e-03,1.4476181362e-03,1.4476181362e-03,1.4476181362e-03,1.4476181363e-03,1.4476181362e-03,1.4476181362e-03,1.4476181362e-03,1.4476181362e-03,1.4476181362e-03,1.4476181362e-03,1.4476181362e-03,1.4476181362e-03,1.4476181362e-03,1.4476181362e-03,1.4476181362e-03,1.4476181362e-03,1.4476181362e-03,1.4476181362e-03,1.4476181362e-03,1.4476181362e-03,1.4476181362e-03,1.4476181362e-03,1.4476181362e-03,1.4476181362e-03,1.4476181362e-03,1.4476181362e-03,1.4476181362e-03,1.4476181362e-03,1.4476181362e-03,1.4476181362e-03,1.4476181362e-03,1.4476181362e-03,1.4476181362e-03,1.4476181362e-03,1.4476181362e-03,1.4476181362e-03,1.4476181362e-03,1.4476181362e-03,1.4476181362e-03,1.4476181362e-03,1.4476181362e-03,1.4476181362e-03,1.4476181362e-03,1.4476181362e-03,1.4476181362e-03,1.4476181362e-03,1.4476181362e-03,1.4476181362e-03,1.4476181362e-03,1.4476181362e-03,1.4476181362e-03,1.4476181362e-03,1.4476181362e-03,1.4476181362e-03,1.4476181362e-03,1.4476181362e-03,1.4476181362e-03,1.4476181362e-03,1.4476181362e-03,1.4476181362e-03,1.4476181362e-03,1.4476181362e-03,1.4476181362e-03,1.4476181362e-03,1.4476181362e-03,1.4476181362e-03,1.4476181362e-03,1.4476181362e-03,1.4476181362e-03,1.4476181362e-03,1.4476181362e-03,1.4476181362e-03,1.4476181362e-03,1.4476181362e-03,1.4476181362e-03,1.4476181362e-03,1.4476181362e-03,1.4476181362e-03,1.4476181362e-03,1.4476181362e-03,1.4476181362e-03,1.4476181362e-03,1.4476181362e-03,1.4476181362e-03,1.4476181362e-03,1.4476181362e-03,1.4476181362e-03,1.4476181362e-03,1.4476181362e-03,1.4476181362e-03,1.4476181362e-03,1.4476181362e-03,1.4476181362e-03,1.4476181362e-03,1.4476181362e-03,1.4476181362e-03,1.4476181362e-03,1.4476181362e-03,1.4476181362e-03,1.4476181362e-03,1.4476181362e-03,1.4476181362e-03,1.4476181362e-03,1.4476181362e-03,1.4476181362e-03,1.4476181362e-03,1.4476181362e-03,1.4476181362e-03,1.4476181362e-03,1.4476181362e-03,1.4476181362e-03,1.4476181362e-03,1.4476181362e-03,1.4476181362e-03,1.4476181362e-03,1.4476181362e-03,1.4476181362e-03,1.4476181362e-03,1.4476181362e-03,1.4476181362e-03,1.4476181362e-03,1.4476181362e-03,1.4476181362e-03,1.4476181362e-03,1.4476181362e-03,1.4476181362e-03,1.4476181362e-03,1.4476181362e-03,1.4476181362e-03,1.4476181362e-03,1.4476181362e-03,1.4476181362e-03,1.4476181362e-03,1.4476181362e-03,1.4476181362e-03,1.4476181362e-03,1.4476181362e-03,1.4476181362e-03,1.4476181362e-03,1.4476181362e-03,1.4476181362e-03,1.4476181362e-03,1.4476181362e-03,1.4476181362e-03,1.4476181362e-03,1.4476181362e-03,1.4476181362e-03,1.4476181362e-03,1.4476181362e-03,1.4476181362e-03,1.4476181362e-03,1.4476181362e-03,1.4476181362e-03,1.4476181362e-03,1.4476181362e-03,1.4476181362e-03,1.4476181362e-03,1.4476181362e-03,1.4476181362e-03,1.4476181362e-03,1.4476181362e-03,1.4476181362e-03,1.4476181362e-03,1.4476181362e-03,1.4476181362e-03,1.4476181362e-03,1.4476181362e-03,1.4476181362e-03,1.4476181362e-03,1.4476181362e-03,1.4476181362e-03,1.4476181362e-03,1.4476181362e-03,1.4476181362e-03,1.4476181362e-03,1.4476181362e-03,1.4476181362e-03,1.4476181362e-03,1.4476181362e-03,1.4476181363e-03,5.0002648799e-02,5.0002648798e-02,5.0002648798e-02,5.0002648798e-02,5.0002648799e-02,5.0002648800e-02,5.0002648798e-02,5.0002648798e-02,5.0002648799e-02,5.0002648799e-02,5.0002648797e-02,5.0002648800e-02,5.0002648798e-02,5.0002648797e-02,5.0002648799e-02,5.0002648801e-02,5.0002648797e-02,5.0002648800e-02,5.0002648797e-02,5.0002648799e-02,5.0002648799e-02,5.0002648798e-02,5.0002648798e-02,5.0002648799e-02,5.0002648799e-02,5.0002648799e-02,5.0002648798e-02,5.0002648799e-02,5.0002648799e-02,5.0002648798e-02,5.0002648799e-02,5.0002648799e-02,5.0002648799e-02,5.0002648799e-02,5.0002648799e-02,5.0002648799e-02,5.0002648799e-02,5.0002648799e-02,5.0002648799e-02,5.0002648799e-02,5.0002648799e-02,5.0002648799e-02,5.0002648799e-02,5.0002648799e-02,5.0002648799e-02,5.0002648799e-02,5.0002648799e-02,5.0002648799e-02,5.0002648799e-02,5.0002648799e-02,5.0002648799e-02,5.0002648799e-02,5.0002648799e-02,5.0002648799e-02,5.0002648799e-02,5.0002648799e-02,5.0002648799e-02,5.0002648799e-02,5.0002648799e-02,5.0002648799e-02,5.0002648799e-02,5.0002648799e-02,5.0002648799e-02,5.0002648799e-02,5.0002648799e-02,5.0002648799e-02,5.0002648799e-02,5.0002648799e-02,5.0002648799e-02,5.0002648799e-02,5.0002648799e-02,5.0002648799e-02,5.0002648799e-02,5.0002648799e-02,5.0002648799e-02,5.0002648799e-02,5.0002648798e-02,5.0002648799e-02,5.0002648799e-02,5.0002648799e-02,5.0002648799e-02,5.0002648798e-02,5.0002648799e-02,5.0002648798e-02,5.0002648798e-02,5.0002648799e-02,5.0002648799e-02,5.0002648799e-02,5.0002648798e-02,5.0002648798e-02,5.0002648799e-02,5.0002648798e-02,5.0002648798e-02,5.0002648799e-02,5.0002648799e-02,5.0002648798e-02,5.0002648799e-02,5.0002648798e-02,5.0002648799e-02,5.0002648799e-02,5.0002648799e-02,5.0002648799e-02
5.4276812435e+05,8.6000009210e-08,8.5862485293e-08,8.5725242915e-08,8.5588282685e-08,8.5451604681e-08,8.5315208345e-08,8.5179091699e-08,8.5043256106e-08,8.4907699977e-08,8.4772422849e-08,8.4637423573e-08,8.4502702701e-08,8.4368258751e-08,8.4234091553e-08,8.4100200729e-08,8.3966585012e-08,8.3833244066e-08,8.3700177779e-08,8.3567385254e-08,8.3434865881e-08,8.3302619148e-08,8.3170646700e-08,8.2974919259e-08,8.2684997624e-08,8.2256347564e-08,8.1624332280e-08,8.0696284313e-08,7.9341835688e-08,7.7382943778e-08,7.4587905699e-08,7.0679291268e-08,6.5374943790e-08,5.8491309625e-08,5.0134905695e-08,4.0952475956e-08,3.2254541013e-08,2.5641190422e-08,2.1986150789e-08,2.0688137556e-08,2.0426844103e-08,2.0399854658e-08,2.0398532974e-08,2.0398529944e-08,2.0398557326e-08,2.0398579478e-08,2.0398592672e-08,2.0398597886e-08,2.0398599095e-08,2.0398599244e-08,2.0398599253e-08,2.0398599253e-08,2.0398599161e-08,2.0398588409e-08,2.0398111192e-08,2.0388957897e-08,2.0307106911e-08,1.9933356617e-08,1.8945617195e-08,1.7199370883e-08,1.4861343070e-08,1.3076337854e-08,4.5284599538e-08,7.1347777584e-07,6.9227853915e-06,3.6504937278e-05,1.1707682335e-04,2.6012199263e-04,4.4738741131e-04,6.4613264028e-04,8.2882021543e-04,9.8096542833e-04,1.0993600679e-03,1.1872952834e-03,1.2505562318e-03,1.2950867187e-03,1.3259723043e-03,1.3471803431e-03,1.3616447268e-03,1.3714646967e-03,1.3781109860e-03,1.3825999456e-03,1.3856275941e-03,1.3886622624e-03,1.3917038987e-03,1.3947525077e-03,1.3978080914e-03,1.4008706476e-03,1.4039401701e-03,1.4070166472e-03,1.4101000608e-03,1.4131903849e-03,1.4162875844e-03,1.4193916127e-03,1.4225024100e-03,1.4256199002e-03,1.4287439883e-03,1.4318745558e-03,1.4350114569e-03,1.4381545123e-03,1.4413035020e-03,1.4444581551e-03,1.4476181362e-03,1.4476181362e-03,1.4476181362e-03,1.4476181362e-03,1.4476181362e-03,1.4476181362e-03,1.4476181362e-03,1.4476181362e-03,1.4476181362e-03,1.4476181362e-03,1.4476181363e-03,1.4476181362e-03,1.4476181362e-03,1.4476181362e-03,1.4476181362e-03,1.4476181362e-03,1.4476181362e-03,1.4476181362e-03,1.4476181362e-03,1.4476181362e-03,1.4476181363e-03,1.4476181362e-03,1.4476181363e-03,1.4476181362e-03,1.4476181362e-03,1.4476181362e-03,1.4476181362e-03,1.4476181362e-03,1.4476181362e-03,1.4476181362e-03,1.4476181362e-03,1.4476181362e-03,1.4476181362e-03,1.4476181362e-03,1.4476181362e-03,1.4476181362e-03,1.4476181362e-03,1.4476181362e-03,1.4476181362e-03,1.4476181362e-03,1.4476181362e-03,1.4476181362e-03,1.4476181362e-03,1.4476181362e-03,1.4476181362e-03,1.4476181362e-03,1.4476181362e-03,1.4476181362e-03,1.4476181362e-03,1.4476181362e-03,1.4476181362e-03,1.4476181362e-03,1.4476181362e-03,1.4476181362e-03,1.4476181362e-03,1.4476181362e-03,1.4476181362e-03,1.4476181362e-03,1.4476181362e-03,1.4476181362e-03,1.4476181362e-03,1.4476181362e-03,1.4476181362e-03,1.4476181362e-03,1.4476181362e-03,1.4476181362e-03,1.4476181362e-03,1.4476181362e-03,1.4476181362e-03,1.4476181362e-03,1.4476181362e-03,1.4476181362e-03,1.4476181362e-03,1.4476181362e-03,1.4476181362e-03,1.4476181362e-03,1.4476181362e-03,1.4476181362e-03,1.4476181362e-03,1.4476181362e-03,1.4476181362e-03,1.4476181362e-03,1.4476181362e-03,1.4476181362e-03,1.4476181362e-03,1.4476181362e-03,1.4476181362e-03,1.4476181362e-03,1.4476181362e-03,1.4476181362e-03,1.4476181362e-03,1.4476181362e-03,1.4476181362e-03,1.4476181362e-03,1.4476181362e-03,1.4476181362e-03,1.4476181362e-03,1.4476181362e-03,1.4476181362e-03,1.4476181362e-03,1.4476181362e-03,1.4476181362e-03,1.4476181362e-03,1.4476181362e-03,1.4476181362e-03,1.4476181362e-03,1.4476181362e-03,1.4476181362e-03,1.4476181362e-03,1.4476181362e-03,1.4476181362e-03,1.4476181362e-03,1.4476181362e-03,1.4476181362e-03,1.4476181362e-03,1.4476181362e-03,1.4476181362e-03,1.4476181362e-03,1.4476181362e-03,1.4476181362e-03,1.4476181362e-03,1.4476181362e-03,1.4476181362e-03,1.4476181362e-03,1.4476181362e-03,1.4476181362e-03,1.4476181362e-03,1.4476181362e-03,1.4476181362e-03,1.4476181362e-03,1.4476181362e-03,1.4476181362e-03,1.4476181362e-03,1.4476181362e-03,1.4476181362e-03,1.4476181362e-03,1.4476181362e-03,1.4476181362e-03,1.4476181362e-03,1.4476181362e-03,1.4476181362e-03,1.4476181362e-03,1.4476181362e-03,1.4476181362e-03,1.4476181362e-03,1.4476181362e-03,1.4476181362e-03,1.4476181362e-03,1.4476181362e-03,1.4476181362e-03,1.4476181362e-03,1.4476181362e-03,1.4476181362e-03,1.4476181362e-03,1.4476181362e-03,1.4476181362e-03,1.4476181362e-03,1.4476181362e-03,1.4476181362e-03,1.4476181362e-03,1.4476181362e-03,1.4476181362e-03,1.4476181362e-03,1.4476181362e-03,1.4476181362e-03,1.4476181362e-03,1.4476181362e-03,1.4476181362e-03,1.4476181362e-03,1.4476181362e-03,1.4476181362e-03,1.4476181362e-03,1.4476181362e-03,1.4476181362e-03,1.4476181362e-03,1.4476181362e-03,1.4476181362e-03,1.4476181362e-03,1.4476181362e-03,1.4476181362e-03,1.4476181362e-03,1.4476181362e-03,1.4476181362e-03,1.4476181362e-03,1.4476181362e-03,1.4476181362e-03,1.4476181362e-03,1.4476181362e-03,1.4476181362e-03,1.4476181362e-03,1.4476181362e-03,1.4476181362e-03,1.4476181362e-03,1.4476181362e-03,1.4476181362e-03,1.4476181363e-03,1.4476181362e-03,1.4476181362e-03,1.4476181362e-03,1.4476181362e-03,1.4476181362e-03,5.0002648799e-02,5.0002648799e-02,5.0002648799e-02,5.0002648798e-02,5.0002648800e-02,5.0002648796e-02,5.0002648799e-02,5.0002648799e-02,5.0002648798e-02,5.0002648799e-02,5.0002648799e-02,5.0002648798e-02,5.0002648799e-02,5.0002648798e-02,5.0002648797e-02,5.0002648801e-02,5.0002648798e-02,5.0002648798e-02,5.0002648799e-02,5.0002648799e-02,5.0002648799e-02,5.0002648797e-02,5.0002648799e-02,5.0002648798e-02,5.0002648798e-02,5.0002648799e-02,5.0002648799e-02,5.0002648799e-02,5.0002648799e-02,5.0002648799e-02,5.0002648799e-02,5.0002648799e-02,5.0002648799e-02,5.0002648799e-02,5.0002648799e-02,5.0002648799e-02,5.0002648799e-02,5.0002648799e-02,5.0002648799e-02,5.0002648799e-02,5.0002648799e-02,5.0002648799e-02,5.0002648799e-02,5.0002648799e-02,5.0002648799e-02,5.0002648799e-02,5.0002648799e-02,5.0002648799e-02,5.0002648799e-02,5.0002648799e-02,5.0002648799e-02,5.0002648799e-02,5.0002648799e-02,5.0002648799e-02,5.0002648799e-02,5.0002648799e-02,5.0002648799e-02,5.0002648799e-02,5.0002648799e-02,5.0002648799e-02,5.0002648799e-02,5.0002648799e-02,5.0002648799e-02,5.0002648799e-02,5.0002648799e-02,5.0002648799e-02,5.0002648799e-02,5.0002648799e-02,5.0002648799e-02,5.0002648799e-02,5.0002648799e-02,5.0002648799e-02,5.0002648799e-02,5.0002648799e-02,5.0002648799e-02,5.0002648799e-02,5.0002648799e-02,5.0002648798e-02,5.0002648799e-02,5.0002648799e-02,5.0002648798e-02,5.0002648798e-02,5.0002648799e-02,5.0002648799e-02,5.0002648798e-02,5.0002648799e-02,5.0002648799e-02,5.0002648798e-02,5.0002648799e-02,5.0002648799e-02,5.0002648799e-02,5.0002648799e-02,5.0002648798e-02,5.0002648799e-02,5.0002648799e-02,5.0002648799e-02,5.0002648798e-02,5.0002648799e-02,5.0002648798e-02,5.0002648799e-02,5.0002648799e-02,5.0002648799e-02
5.6176812435e+05,8.6000010515e-08,8.5862485257e-08,8.5725243015e-08,8.5588282773e-08,8.5451604585e-08,8.5315208050e-08,8.5179091927e-08,8.5043256176e-08,8.4907699940e-08,8.4772422358e-08,8.4637423777e-08,8.4502702754e-08,8.4368258998e-08,8.4234091528e-08,8.4100200798e-08,8.3966584778e-08,8.3833244164e-08,8.3700177723e-08,8.3567385323e-08,8.3434866092e-08,8.3302618880e-08,8.3170646759e-08,8.2974919046e-08,8.2684997769e-08,8.2256347558e-08,8.1624332311e-08,8.0696284307e-08,7.9341835703e-08,7.7382943776e-08,7.4587905690e-08,7.0679291263e-08,6.5374943793e-08,5.8491309623e-08,5.0134905695e-08,4.0952475957e-08,3.2254541013e-08,2.5641190426e-08,2.1986150793e-08,2.0688137557e-08,2.0426844105e-08,2.0399854658e-08,2.0398532973e-08,2.0398529944e-08,2.0398557325e-08,2.0398579478e-08,2.0398592672e-08,2.0398597886e-08,2.0398599095e-08,2.0398599244e-08,2.0398599253e-08,2.0398599253e-08,2.0398599160e-08,2.0398588409e-08,2.0398111193e-08,2.0388957897e-08,2.0307106911e-08,1.9933356616e-08,1.8945617195e-08,1.7199370884e-08,1.4861343071e-08,1.3076337848e-08,4.5284599534e-08,7.1347777586e-07,6.9227853917e-06,3.6504937278e-05,1.1707682335e-04,2.6012199263e-04,4.4738741131e-04,6.4613264029e-04,8.2882021544e-04,9.8096542834e-04,1.0993600679e-03,1.1872952834e-03,1.2505562318e-03,1.2950867187e-03,1.3259723043e-03,1.3471803431e-03,1.3616447268e-03,1.3714646967e-03,1.3781109860e-03,1.3825999456e-03,1.3856275941e-03,1.3886622624e-03,1.3917038987e-03,1.3947525077e-03,1.3978080914e-03,1.4008706476e-03,1.4039401701e-03,1.4070166472e-03,1.4101000608e-03,1.4131903849e-03,1.4162875844e-03,1.4193916127e-03,1.4225024100e-03,1.4256199002e-03,1.4287439883e-03,1.4318745558e-03,1.4350114569e-03,1.4381545123e-03,1.4413035020e-03,1.4444581551e-03,1.4476181362e-03,1.4476181362e-03,1.4476181362e-03,1.4476181362e-03,1.4476181362e-03,1.4476181362e-03,1.4476181363e-03,1.4476181362e-03,1.4476181363e-03,1.4476181362e-03,1.4476181362e-03,1.4476181362e-03,1.4476181363e-03,1.4476181362e-03,1.4476181363e-03,1.4476181362e-03,1.4476181362e-03,1.4476181363e-03,1.4476181362e-03,1.4476181362e-03,1.4476181363e-03,1.4476181362e-03,1.4476181362e-03,1.4476181362e-03,1.4476181363e-03,1.4476181362e-03,1.4476181362e-03,1.4476181362e-03,1.4476181362e-03,1.4476181362e-03,1.4476181362e-03,1.4476181362e-03,1.4476181362e-03,1.4476181362e-03,1.4476181362e-03,1.4476181362e-03,1.4476181362e-03,1.4476181362e-03,1.4476181362e-03,1.4476181362e-03,1.4476181362e-03,1.4476181362e-03,1.4476181362e-03,1.4476181362e-03,1.4476181362e-03,1.4476181362e-03,1.4476181362e-03,1.4476181362e-03,1.4476181362e-03,1.4476181362e-03,1.4476181362e-03,1.4476181362e-03,1.4476181362e-03,1.4476181362e-03,1.4476181362e-03,1.4476181362e-03,1.4476181362e-03,1.4476181362e-03,1.4476181362e-03,1.4476181362e-03,1.4476181362e-03,1.4476181362e-03,1.4476181362e-03,1.4476181362e-03,1.4476181362e-03,1.4476181362e-03,1.4476181362e-03,1.4476181362e-03,1.4476181362e-03,1.4476181362e-03,1.4476181362e-03,1.4476181362e-03,1.4476181362e-03,1.4476181362e-03,1.4476181362e-03,1.4476181362e-03,1.4476181362e-03,1.4476181362e-03,1.4476181362e-03,1.4476181362e-03,1.4476181362e-03,1.4476181362e-03,1.4476181362e-03,1.4476181362e-03,1.4476181362e-03,1.4476181362e-03,1.4476181362e-03,1.4476181362e-03,1.4476181362e-03,1.4476181362e-03,1.4476181362e-03,1.4476181362e-03,1.4476181362e-03,1.4476181362e-03,1.4476181362e-03,1.4476181362e-03,1.4476181362e-03,1.4476181362e-03,1.4476181362e-03,1.4476181362e-03,1.4476181362e-03,1.4476181362e-03,1.4476181362e-03,1.4476181362e-03,1.4476181362e-03,1.4476181362e-03,1.4476181362e-03,1.4476181362e-03,1.4476181362e-03,1.4476181362e-03,1.4476181362e-03,1.4476181362e-03,1.4476181362e-03,1.4476181362e-03,1.4476181362e-03,1.4476181362e-03,1.4476181362e-03,1.4476181362e-03,1.4476181362e-03,1.4476181362e-03,1.4476181362e-03,1.4476181362e-03,1.4476181362e-03,1.4476181362e-03,1.4476181362e-03,1.4476181362e-03,1.4476181362e-03,1.4476181362e-03,1.4476181362e-03,1.4476181362e-03,1.4476181362e-03,1.4476181362e-03,1.4476181362e-03,1.4476181362e-03,1.4476181362e-03,1.4476181362e-03,1.4476181362e-03,1.4476181362e-03,1.4476181362e-03,1.4476181362e-03,1.4476181362e-03,1.4476181362e-03,1.4476181362e-03,1.4476181362e-03,1.4476181362e-03,1.4476181362e-03,1.4476181362e-03,1.4476181362e-03,1.4476181362e-03,1.4476181362e-03,1.4476181362e-03,1.4476181362e-03,1.4476181362e-03,1.4476181362e-03,1.4476181362e-03,1.4476181362e-03,1.4476181362e-03,1.4476181362e-03,1.4476181362e-03,1.4476181362e-03,1.4476181362e-03,1.4476181362e-03,1.4476181362e-03,1.4476181362e-03,1.4476181362e-03,1.4476181362e-03,1.4476181362e-03,1.4476181362e-03,1.4476181362e-03,1.4476181362e-03,1.4476181362e-03,1.4476181362e-03,1.4476181362e-03,1.4476181362e-03,1.4476181362e-03,1.4476181362e-03,1.4476181362e-03,1.4476181362e-03,1.4476181362e-03,1.4476181362e-03,1.4476181362e-03,1.4476181362e-03,1.4476181362e-03,1.4476181362e-03,1.4476181362e-03,1.4476181362e-03,1.4476181362e-03,1.4476181362e-03,1.4476181362e-03,1.4476181362e-03,1.4476181362e-03,1.4476181362e-03,1.4476181362e-03,1.4476181362e-03,1.4476181363e-03,1.4476181362e-03,1.4476181362e-03,1.4476181362e-03,1.4476181362e-03,1.4476181362e-03,1.4476181362e-03,5.0002648799e-02,5.0002648799e-02,5.0002648799e-02,5.0002648798e-02,5.0002648800e-02,5.0002648797e-02,5.0002648798e-02,5.0002648800e-02,5.0002648798e-02,5.0002648798e-02,5.0002648800e-02,5.0002648797e-02,5.0002648799e-02,5.0002648800e-02,5.0002648798e-02,5.0002648797e-02,5.0002648800e-02,5.0002648797e-02,5.0002648800e-02,5.0002648797e-02,5.0002648799e-02,5.0002648800e-02,5.0002648798e-02,5.0002648798e-02,5.0002648799e-02,5.0002648799e-02,5.0002648799e-02,5.0002648798e-02,5.0002648799e-02,5.0002648799e-02,5.0002648799e-02,5.0002648799e-02,5.0002648799e-02,5.0002648799e-02,5.0002648799e-02,5.0002648799e-02,5.0002648799e-02,5.0002648799e-02,5.0002648799e-02,5.0002648799e-02,5.0002648799e-02,5.0002648799e-02,5.0002648799e-02,5.0002648799e-02,5.0002648799e-02,5.0002648799e-02,5.0002648799e-02,5.0002648799e-02,5.0002648799e-02,5.0002648799e-02,5.0002648799e-02,5.0002648799e-02,5.0002648799e-02,5.0002648799e-02,5.0002648799e-02,5.0002648799e-02,5.0002648799e-02,5.0002648799e-02,5.0002648799e-02,5.0002648799e-02,5.0002648799e-02,5.0002648799e-02,5.0002648799e-02,5.0002648799e-02,5.0002648799e-02,5.0002648799e-02,5.0002648799e-02,5.0002648799e-02,5.0002648799e-02,5.0002648799e-02,5.0002648799e-02,5.0002648799e-02,5.0002648799e-02,5.0002648799e-02,5.0002648799e-02,5.0002648799e-02,5.0002648799e-02,5.0002648798e-02,5.0002648799e-02,5.0002648799e-02,5.0002648798e-02,5.0002648799e-02,5.0002648799e-02,5.0002648799e-02,5.0002648798e-02,5.0002648798e-02,5.0002648799e-02,5.0002648799e-02,5.0002648798e-02,5.0002648799e-02,5.0002648798e-02,5.0002648799e-02,5.0002648799e-02,5.0002648799e-02,5.0002648798e-02,5.0002648799e-02,5.0002648799e-02,5.0002648798e-02,5.0002648799e-02,5.0002648798e-02,5.0002648799e-02,5.0002648799e-02
5.7976812435e+05,8.6000012300e-08,8.5862485104e-08,8.5725242761e-08,8.5588282688e-08,8.5451604728e-08,8.5315208054e-08,8.5179092253e-08,8.5043256003e-08,8.4907699951e-08,8.4772422676e-08,8.4637423468e-08,8.4502702739e-08,8.4368258926e-08,8.4234091571e-08,8.4100200679e-08,8.3966584783e-08,8.3833244277e-08,8.3700177903e-08,8.3567385307e-08,8.3434865834e-08,8.3302618698e-08,8.3170646994e-08,8.2974919068e-08,8.2684997655e-08,8.2256347641e-08,8.1624332260e-08,8.0696284287e-08,7.9341835712e-08,7.7382943766e-08,7.4587905686e-08,7.0679291262e-08,6.5374943795e-08,5.8491309618e-08,5.0134905694e-08,4.0952475958e-08,3.2254541018e-08,2.5641190434e-08,2.1986150794e-08,2.0688137550e-08,2.0426844107e-08,2.0399854657e-08,2.0398532972e-08,2.0398529945e-08,2.0398557325e-08,2.0398579477e-08,2.0398592672e-08,2.0398597886e-08,2.0398599095e-08,2.0398599244e-08,2.0398599253e-08,2.0398599253e-08,2.0398599160e-08,2.0398588409e-08,2.0398111192e-08,2.0388957897e-08,2.0307106912e-08,1.9933356617e-08,1.8945617195e-08,1.7199370883e-08,1.4861343068e-08,1.3076337852e-08,4.5284599537e-08,7.1347777584e-07,6.9227853915e-06,3.6504937278e-05,1.1707682335e-04,2.6012199263e-04,4.4738741130e-04,6.4613264028e-04,8.2882021543e-04,9.8096542833e-04,1.0993600679e-03,1.1872952834e-03,1.2505562318e-03,1.2950867187e-03,1.3259723043e-03,1.3471803431e-03,1.3616447268e-03,1.3714646967e-03,1.3781109860e-03,1.3825999456e-03,1.3856275941e-03,1.3886622624e-03,1.3917038987e-03,1.3947525077e-03,1.3978080914e-03,1.4008706476e-03,1.4039401701e-03,1.4070166472e-03,1.4101000608e-03,1.4131903849e-03,1.4162875844e-03,1.4193916127e-03,1.4225024100e-03,1.4256199002e-03,1.4287439883e-03,1.4318745558e-03,1.4350114569e-03,1.4381545123e-03,1.4413035020e-03,1.4444581551e-03,1.4476181362e-03,1.4476181362e-03,1.4476181362e-03,1.4476181362e-03,1.4476181362e-03,1.4476181363e-03,1.4476181362e-03,1.4476181362e-03,1.4476181362e-03,1.4476181362e-03,1.4476181362e-03,1.4476181362e-03,1.4476181362e-03,1.4476181363e-03,1.4476181362e-03,1.4476181362e-03,1.4476181362e-03,1.4476181362e-03,1.4476181363e-03,1.4476181362e-03,1.4476181362e-03,1.4476181362e-03,1.4476181362e-03,1.4476181362e-03,1.4476181362e-03,1.4476181362e-03,1.4476181362e-03,1.4476181362e-03,1.4476181362e-03,1.4476181362e-03,1.4476181362e-03,1.4476181362e-03,1.4476181362e-03,1.4476181362e-03,1.4476181362e-03,1.4476181362e-03,1.4476181362e-03,1.4476181362e-03,1.4476181362e-03,1.4476181362e-03,1.4476181362e-03,1.4476181362e-03,1.4476181362e-03,1.4476181362e-03,1.4476181362e-03,1.4476181362e-03,1.4476181362e-03,1.4476181362e-03,1.4476181362e-03,1.4476181362e-03,1.4476181362e-03,1.4476181362e-03,1.4476181362e-03,1.4476181362e-03,1.4476181362e-03,1.4476181362e-03,1.4476181362e-03,1.4476181362e-03,1.4476181362e-03,1.4476181362e-03,1.4476181362e-03,1.4476181362e-03,1.4476181362e-03,1.4476181362e-03,1.4476181362e-03,1.4476181362e-03,1.4476181362e-03,1.4476181362e-03,1.4476181362e-03,1.4476181362e-03,1.4476181362e-03,1.4476181362e-03,1.4476181362e-03,1.4476181362e-03,1.4476181362e-03,1.4476181362e-03,1.4476181362e-03,1.4476181362e-03,1.4476181362e-03,1.4476181362e-03,1.4476181362e-03,1.4476181362e-03,1.4476181362e-03,1.4476181362e-03,1.4476181362e-03,1.4476181362e-03,1.4476181362e-03,1.4476181362e-03,1.4476181362e-03,1.4476181362e-03,1.4476181362e-03,1.4476181362e-03,1.4476181362e-03,1.4476181362e-03,1.4476181362e-03,1.4476181362e-03,1.4476181362e-03,1.4476181362e-03,1.4476181362e-03,1.4476181362e-03,1.4476181362e-03,1.4476181362e-03,1.4476181362e-03,1.4476181362e-03,1.4476181362e-03,1.4476181362e-03,1.4476181362e-03,1.4476181362e-03,1.4476181362e-03,1.4476181362e-03,1.4476181362e-03,1.4476181362e-03,1.4476181362e-03,1.4476181362e-03,1.4476181362e-03,1.4476181362e-03,1.4476181362e-03,1.4476181362e-03,1.4476181362e-03,1.4476181362e-03,1.4476181362e-03,1.4476181362e-03,1.4476181362e-03,1.4476181362e-03,1.4476181362e-03,1.4476181362e-03,1.4476181362e-03,1.4476181362e-03,1.4476181362e-03,1.4476181362e-03,1.4476181362e-03,1.4476181362e-03,1.4476181362e-03,1.4476181362e-03,1.4476181362e-03,1.4476181362e-03,1.4476181362e-03,1.4476181362e-03,1.4476181362e-03,1.4476181362e-03,1.4476181362e-03,1.4476181362e-03,1.4476181362e-03,1.4476181362e-03,1.4476181362e-03,1.4476181362e-03,1.4476181362e-03,1.4476181362e-03,1.4476181362e-03,1.4476181362e-03,1.4476181362e-03,1.4476181362e-03,1.4476181362e-03,1.4476181362e-03,1.4476181362e-03,1.4476181362e-03,1.4476181362e-03,1.4476181362e-03,1.4476181362e-03,1.4476181362e-03,1.4476181362e-03,1.4476181362e-03,1.4476181362e-03,1.4476181362e-03,1.4476181362e-03,1.4476181362e-03,1.4476181362e-03,1.4476181362e-03,1.4476181362e-03,1.4476181362e-03,1.4476181362e-03,1.4476181362e-03,1.4476181362e-03,1.4476181362e-03,1.4476181362e-03,1.4476181362e-03,1.4476181362e-03,1.4476181362e-03,1.4476181362e-03,1.4476181362e-03,1.4476181362e-03,1.4476181362e-03,1.4476181362e-03,1.4476181362e-03,1.4476181362e-03,1.4476181362e-03,1.4476181362e-03,1.4476181362e-03,1.4476181362e-03,1.4476181362e-03,1.4476181362e-03,1.4476181362e-03,1.4476181362e-03,1.4476181362e-03,1.4476181362e-03,1.4476181362e-03,1.4476181362e-03,1.4476181362e-03,1.4476181362e-03,1.4476181362e-03,1.4476181362e-03,5.0002648799e-02,5.0002648799e-02,5.0002648798e-02,5.0002648798e-02,5.0002648798e-02,5.0002648800e-02,5.0002648798e-02,5.0002648799e-02,5.0002648797e-02,5.0002648799e-02,5.0002648799e-02,5.0002648799e-02,5.0002648797e-02,5.0002648800e-02,5.0002648799e-02,5.0002648797e-02,5.0002648799e-02,5.0002648800e-02,5.0002648798e-02,5.0002648797e-02,5.0002648798e-02,5.0002648799e-02,5.0002648799e-02,5.0002648798e-02,5.0002648798e-02,5.0002648799e-02,5.0002648798e-02,5.0002648799e-02,5.0002648799e-02,5.0002648798e-02,5.0002648799e-02,5.0002648799e-02,5.0002648799e-02,5.0002648799e-02,5.0002648799e-02,5.0002648799e-02,5.0002648799e-02,5.0002648799e-02,5.0002648799e-02,5.0002648799e-02,5.0002648799e-02,5.0002648799e-02,5.0002648799e-02,5.0002648799e-02,5.0002648799e-02,5.0002648799e-02,5.0002648799e-02,5.0002648799e-02,5.0002648799e-02,5.0002648799e-02,5.0002648799e-02,5.0002648799e-02,5.0002648799e-02,5.0002648799e-02,5.0002648799e-02,5.0002648799e-02,5.0002648799e-02,5.0002648799e-02,5.0002648799e-02,5.0002648799e-02,5.0002648799e-02,5.0002648799e-02,5.0002648799e-02,5.0002648799e-02,5.0002648799e-02,5.0002648799e-02,5.0002648799e-02,5.0002648799e-02,5.0002648799e-02,5.0002648799e-02,5.0002648799e-02,5.0002648799e-02,5.0002648799e-02,5.0002648799e-02,5.0002648799e-02,5.0002648799e-02,5.0002648799e-02,5.0002648799e-02,5.0002648799e-02,5.0002648799e-02,5.0002648798e-02,5.0002648798e-02,5.0002648799e-02,5.0002648799e-02,5.0002648799e-02,5.0002648799e-02,5.0002648799e-02,5.0002648798e-02,5.0002648799e-02,5.0002648798e-02,5.0002648799e-02,5.0002648799e-02,5.0002648798e-02,5.0002648798e-02,5.0002648799e-02,5.0002648799e-02,5.0002648798e-02,5.0002648798e-02,5.0002648799e-02,5.0002648798e-02,5.0002648799e-02,5.0002648799e-02
5.9876812435e+05,8.6000010949e-08,8.5862485106e-08,8.5725242786e-08,8.5588282816e-08,8.5451604750e-08,8.5315208114e-08,8.5179092107e-08,8.5043256043e-08,8.4907699741e-08,8.4772422604e-08,8.4637423720e-08,8.4502702820e-08,8.4368258834e-08,8.4234091728e-08,8.4100200450e-08,8.3966585113e-08,8.3833244185e-08,8.3700177753e-08,8.3567385268e-08,8.3434865811e-08,8.3302619038e-08,8.3170646816e-08,8.2974919074e-08,8.2684997756e-08,8.2256347557e-08,8.1624332265e-08,8.0696284311e-08,7.9341835719e-08,7.7382943766e-08,7.4587905705e-08,7.0679291257e-08,6.5374943796e-08,5.8491309622e-08,5.0134905696e-08,4.0952475953e-08,3.2254541013e-08,2.5641190425e-08,2.1986150790e-08,2.0688137555e-08,2.0426844107e-08,2.0399854654e-08,2.0398532973e-08,2.0398529948e-08,2.0398557323e-08,2.0398579479e-08,2.0398592672e-08,2.0398597886e-08,2.0398599095e-08,2.0398599244e-08,2.0398599253e-08,2.0398599253e-08,2.0398599161e-08,2.0398588409e-08,2.0398111193e-08,2.0388957897e-08,2.0307106911e-08,1.9933356617e-08,1.8945617195e-08,1.7199370884e-08,1.4861343065e-08,1.3076337856e-08,4.5284599535e-08,7.1347777585e-07,6.9227853916e-06,3.6504937278e-05,1.1707682335e-04,2.6012199263e-04,4.4738741131e-04,6.4613264029e-04,8.2882021544e-04,9.8096542834e-04,1.0993600679e-03,1.1872952834e-03,1.2505562318e-03,1.2950867187e-03,1.3259723043e-03,1.3471803431e-03,1.3616447268e-03,1.3714646967e-03,1.3781109860e-03,1.3825999456e-03,1.3856275941e-03,1.3886622624e-03,1.3917038987e-03,1.3947525077e-03,1.3978080914e-03,1.4008706476e-03,1.4039401701e-03,1.4070166472e-03,1.4101000608e-03,1.4131903849e-03,1.4162875844e-03,1.4193916127e-03,1.4225024100e-03,1.4256199002e-03,1.4287439883e-03,1.4318745558e-03,1.4350114569e-03,1.4381545123e-03,1.4413035020e-03,1.4444581551e-03,1.4476181362e-03,1.4476181362e-03,1.4476181362e-03,1.4476181362e-03,1.4476181362e-03,1.4476181362e-03,1.4476181362e-03,1.4476181362e-03,1.4476181362e-03,1.4476181362e-03,1.4476181363e-03,1.4476181362e-03,1.4476181362e-03,1.4476181362e-03,1.4476181363e-03,1.4476181362e-03,1.4476181362e-03,1.4476181362e-03,1.4476181363e-03,1.4476181362e-03,1.4476181363e-03,1.4476181362e-03,1.4476181362e-03,1.4476181363e-03,1.4476181362e-03,1.4476181362e-03,1.4476181362e-03,1.4476181362e-03,1.4476181362e-03,1.4476181362e-03,1.4476181362e-03,1.4476181362e-03,1.4476181362e-03,1.4476181362e-03,1.4476181362e-03,1.4476181362e-03,1.4476181362e-03,1.4476181362e-03,1.4476181362e-03,1.4476181362e-03,1.4476181362e-03,1.4476181362e-03,1.4476181362e-03,1.4476181362e-03,1.4476181362e-03,1.4476181362e-03,1.4476181362e-03,1.4476181362e-03,1.4476181362e-03,1.4476181362e-03,1.4476181362e-03,1.4476181362e-03,1.4476181362e-03,1.4476181362e-03,1.4476181362e-03,1.4476181362e-03,1.4476181362e-03,1.4476181362e-03,1.4476181362e-03,1.4476181362e-03,1.4476181362e-03,1.4476181362e-03,1.4476181362e-03,1.4476181362e-03,1.4476181362e-03,1.4476181362e-03,1.4476181362e-03,1.4476181362e-03,1.4476181362e-03,1.4476181362e-03,1.4476181362e-03,1.4476181362e-03,1.4476181362e-03,1.4476181362e-03,1.4476181362e-03,1.4476181362e-03,1.4476181362e-03,1.4476181362e-03,1.4476181362e-03,1.4476181362e-03,1.4476181362e-03,1.4476181362e-03,1.4476181362e-03,1.4476181362e-03,1.4476181362e-03,1.4476181362e-03,1.4476181362e-03,1.4476181362e-03,1.4476181362e-03,1.4476181362e-03,1.4476181362e-03,1.4476181362e-03,1.4476181362e-03,1.4476181362e-03,1.4476181362e-03,1.4476181362e-03,1.4476181362e-03,1.4476181362e-03,1.4476181362e-03,1.4476181362e-03,1.4476181362e-03,1.4476181362e-03,1.4476181362e-03,1.4476181362e-03,1.4476181362e-03,1.4476181362e-03,1.4476181362e-03,1.4476181362e-03,1.4476181362e-03,1.4476181362e-03,1.4476181362e-03,1.4476181362e-03,1.4476181362e-03,1.4476181362e-03,1.4476181362e-03,1.4476181362e-03,1.4476181362e-03,1.4476181362e-03,1.4476181362e-03,1.4476181362e-03,1.4476181362e-03,1.4476181362e-03,1.4476181362e-03,1.4476181362e-03,1.4476181362e-03,1.4476181362e-03,1.4476181362e-03,1.4476181362e-03,1.4476181362e-03,1.4476181362e-03,1.4476181362e-03,1.4476181362e-03,1.4476181362e-03,1.4476181362e-03,1.4476181362e-03,1.4476181362e-03,1.4476181362e-03,1.4476181362e-03,1.4476181362e-03,1.4476181362e-03,1.4476181362e-03,1.4476181362e-03,1.4476181362e-03,1.4476181362e-03,1.4476181362e-03,1.4476181362e-03,1.4476181362e-03,1.4476181362e-03,1.4476181362e-03,1.4476181362e-03,1.4476181362e-03,1.4476181362e-03,1.4476181362e-03,1.4476181362e-03,1.4476181362e-03,1.4476181362e-03,1.4476181362e-03,1.4476181362e-03,1.4476181362e-03,1.4476181362e-03,1.4476181362e-03,1.4476181362e-03,1.4476181362e-03,1.4476181362e-03,1.4476181362e-03,1.4476181362e-03,1.4476181362e-03,1.4476181362e-03,1.4476181362e-03,1.4476181362e-03,1.4476181362e-03,1.4476181362e-03,1.4476181362e-03,1.4476181362e-03,1.4476181362e-03,1.4476181362e-03,1.4476181362e-03,1.4476181362e-03,1.4476181362e-03,1.4476181362e-03,1.4476181362e-03,1.4476181362e-03,1.4476181362e-03,1.4476181362e-03,1.4476181362e-03,1.4476181362e-03,1.4476181362e-03,1.4476181362e-03,1.4476181363e-03,1.4476181362e-03,1.4476181362e-03,1.4476181362e-03,1.4476181362e-03,1.4476181362e-03,1.4476181362e-03,1.4476181362e-03,1.4476181362e-03,1.4476181362e-03,1.4476181362e-03,1.4476181362e-03,1.4476181362e-03,5.0002648799e-02,5.0002648798e-02,5.0002648799e-02,5.0002648799e-02,5.0002648799e-02,5.0002648797e-02,5.0002648798e-02,5.0002648799e-02,5.0002648798e-02,5.0002648800e-02,5.0002648797e-02,5.0002648798e-02,5.0002648798e-02,5.0002648798e-02,5.0002648801e-02,5.0002648798e-02,5.0002648798e-02,5.0002648799e-02,5.0002648799e-02,5.0002648799e-02,5.0002648798e-02,5.0002648798e-02,5.0002648798e-02,5.0002648799e-02,5.0002648798e-02,5.0002648799e-02,5.0002648798e-02,5.0002648799e-02,5.0002648799e-02,5.0002648799e-02,5.0002648799e-02,5.0002648799e-02,5.0002648799e-02,5.0002648799e-02,5.0002648799e-02,5.0002648799e-02,5.0002648799e-02,5.0002648799e-02,5.0002648799e-02,5.0002648799e-02,5.0002648799e-02,5.0002648799e-02,5.0002648799e-02,5.0002648799e-02,5.0002648799e-02,5.0002648799e-02,5.0002648799e-02,5.0002648799e-02,5.0002648799e-02,5.0002648799e-02,5.0002648799e-02,5.0002648799e-02,5.0002648799e-02,5.0002648799e-02,5.0002648799e-02,5.0002648799e-02,5.0002648799e-02,5.0002648799e-02,5.0002648799e-02,5.0002648799e-02,5.0002648799e-02,5.0002648799e-02,5.0002648799e-02,5.0002648799e-02,5.0002648799e-02,5.0002648799e-02,5.0002648799e-02,5.0002648799e-02,5.0002648799e-02,5.0002648799e-02,5.0002648799e-02,5.0002648799e-02,5.0002648799e-02,5.0002648799e-02,5.0002648799e-02,5.0002648799e-02,5.0002648799e-02,5.0002648799e-02,5.0002648798e-02,5.0002648799e-02,5.0002648799e-02,5.0002648799e-02,5.0002648798e-02,5.0002648799e-02,5.0002648799e-02,5.0002648799e-02,5.0002648798e-02,5.0002648799e-02,5.0002648799e-02,5.0002648798e-02,5.0002648798e-02,5.0002648798e-02,5.0002648799e-02,5.0002648799e-02,5.0002648798e-02,5.0002648799e-02,5.0002648798e-02,5.0002648799e-02,5.0002648799e-02,5.0002648798e-02,5.0002648799e-02,5.0002648799e-02
6.1776812435e+05,8.6000007763e-08,8.5862485204e-08,8.5725242708e-08,8.5588282937e-08,8.5451604786e-08,8.5315208051e-08,8.5179091639e-08,8.5043256403e-08,8.4907699993e-08,8.4772422456e-08,8.4637423669e-08,8.4502702817e-08,8.4368258865e-08,8.4234091688e-08,8.4100200449e-08,8.3966584981e-08,8.3833244292e-08,8.3700177733e-08,8.3567385384e-08,8.3434865711e-08,8.3302619239e-08,8.3170646620e-08,8.2974919200e-08,8.2684997707e-08,8.2256347540e-08,8.1624332279e-08,8.0696284326e-08,7.9341835699e-08,7.7382943782e-08,7.4587905705e-08,7.0679291260e-08,6.5374943796e-08,5.8491309626e-08,5.0134905696e-08,4.0952475957e-08,3.2254541011e-08,2.5641190432e-08,2.1986150791e-08,2.0688137554e-08,2.0426844100e-08,2.0399854664e-08,2.0398532971e-08,2.0398529944e-08,2.0398557326e-08,2.0398579478e-08,2.0398592672e-08,2.0398597886e-08,2.0398599095e-08,2.0398599244e-08,2.0398599253e-08,2.0398599253e-08,2.0398599161e-08,2.0398588409e-08,2.0398111193e-08,2.0388957897e-08,2.0307106911e-08,1.9933356617e-08,1.8945617195e-08,1.7199370884e-08,1.4861343068e-08,1.3076337851e-08,4.5284599535e-08,7.1347777585e-07,6.9227853916e-06,3.6504937278e-05,1.1707682335e-04,2.6012199263e-04,4.4738741131e-04,6.4613264028e-04,8.2882021544e-04,9.8096542834e-04,1.0993600679e-03,1.1872952834e-03,1.2505562318e-03,1.2950867187e-03,1.3259723043e-03,1.3471803431e-03,1.3616447268e-03,1.3714646967e-03,1.3781109860e-03,1.3825999456e-03,1.3856275942e-03,1.3886622624e-03,1.3917038987e-03,1.3947525077e-03,1.3978080914e-03,1.4008706476e-03,1.4039401701e-03,1.4070166472e-03,1.4101000608e-03,1.4131903849e-03,1.4162875844e-03,1.4193916127e-03,1.4225024100e-03,1.4256199002e-03,1.4287439883e-03,1.4318745558e-03,1.4350114569e-03,1.4381545123e-03,1.4413035020e-03,1.4444581551e-03,1.4476181362e-03,1.4476181362e-03,1.4476181362e-03,1.4476181363e-03,1.4476181362e-03,1.4476181362e-03,1.4476181362e-03,1.4476181362e-03,1.4476181362e-03,1.4476181363e-03,1.4476181362e-03,1.4476181362e-03,1.4476181363e-03,1.4476181362e-03,1.4476181362e-03,1.4476181363e-03,1.4476181362e-03,1.4476181363e-03,1.4476181362e-03,1.4476181362e-03,1.4476181362e-03,1.4476181363e-03,1.4476181362e-03,1.4476181363e-03,1.4476181362e-03,1.4476181362e-03,1.4476181362e-03,1.4476181362e-03,1.4476181362e-03,1.4476181362e-03,1.4476181362e-03,1.4476181362e-03,1.4476181362e-03,1.4476181362e-03,1.4476181362e-03,1.4476181362e-03,1.4476181362e-03,1.4476181362e-03,1.4476181362e-03,1.4476181362e-03,1.4476181362e-03,1.4476181362e-03,1.4476181362e-03,1.4476181362e-03,1.4476181362e-03,1.4476181362e-03,1.4476181362e-03,1.4476181362e-03,1.4476181362e-03,1.4476181362e-03,1.4476181362e-03,1.4476181362e-03,1.4476181362e-03,1.4476181362e-03,1.4476181362e-03,1.4476181362e-03,1.4476181362e-03,1.4476181362e-03,1.4476181362e-03,1.4476181362e-03,1.4476181362e-03,1.4476181362e-03,1.4476181362e-03,1.4476181362e-03,1.4476181362e-03,1.4476181362e-03,1.4476181362e-03,1.4476181362e-03,1.4476181362e-03,1.4476181362e-03,1.4476181362e-03,1.4476181362e-03,1.4476181362e-03,1.4476181362e-03,1.4476181362e-03,1.4476181362e-03,1.4476181362e-03,1.4476181362e-03,1.4476181362e-03,1.4476181362e-03,1.4476181362e-03,1.4476181362e-03,1.4476181362e-03,1.4476181362e-03,1.4476181362e-03,1.4476181362e-03,1.4476181362e-03,1.4476181362e-03,1.4476181362e-03,1.4476181362e-03,1.4476181362e-03,1.4476181362e-03,1.4476181362e-03,1.4476181362e-03,1.4476181362e-03,1.4476181362e-03,1.4476181362e-03,1.4476181362e-03,1.4476181362e-03,1.4476181362e-03,1.4476181362e-03,1.4476181362e-03,1.4476181362e-03,1.4476181362e-03,1.4476181362e-03,1.4476181362e-03,1.4476181362e-03,1.4476181362e-03,1.4476181362e-03,1.4476181362e-03,1.4476181362e-03,1.4476181362e-03,1.4476181362e-03,1.4476181362e-03,1.4476181362e-03,1.4476181362e-03,1.4476181362e-03,1.4476181362e-03,1.4476181362e-03,1.4476181362e-03,1.4476181362e-03,1.4476181362e-03,1.4476181362e-03,1.4476181362e-03,1.4476181362e-03,1.4476181362e-03,1.4476181362e-03,1.4476181362e-03,1.4476181362e-03,1.4476181362e-03,1.4476181362e-03,1.4476181362e-03,1.4476181362e-03,1.4476181362e-03,1.4476181362e-03,1.4476181362e-03,1.4476181362e-03,1.4476181362e-03,1.4476181362e-03,1.4476181362e-03,1.4476181362e-03,1.4476181362e-03,1.4476181362e-03,1.4476181362e-03,1.4476181362e-03,1.4476181362e-03,1.4476181362e-03,1.4476181362e-03,1.4476181362e-03,1.4476181362e-03,1.4476181362e-03,1.4476181362e-03,1.4476181362e-03,1.4476181362e-03,1.4476181362e-03,1.4476181362e-03,1.4476181362e-03,1.4476181362e-03,1.4476181362e-03,1.4476181362e-03,1.4476181362e-03,1.4476181362e-03,1.4476181362e-03,1.4476181362e-03,1.4476181362e-03,1.4476181362e-03,1.4476181362e-03,1.4476181362e-03,1.4476181362e-03,1.4476181362e-03,1.4476181362e-03,1.4476181362e-03,1.4476181362e-03,1.4476181362e-03,1.4476181362e-03,1.4476181362e-03,1.4476181362e-03,1.4476181362e-03,1.4476181362e-03,1.4476181362e-03,1.4476181362e-03,1.4476181362e-03,1.4476181362e-03,1.4476181362e-03,1.4476181362e-03,1.4476181362e-03,1.4476181362e-03,1.4476181362e-03,1.4476181362e-03,1.4476181362e-03,1.4476181362e-03,1.4476181362e-03,1.4476181362e-03,1.4476181362e-03,1.4476181363e-03,1.4476181362e-03,1.4476181362e-03,1.4476181362e-03,1.4476181362e-03,1.4476181362e-03,1.4476181362e-03,5.0002648799e-02,5.0002648799e-02,5.0002648798e-02,5.0002648799e-02,5.0002648799e-02,5.0002648799e-02,5.0002648796e-02,5.0002648800e-02,5.0002648799e-02,5.0002648798e-02,5.0002648799e-02,5.0002648799e-02,5.0002648796e-02,5.0002648800e-02,5.0002648799e-02,5.0002648799e-02,5.0002648798e-02,5.0002648798e-02,5.0002648799e-02,5.0002648799e-02,5.0002648799e-02,5.0002648798e-02,5.0002648798e-02,5.0002648799e-02,5.0002648799e-02,5.0002648798e-02,5.0002648799e-02,5.0002648798e-02,5.0002648799e-02,5.0002648799e-02,5.0002648799e-02,5.0002648799e-02,5.0002648799e-02,5.0002648799e-02,5.0002648799e-02,5.0002648799e-02,5.0002648799e-02,5.0002648799e-02,5.0002648799e-02,5.0002648799e-02,5.0002648799e-02,5.0002648799e-02,5.0002648799e-02,5.0002648799e-02,5.0002648799e-02,5.0002648799e-02,5.0002648799e-02,5.0002648799e-02,5.0002648799e-02,5.0002648799e-02,5.0002648799e-02,5.0002648799e-02,5.0002648799e-02,5.0002648799e-02,5.0002648799e-02,5.0002648799e-02,5.0002648799e-02,5.0002648799e-02,5.0002648799e-02,5.0002648799e-02,5.0002648799e-02,5.0002648799e-02,5.0002648799e-02,5.0002648799e-02,5.0002648799e-02,5.0002648799e-02,5.0002648799e-02,5.0002648799e-02,5.0002648799e-02,5.0002648799e-02,5.0002648799e-02,5.0002648799e-02,5.0002648799e-02,5.0002648799e-02,5.0002648799e-02,5.0002648799e-02,5.0002648799e-02,5.0002648799e-02,5.0002648799e-02,5.0002648799e-02,5.0002648799e-02,5.0002648798e-02,5.0002648798e-02,5.0002648799e-02,5.0002648798e-02,5.0002648799e-02,5.0002648798e-02,5.0002648799e-02,5.0002648798e-02,5.0002648799e-02,5.0002648798e-02,5.0002648799e-02,5.0002648798e-02,5.0002648798e-02,5.0002648799e-02,5.0002648799e-02,5.0002648799e-02,5.0002648798e-02,5.0002648799e-02,5.0002648798e-02,5.0002648799e-02,5.0002648799e-02
6.3576812435e+05,8.6000010852e-08,8.5862485371e-08,8.5725242761e-08,8.5588282710e-08,8.5451604814e-08,8.5315207911e-08,8.5179092104e-08,8.5043256182e-08,8.4907699708e-08,8.4772422783e-08,8.4637423682e-08,8.4502702474e-08,8.4368259013e-08,8.4234091785e-08,8.4100200375e-08,8.3966584797e-08,8.3833244344e-08,8.3700178032e-08,8.3567385159e-08,8.3434865875e-08,8.3302618970e-08,8.3170646861e-08,8.2974918986e-08,8.2684997665e-08,8.2256347654e-08,8.1624332236e-08,8.0696284279e-08,7.9341835696e-08,7.7382943780e-08,7.4587905675e-08,7.0679291255e-08,6.5374943788e-08,5.8491309615e-08,5.0134905686e-08,4.0952475950e-08,3.2254541007e-08,2.5641190424e-08,2.1986150791e-08,2.0688137560e-08,2.0426844108e-08,2.0399854653e-08,2.0398532975e-08,2.0398529943e-08,2.0398557326e-08,2.0398579477e-08,2.0398592672e-08,2.0398597886e-08,2.0398599096e-08,2.0398599244e-08,2.0398599253e-08,2.0398599253e-08,2.0398599160e-08,2.0398588409e-08,2.0398111193e-08,2.0388957897e-08,2.0307106911e-08,1.9933356617e-08,1.8945617195e-08,1.7199370884e-08,1.4861343073e-08,1.3076337847e-08,4.5284599534e-08,7.1347777586e-07,6.9227853917e-06,3.6504937278e-05,1.1707682335e-04,2.6012199263e-04,4.4738741132e-04,6.4613264029e-04,8.2882021544e-04,9.8096542835e-04,1.0993600679e-03,1.1872952834e-03,1.2505562318e-03,1.2950867187e-03,1.3259723043e-03,1.3471803431e-03,1.3616447268e-03,1.3714646967e-03,1.3781109860e-03,1.3825999456e-03,1.3856275942e-03,1.3886622624e-03,1.3917038987e-03,1.3947525077e-03,1.3978080914e-03,1.4008706476e-03,1.4039401701e-03,1.4070166472e-03,1.4101000608e-03,1.4131903849e-03,1.4162875844e-03,1.4193916127e-03,1.4225024100e-03,1.4256199002e-03,1.4287439883e-03,1.4318745558e-03,1.4350114569e-03,1.4381545123e-03,1.4413035020e-03,1.4444581552e-03,1.4476181362e-03,1.4476181362e-03,1.4476181362e-03,1.4476181362e-03,1.4476181362e-03,1.4476181362e-03,1.4476181362e-03,1.4476181362e-03,1.4476181362e-03,1.4476181363e-03,1.4476181362e-03,1.4476181363e-03,1.4476181362e-03,1.4476181362e-03,1.4476181363e-03,1.4476181363e-03,1.4476181362e-03,1.4476181362e-03,1.4476181362e-03,1.4476181362e-03,1.4476181363e-03,1.4476181362e-03,1.4476181362e-03,1.4476181362e-03,1.4476181362e-03,1.4476181362e-03,1.4476181362e-03,1.4476181363e-03,1.4476181362e-03,1.4476181362e-03,1.4476181362e-03,1.4476181362e-03,1.4476181362e-03,1.4476181362e-03,1.4476181362e-03,1.4476181362e-03,1.4476181362e-03,1.4476181362e-03,1.4476181362e-03,1.4476181362e-03,1.4476181362e-03,1.4476181362e-03,1.4476181362e-03,1.4476181362e-03,1.4476181362e-03,1.4476181362e-03,1.4476181362e-03,1.4476181362e-03,1.4476181362e-03,1.4476181362e-03,1.4476181362e-03,1.4476181362e-03,1.4476181362e-03,1.4476181362e-03,1.4476181362e-03,1.4476181362e-03,1.4476181362e-03,1.4476181362e-03,1.4476181362e-03,1.4476181362e-03,1.4476181362e-03,1.4476181362e-03,1.4476181362e-03,1.4476181362e-03,1.4476181362e-03,1.4476181362e-03,1.4476181362e-03,1.4476181362e-03,1.4476181362e-03,1.4476181362e-03,1.4476181362e-03,1.4476181362e-03,1.4476181362e-03,1.4476181362e-03,1.4476181362e-03,1.4476181362e-03,1.4476181362e-03,1.4476181362e-03,1.4476181362e-03,1.4476181362e-03,1.4476181362e-03,1.4476181362e-03,1.4476181362e-03,1.4476181362e-03,1.4476181362e-03,1.4476181362e-03,1.4476181362e-03,1.4476181362e-03,1.4476181362e-03,1.4476181362e-03,1.4476181362e-03,1.4476181362e-03,1.4476181362e-03,1.4476181362e-03,1.4476181362e-03,1.4476181362e-03,1.4476181362e-03,1.4476181362e-03,1.4476181362e-03,1.4476181362e-03,1.4476181362e-03,1.4476181362e-03,1.4476181362e-03,1.4476181362e-03,1.4476181362e-03,1.4476181362e-03,1.4476181362e-03,1.4476181362e-03,1.4476181362e-03,1.4476181362e-03,1.4476181362e-03,1.4476181362e-03,1.4476181362e-03,1.4476181362e-03,1.4476181362e-03,1.4476181362e-03,1.4476181362e-03,1.4476181362e-03,1.4476181362e-03,1.4476181362e-03,1.4476181362e-03,1.4476181362e-03,1.4476181362e-03,1.4476181362e-03,1.4476181362e-03,1.4476181362e-03,1.4476181362e-03,1.4476181362e-03,1.4476181362e-03,1.4476181362e-03,1.4476181362e-03,1.4476181362e-03,1.4476181362e-03,1.4476181362e-03,1.4476181362e-03,1.4476181362e-03,1.4476181362e-03,1.4476181362e-03,1.4476181362e-03,1.4476181362e-03,1.4476181362e-03,1.4476181362e-03,1.4476181362e-03,1.4476181362e-03,1.4476181362e-03,1.4476181362e-03,1.4476181362e-03,1.4476181362e-03,1.4476181362e-03,1.4476181362e-03,1.4476181362e-03,1.4476181362e-03,1.4476181362e-03,1.4476181362e-03,1.4476181362e-03,1.4476181362e-03,1.4476181362e-03,1.4476181362e-03,1.4476181362e-03,1.4476181362e-03,1.4476181362e-03,1.4476181362e-03,1.4476181362e-03,1.4476181362e-03,1.4476181362e-03,1.4476181362e-03,1.4476181362e-03,1.4476181362e-03,1.4476181362e-03,1.4476181362e-03,1.4476181362e-03,1.4476181362e-03,1.4476181362e-03,1.4476181362e-03,1.4476181362e-03,1.4476181362e-03,1.4476181362e-03,1.4476181362e-03,1.4476181362e-03,1.4476181362e-03,1.4476181362e-03,1.4476181362e-03,1.4476181362e-03,1.4476181362e-03,1.4476181362e-03,1.4476181362e-03,1.4476181362e-03,1.4476181362e-03,1.4476181362e-03,1.4476181362e-03,1.4476181362e-03,1.4476181363e-03,1.4476181362e-03,1.4476181362e-03,1.4476181362e-03,1.4476181362e-03,1.4476181362e-03,1.4476181363e-03,1.4476181362e-03,1.4476181362e-03,1.4476181362e-03,5.0002648799e-02,5.0002648798e-02,5.0002648799e-02,5.0002648799e-02,5.0002648797e-02,5.0002648799e-02,5.0002648800e-02,5.0002648797e-02,5.0002648798e-02,5.0002648800e-02,5.0002648796e-02,5.0002648799e-02,5.0002648800e-02,5.0002648797e-02,5.0002648799e-02,5.0002648801e-02,5.0002648798e-02,5.0002648798e-02,5.0002648799e-02,5.0002648800e-02,5.0002648797e-02,5.0002648798e-02,5.0002648799e-02,5.0002648798e-02,5.0002648799e-02,5.0002648799e-02,5.0002648798e-02,5.0002648799e-02,5.0002648799e-02,5.0002648799e-02,5.0002648799e-02,5.0002648799e-02,5.0002648799e-02,5.0002648799e-02,5.0002648799e-02,5.0002648799e-02,5.0002648799e-02,5.0002648799e-02,5.0002648799e-02,5.0002648799e-02,5.0002648799e-02,5.0002648799e-02,5.0002648799e-02,5.0002648799e-02,5.0002648799e-02,5.0002648799e-02,5.0002648799e-02,5.0002648799e-02,5.0002648799e-02,5.0002648799e-02,5.0002648799e-02,5.0002648799e-02,5.0002648799e-02,5.0002648799e-02,5.0002648799e-02,5.0002648799e-02,5.0002648799e-02,5.0002648799e-02,5.0002648799e-02,5.0002648799e-02,5.0002648799e-02,5.0002648799e-02,5.0002648799e-02,5.0002648799e-02,5.0002648799e-02,5.0002648799e-02,5.0002648799e-02,5.0002648799e-02,5.0002648799e-02,5.0002648799e-02,5.0002648799e-02,5.0002648799e-02,5.0002648799e-02,5.0002648799e-02,5.0002648799e-02,5.0002648799e-02,5.0002648799e-02,5.0002648799e-02,5.0002648799e-02,5.0002648799e-02,5.0002648799e-02,5.0002648798e-02,5.0002648799e-02,5.0002648799e-02,5.0002648798e-02,5.0002648799e-02,5.0002648798e-02,5.0002648799e-02,5.0002648799e-02,5.0002648798e-02,5.0002648799e-02,5.0002648799e-02,5.0002648798e-02,5.0002648798e-02,5.0002648798e-02,5.0002648799e-02,5.0002648798e-02,5.0002648798e-02,5.0002648799e-02,5.0002648799e-02,5.0002648798e-02,5.0002648799e-02
6.5476812435e+05,8.6000009914e-08,8.5862485548e-08,8.5725242526e-08,8.5588283115e-08,8.5451604490e-08,8.5315207833e-08,8.5179092147e-08,8.5043256009e-08,8.4907699961e-08,8.4772422728e-08,8.4637423719e-08,8.4502702777e-08,8.4368258649e-08,8.4234091677e-08,8.4100200703e-08,8.3966584822e-08,8.3833244377e-08,8.3700177662e-08,8.3567385309e-08,8.3434865835e-08,8.3302619149e-08,8.3170646918e-08,8.2974918985e-08,8.2684997767e-08,8.2256347603e-08,8.1624332255e-08,8.0696284314e-08,7.9341835708e-08,7.7382943788e-08,7.4587905702e-08,7.0679291262e-08,6.5374943797e-08,5.8491309624e-08,5.0134905697e-08,4.0952475956e-08,3.2254541008e-08,2.5641190423e-08,2.1986150792e-08,2.0688137560e-08,2.0426844105e-08,2.0399854658e-08,2.0398532971e-08,2.0398529944e-08,2.0398557326e-08,2.0398579478e-08,2.0398592673e-08,2.0398597886e-08,2.0398599095e-08,2.0398599244e-08,2.0398599253e-08,2.0398599253e-08,2.0398599161e-08,2.0398588409e-08,2.0398111192e-08,2.0388957897e-08,2.0307106911e-08,1.9933356617e-08,1.8945617195e-08,1.7199370883e-08,1.4861343069e-08,1.3076337857e-08,4.5284599534e-08,7.1347777585e-07,6.9227853916e-06,3.6504937278e-05,1.1707682335e-04,2.6012199263e-04,4.4738741131e-04,6.4613264029e-04,8.2882021544e-04,9.8096542835e-04,1.0993600679e-03,1.1872952834e-03,1.2505562318e-03,1.2950867187e-03,1.3259723043e-03,1.3471803431e-03,1.3616447268e-03,1.3714646967e-03,1.3781109860e-03,1.3825999456e-03,1.3856275941e-03,1.3886622624e-03,1.3917038987e-03,1.3947525077e-03,1.3978080914e-03,1.4008706476e-03,1.4039401701e-03,1.4070166472e-03,1.4101000608e-03,1.4131903849e-03,1.4162875844e-03,1.4193916127e-03,1.4225024100e-03,1.4256199002e-03,1.4287439883e-03,1.4318745558e-03,1.4350114569e-03,1.4381545123e-03,1.4413035020e-03,1.4444581551e-03,1.4476181362e-03,1.4476181362e-03,1.4476181362e-03,1.4476181362e-03,1.4476181362e-03,1.4476181362e-03,1.4476181362e-03,1.4476181362e-03,1.4476181362e-03,1.4476181363e-03,1.4476181362e-03,1.4476181362e-03,1.4476181362e-03,1.4476181362e-03,1.4476181363e-03,1.4476181362e-03,1.4476181362e-03,1.4476181362e-03,1.4476181362e-03,1.4476181363e-03,1.4476181362e-03,1.4476181362e-03,1.4476181362e-03,1.4476181362e-03,1.4476181362e-03,1.4476181362e-03,1.4476181362e-03,1.4476181362e-03,1.4476181362e-03,1.4476181362e-03,1.4476181362e-03,1.4476181362e-03,1.4476181362e-03,1.4476181362e-03,1.4476181362e-03,1.4476181362e-03,1.4476181362e-03,1.4476181362e-03,1.4476181362e-03,1.4476181362e-03,1.4476181362e-03,1.4476181362e-03,1.4476181362e-03,1.4476181362e-03,1.4476181362e-03,1.4476181362e-03,1.4476181362e-03,1.4476181362e-03,1.4476181362e-03,1.4476181362e-03,1.4476181362e-03,1.4476181362e-03,1.4476181362e-03,1.4476181362e-03,1.4476181362e-03,1.4476181362e-03,1.4476181362e-03,1.4476181362e-03,1.4476181362e-03,1.4476181362e-03,1.4476181362e-03,1.4476181362e-03,1.4476181362e-03,1.4476181362e-03,1.4476181362e-03,1.4476181362e-03,1.4476181362e-03,1.4476181362e-03,1.4476181362e-03,1.4476181362e-03,1.4476181362e-03,1.4476181362e-03,1.4476181362e-03,1.4476181362e-03,1.4476181362e-03,1.4476181362e-03,1.4476181362e-03,1.4476181362e-03,1.4476181362e-03,1.4476181362e-03,1.4476181362e-03,1.4476181362e-03,1.4476181362e-03,1.4476181362e-03,1.4476181362e-03,1.4476181362e-03,1.4476181362e-03,1.4476181362e-03,1.4476181362e-03,1.4476181362e-03,1.4476181362e-03,1.4476181362e-03,1.4476181362e-03,1.4476181362e-03,1.4476181362e-03,1.4476181362e-03,1.4476181362e-03,1.4476181362e-03,1.4476181362e-03,1.4476181362e-03,1.4476181362e-03,1.4476181362e-03,1.4476181362e-03,1.4476181362e-03,1.4476181362e-03,1.4476181362e-03,1.4476181362e-03,1.4476181362e-03,1.4476181362e-03,1.4476181362e-03,1.4476181362e-03,1.4476181362e-03,1.4476181362e-03,1.4476181362e-03,1.4476181362e-03,1.4476181362e-03,1.4476181362e-03,1.4476181362e-03,1.4476181362e-03,1.4476181362e-03,1.4476181362e-03,1.4476181362e-03,1.4476181362e-03,1.4476181362e-03,1.4476181362e-03,1.4476181362e-03,1.4476181362e-03,1.4476181362e-03,1.4476181362e-03,1.4476181362e-03,1.4476181362e-03,1.4476181362e-03,1.4476181362e-03,1.4476181362e-03,1.4476181362e-03,1.4476181362e-03,1.4476181362e-03,1.4476181362e-03,1.4476181362e-03,1.4476181362e-03,1.4476181362e-03,1.4476181362e-03,1.4476181362e-03,1.4476181362e-03,1.4476181362e-03,1.4476181362e-03,1.4476181362e-03,1.4476181362e-03,1.4476181362e-03,1.4476181362e-03,1.4476181362e-03,1.4476181362e-03,1.4476181362e-03,1.4476181362e-03,1.4476181362e-03,1.4476181362e-03,1.4476181362e-03,1.4476181362e-03,1.4476181362e-03,1.4476181362e-03,1.4476181362e-03,1.4476181362e-03,1.4476181362e-03,1.4476181362e-03,1.4476181362e-03,1.4476181362e-03,1.4476181362e-03,1.4476181362e-03,1.4476181362e-03,1.4476181362e-03,1.4476181362e-03,1.4476181362e-03,1.4476181362e-03,1.4476181362e-03,1.4476181362e-03,1.4476181362e-03,1.4476181362e-03,1.4476181362e-03,1.4476181362e-03,1.4476181362e-03,1.4476181362e-03,1.4476181362e-03,1.4476181362e-03,1.4476181362e-03,1.4476181362e-03,1.4476181362e-03,1.4476181362e-03,1.4476181362e-03,1.4476181362e-03,1.4476181362e-03,1.4476181362e-03,1.4476181362e-03,1.4476181362e-03,1.4476181362e-03,1.4476181362e-03,1.4476181362e-03,1.4476181362e-03,1.4476181362e-03,1.4476181362e-03,1.4476181362e-03,1.4476181362e-03,5.0002648799e-02,5.0002648798e-02,5.0002648799e-02,5.0002648799e-02,5.0002648797e-02,5.0002648800e-02,5.0002648798e-02,5.0002648797e-02,5.0002648801e-02,5.0002648796e-02,5.0002648800e-02,5.0002648798e-02,5.0002648798e-02,5.0002648799e-02,5.0002648799e-02,5.0002648799e-02,5.0002648798e-02,5.0002648799e-02,5.0002648798e-02,5.0002648799e-02,5.0002648799e-02,5.0002648798e-02,5.0002648799e-02,5.0002648798e-02,5.0002648799e-02,5.0002648798e-02,5.0002648799e-02,5.0002648798e-02,5.0002648799e-02,5.0002648799e-02,5.0002648799e-02,5.0002648799e-02,5.0002648799e-02,5.0002648799e-02,5.0002648799e-02,5.0002648799e-02,5.0002648799e-02,5.0002648799e-02,5.0002648799e-02,5.0002648799e-02,5.0002648799e-02,5.0002648799e-02,5.0002648799e-02,5.0002648799e-02,5.0002648799e-02,5.0002648799e-02,5.0002648799e-02,5.0002648799e-02,5.0002648799e-02,5.0002648799e-02,5.0002648799e-02,5.0002648799e-02,5.0002648799e-02,5.0002648799e-02,5.0002648799e-02,5.0002648799e-02,5.0002648799e-02,5.0002648799e-02,5.0002648799e-02,5.0002648799e-02,5.0002648799e-02,5.0002648799e-02,5.0002648799e-02,5.0002648799e-02,5.0002648799e-02,5.0002648799e-02,5.0002648799e-02,5.0002648799e-02,5.0002648799e-02,5.0002648799e-02,5.0002648799e-02,5.0002648799e-02,5.0002648799e-02,5.0002648799e-02,5.0002648799e-02,5.0002648799e-02,5.0002648799e-02,5.0002648799e-02,5.0002648799e-02,5.0002648798e-02,5.0002648799e-02,5.0002648798e-02,5.0002648799e-02,5.0002648798e-02,5.0002648799e-02,5.0002648799e-02,5.0002648799e-02,5.0002648799e-02,5.0002648798e-02,5.0002648799e-02,5.0002648799e-02,5.0002648799e-02,5.0002648799e-02,5.0002648799e-02,5.0002648799e-02,5.0002648799e-02,5.0002648798e-02,5.0002648799e-02,5.0002648799e-02,5.0002648798e-02,5.0002648799e-02,5.0002648799e-02
6.7376812435e+05,8.6000011179e-08,8.5862485345e-08,8.5725242605e-08,8.5588282794e-08,8.5451604977e-08,8.5315207778e-08,8.5179092043e-08,8.5043256161e-08,8.4907699790e-08,8.4772422689e-08,8.4637423482e-08,8.4502702731e-08,8.4368258882e-08,8.4234091792e-08,8.4100200645e-08,8.3966584621e-08,8.3833244222e-08,8.3700178072e-08,8.3567385219e-08,8.3434865936e-08,8.3302618947e-08,8.3170646579e-08,8.2974919158e-08,8.2684997784e-08,8.2256347569e-08,8.1624332278e-08,8.0696284270e-08,7.9341835692e-08,7.7382943771e-08,7.4587905692e-08,7.0679291254e-08,6.5374943790e-08,5.8491309618e-08,5.0134905691e-08,4.0952475954e-08,3.2254541014e-08,2.5641190429e-08,2.1986150787e-08,2.0688137556e-08,2.0426844099e-08,2.0399854663e-08,2.0398532971e-08,2.0398529946e-08,2.0398557323e-08,2.0398579478e-08,2.0398592673e-08,2.0398597885e-08,2.0398599096e-08,2.0398599244e-08,2.0398599253e-08,2.0398599253e-08,2.0398599161e-08,2.0398588409e-08,2.0398111192e-08,2.0388957897e-08,2.0307106912e-08,1.9933356616e-08,1.8945617196e-08,1.7199370883e-08,1.4861343066e-08,1.3076337857e-08,4.5284599541e-08,7.1347777583e-07,6.9227853914e-06,3.6504937277e-05,1.1707682335e-04,2.6012199262e-04,4.4738741131e-04,6.4613264028e-04,8.2882021543e-04,9.8096542834e-04,1.0993600679e-03,1.1872952834e-03,1.2505562318e-03,1.2950867187e-03,1.3259723043e-03,1.3471803431e-03,1.3616447268e-03,1.3714646967e-03,1.3781109860e-03,1.3825999456e-03,1.3856275941e-03,1.3886622624e-03,1.3917038987e-03,1.3947525077e-03,1.3978080914e-03,1.4008706476e-03,1.4039401701e-03,1.4070166472e-03,1.4101000608e-03,1.4131903849e-03,1.4162875843e-03,1.4193916127e-03,1.4225024100e-03,1.4256199002e-03,1.4287439883e-03,1.4318745558e-03,1.4350114569e-03,1.4381545123e-03,1.4413035020e-03,1.4444581551e-03,1.4476181362e-03,1.4476181362e-03,1.4476181362e-03,1.4476181362e-03,1.4476181362e-03,1.4476181362e-03,1.4476181363e-03,1.4476181362e-03,1.4476181362e-03,1.4476181362e-03,1.4476181362e-03,1.4476181362e-03,1.4476181363e-03,1.4476181362e-03,1.4476181363e-03,1.4476181362e-03,1.4476181362e-03,1.4476181362e-03,1.4476181363e-03,1.4476181362e-03,1.4476181362e-03,1.4476181362e-03,1.4476181362e-03,1.4476181362e-03,1.4476181362e-03,1.4476181362e-03,1.4476181362e-03,1.4476181362e-03,1.4476181362e-03,1.4476181362e-03,1.4476181362e-03,1.4476181362e-03,1.4476181362e-03,1.4476181362e-03,1.4476181362e-03,1.4476181362e-03,1.4476181362e-03,1.4476181362e-03,1.4476181362e-03,1.4476181362e-03,1.4476181362e-03,1.4476181362e-03,1.4476181362e-03,1.4476181362e-03,1.4476181362e-03,1.4476181362e-03,1.4476181362e-03,1.4476181362e-03,1.4476181362e-03,1.4476181362e-03,1.4476181362e-03,1.4476181362e-03,1.4476181362e-03,1.4476181362e-03,1.4476181362e-03,1.4476181362e-03,1.4476181362e-03,1.4476181362e-03,1.4476181362e-03,1.4476181362e-03,1.4476181362e-03,1.4476181362e-03,1.4476181362e-03,1.4476181362e-03,1.4476181362e-03,1.4476181362e-03,1.4476181362e-03,1.4476181362e-03,1.4476181362e-03,1.4476181362e-03,1.4476181362e-03,1.4476181362e-03,1.4476181362e-03,1.4476181362e-03,1.4476181362e-03,1.4476181362e-03,1.4476181362e-03,1.4476181362e-03,1.4476181362e-03,1.4476181362e-03,1.4476181362e-03,1.4476181362e-03,1.4476181362e-03,1.4476181362e-03,1.4476181362e-03,1.4476181362e-03,1.4476181362e-03,1.4476181362e-03,1.4476181362e-03,1.4476181362e-03,1.4476181362e-03,1.4476181362e-03,1.4476181362e-03,1.4476181362e-03,1.4476181362e-03,1.4476181362e-03,1.4476181362e-03,1.4476181362e-03,1.4476181362e-03,1.4476181362e-03,1.4476181362e-03,1.4476181362e-03,1.4476181362e-03,1.4476181362e-03,1.4476181362e-03,1.4476181362e-03,1.4476181362e-03,1.4476181362e-03,1.4476181362e-03,1.4476181362e-03,1.4476181362e-03,1.4476181362e-03,1.4476181362e-03,1.4476181362e-03,1.4476181362e-03,1.4476181362e-03,1.4476181362e-03,1.4476181362e-03,1.4476181362e-03,1.4476181362e-03,1.4476181362e-03,1.4476181362e-03,1.4476181362e-03,1.4476181362e-03,1.4476181362e-03,1.4476181362e-03,1.4476181362e-03,1.4476181362e-03,1.4476181362e-03,1.4476181362e-03,1.4476181362e-03,1.4476181362e-03,1.4476181362e-03,1.4476181362e-03,1.4476181362e-03,1.4476181362e-03,1.4476181362e-03,1.4476181362e-03,1.4476181362e-03,1.4476181362e-03,1.4476181362e-03,1.4476181362e-03,1.4476181362e-03,1.4476181362e-03,1.4476181362e-03,1.4476181362e-03,1.4476181362e-03,1.4476181362e-03,1.4476181362e-03,1.4476181362e-03,1.4476181362e-03,1.4476181362e-03,1.4476181362e-03,1.4476181362e-03,1.4476181362e-03,1.4476181362e-03,1.4476181362e-03,1.4476181362e-03,1.4476181362e-03,1.4476181362e-03,1.4476181362e-03,1.4476181362e-03,1.4476181362e-03,1.4476181362e-03,1.4476181362e-03,1.4476181362e-03,1.4476181362e-03,1.4476181362e-03,1.4476181362e-03,1.4476181362e-03,1.4476181362e-03,1.4476181362e-03,1.4476181362e-03,1.4476181362e-03,1.4476181362e-03,1.4476181362e-03,1.4476181362e-03,1.4476181362e-03,1.4476181362e-03,1.4476181362e-03,1.4476181362e-03,1.4476181362e-03,1.4476181362e-03,1.4476181362e-03,1.4476181362e-03,1.4476181362e-03,1.4476181362e-03,1.4476181362e-03,1.4476181362e-03,1.4476181362e-03,1.4476181362e-03,1.4476181362e-03,1.4476181362e-03,1.4476181362e-03,1.4476181362e-03,1.4476181362e-03,1.4476181362e-03,1.4476181362e-03,1.4476181362e-03,1.4476181362e-03,1.4476181362e-03,5.0002648799e-02,5.0002648799e-02,5.0002648798e-02,5.0002648800e-02,5.0002648799e-02,5.0002648798e-02,5.0002648798e-02,5.0002648798e-02,5.0002648799e-02,5.0002648799e-02,5.0002648800e-02,5.0002648797e-02,5.0002648797e-02,5.0002648799e-02,5.0002648800e-02,5.0002648799e-02,5.0002648798e-02,5.0002648800e-02,5.0002648798e-02,5.0002648798e-02,5.0002648799e-02,5.0002648798e-02,5.0002648800e-02,5.0002648798e-02,5.0002648799e-02,5.0002648798e-02,5.0002648799e-02,5.0002648799e-02,5.0002648798e-02,5.0002648799e-02,5.0002648799e-02,5.0002648799e-02,5.0002648799e-02,5.0002648799e-02,5.0002648799e-02,5.0002648799e-02,5.0002648799e-02,5.0002648799e-02,5.0002648799e-02,5.0002648799e-02,5.0002648799e-02,5.0002648799e-02,5.0002648799e-02,5.0002648799e-02,5.0002648799e-02,5.0002648799e-02,5.0002648799e-02,5.0002648799e-02,5.0002648799e-02,5.0002648799e-02,5.0002648799e-02,5.0002648799e-02,5.0002648799e-02,5.0002648799e-02,5.0002648799e-02,5.0002648799e-02,5.0002648799e-02,5.0002648799e-02,5.0002648799e-02,5.0002648799e-02,5.0002648799e-02,5.0002648799e-02,5.0002648799e-02,5.0002648799e-02,5.0002648799e-02,5.0002648799e-02,5.0002648799e-02,5.0002648799e-02,5.0002648799e-02,5.0002648799e-02,5.0002648799e-02,5.0002648799e-02,5.0002648799e-02,5.0002648799e-02,5.0002648799e-02,5.0002648799e-02,5.0002648799e-02,5.0002648799e-02,5.0002648799e-02,5.0002648799e-02,5.0002648798e-02,5.0002648798e-02,5.0002648799e-02,5.0002648799e-02,5.0002648798e-02,5.0002648799e-02,5.0002648798e-02,5.0002648799e-02,5.0002648799e-02,5.0002648799e-02,5.0002648799e-02,5.0002648799e-02,5.0002648798e-02,5.0002648799e-02,5.0002648798e-02,5.0002648799e-02,5.0002648799e-02,5.0002648799e-02,5.0002648798e-02,5.0002648799e-02,5.0002648798e-02,5.0002648799e-02
6.9176812435e+05,8.6000010163e-08,8.5862485610e-08,8.5725242661e-08,8.5588282853e-08,8.5451604844e-08,8.5315207881e-08,8.5179091951e-08,8.5043256004e-08,8.4907700155e-08,8.4772422356e-08,8.4637423734e-08,8.4502702898e-08,8.4368258634e-08,8.4234091674e-08,8.4100200821e-08,8.3966584964e-08,8.3833243925e-08,8.3700177823e-08,8.3567385198e-08,8.3434866104e-08,8.3302619095e-08,8.3170646737e-08,8.2974919069e-08,8.2684997679e-08,8.2256347656e-08,8.1624332260e-08,8.0696284308e-08,7.9341835693e-08,7.7382943792e-08,7.4587905686e-08,7.0679291262e-08,6.5374943798e-08,5.8491309622e-08,5.0134905696e-08,4.0952475957e-08,3.2254541017e-08,2.5641190429e-08,2.1986150789e-08,2.0688137556e-08,2.0426844107e-08,2.0399854655e-08,2.0398532974e-08,2.0398529943e-08,2.0398557326e-08,2.0398579478e-08,2.0398592672e-08,2.0398597886e-08,2.0398599096e-08,2.0398599244e-08,2.0398599253e-08,2.0398599253e-08,2.0398599160e-08,2.0398588409e-08,2.0398111193e-08,2.0388957897e-08,2.0307106911e-08,1.9933356616e-08,1.8945617195e-08,1.7199370882e-08,1.4861343075e-08,1.3076337850e-08,4.5284599536e-08,7.1347777583e-07,6.9227853915e-06,3.6504937277e-05,1.1707682335e-04,2.6012199262e-04,4.4738741130e-04,6.4613264028e-04,8.2882021543e-04,9.8096542833e-04,1.0993600679e-03,1.1872952834e-03,1.2505562318e-03,1.2950867187e-03,1.3259723043e-03,1.3471803431e-03,1.3616447268e-03,1.3714646967e-03,1.3781109860e-03,1.3825999456e-03,1.3856275941e-03,1.3886622624e-03,1.3917038986e-03,1.3947525077e-03,1.3978080914e-03,1.4008706476e-03,1.4039401701e-03,1.4070166472e-03,1.4101000608e-03,1.4131903849e-03,1.4162875843e-03,1.4193916127e-03,1.4225024100e-03,1.4256199002e-03,1.4287439883e-03,1.4318745558e-03,1.4350114569e-03,1.4381545123e-03,1.4413035020e-03,1.4444581551e-03,1.4476181362e-03,1.4476181362e-03,1.4476181362e-03,1.4476181362e-03,1.4476181362e-03,1.4476181362e-03,1.4476181363e-03,1.4476181362e-03,1.4476181362e-03,1.4476181362e-03,1.4476181362e-03,1.4476181362e-03,1.4476181362e-03,1.4476181362e-03,1.4476181363e-03,1.4476181362e-03,1.4476181362e-03,1.4476181362e-03,1.4476181362e-03,1.4476181363e-03,1.4476181362e-03,1.4476181362e-03,1.4476181362e-03,1.4476181362e-03,1.4476181362e-03,1.4476181362e-03,1.4476181362e-03,1.4476181362e-03,1.4476181362e-03,1.4476181362e-03,1.4476181362e-03,1.4476181362e-03,1.4476181362e-03,1.4476181362e-03,1.4476181362e-03,1.4476181362e-03,1.4476181362e-03,1.4476181362e-03,1.4476181362e-03,1.4476181362e-03,1.4476181362e-03,1.4476181362e-03,1.4476181362e-03,1.4476181362e-03,1.4476181362e-03,1.4476181362e-03,1.4476181362e-03,1.4476181362e-03,1.4476181362e-03,1.4476181362e-03,1.4476181362e-03,1.4476181362e-03,1.4476181362e-03,1.4476181362e-03,1.4476181362e-03,1.4476181362e-03,1.4476181362e-03,1.4476181362e-03,1.4476181362e-03,1.4476181362e-03,1.4476181362e-03,1.4476181362e-03,1.4476181362e-03,1.4476181362e-03,1.4476181362e-03,1.4476181362e-03,1.4476181362e-03,1.4476181362e-03,1.4476181362e-03,1.4476181362e-03,1.4476181362e-03,1.4476181362e-03,1.4476181362e-03,1.4476181362e-03,1.4476181362e-03,1.4476181362e-03,1.4476181362e-03,1.4476181362e-03,1.4476181362e-03,1.4476181362e-03,1.4476181362e-03,1.4476181362e-03,1.4476181362e-03,1.4476181362e-03,1.4476181362e-03,1.4476181362e-03,1.4476181362e-03,1.4476181362e-03,1.4476181362e-03,1.4476181362e-03,1.4476181362e-03,1.4476181362e-03,1.4476181362e-03,1.4476181362e-03,1.4476181362e-03,1.4476181362e-03,1.4476181362e-03,1.4476181362e-03,1.4476181362e-03,1.4476181362e-03,1.4476181362e-03,1.4476181362e-03,1.4476181362e-03,1.4476181362e-03,1.4476181362e-03,1.4476181362e-03,1.4476181362e-03,1.4476181362e-03,1.4476181362e-03,1.4476181362e-03,1.4476181362e-03,1.4476181362e-03,1.4476181362e-03,1.4476181362e-03,1.4476181362e-03,1.4476181362e-03,1.4476181362e-03,1.4476181362e-03,1.4476181362e-03,1.4476181362e-03,1.4476181362e-03,1.4476181362e-03,1.4476181362e-03,1.4476181362e-03,1.4476181362e-03,1.4476181362e-03,1.4476181362e-03,1.4476181362e-03,1.4476181362e-03,1.4476181362e-03,1.4476181362e-03,1.4476181362e-03,1.4476181362e-03,1.4476181362e-03,1.4476181362e-03,1.4476181362e-03,1.4476181362e-03,1.4476181362e-03,1.4476181362e-03,1.4476181362e-03,1.4476181362e-03,1.4476181362e-03,1.4476181362e-03,1.4476181362e-03,1.4476181362e-03,1.4476181362e-03,1.4476181362e-03,1.4476181362e-03,1.4476181362e-03,1.4476181362e-03,1.4476181362e-03,1.4476181362e-03,1.4476181362e-03,1.4476181362e-03,1.4476181362e-03,1.4476181362e-03,1.4476181362e-03,1.4476181362e-03,1.4476181362e-03,1.4476181362e-03,1.4476181362e-03,1.4476181362e-03,1.4476181362e-03,1.4476181362e-03,1.4476181362e-03,1.4476181362e-03,1.4476181362e-03,1.4476181362e-03,1.4476181362e-03,1.4476181362e-03,1.4476181362e-03,1.4476181362e-03,1.4476181362e-03,1.4476181362e-03,1.4476181362e-03,1.4476181362e-03,1.4476181362e-03,1.4476181362e-03,1.4476181362e-03,1.4476181362e-03,1.4476181362e-03,1.4476181362e-03,1.4476181362e-03,1.4476181362e-03,1.4476181362e-03,1.4476181362e-03,1.4476181362e-03,1.4476181362e-03,1.4476181362e-03,1.4476181362e-03,1.4476181362e-03,1.4476181362e-03,1.4476181362e-03,1.4476181362e-03,1.4476181362e-03,1.4476181362e-03,1.4476181362e-03,1.4476181362e-03,1.4476181362e-03,1.4476181362e-03,1.4476181363e-03,5.0002648799e-02,5.0002648799e-02,5.0002648799e-02,5.0002648798e-02,5.0002648798e-02,5.0002648800e-02,5.0002648798e-02,5.0002648797e-02,5.0002648798e-02,5.0002648800e-02,5.0002648797e-02,5.0002648800e-02,5.0002648797e-02,5.0002648798e-02,5.0002648801e-02,5.0002648797e-02,5.0002648798e-02,5.0002648801e-02,5.0002648796e-02,5.0002648798e-02,5.0002648799e-02,5.0002648799e-02,5.0002648798e-02,5.0002648799e-02,5.0002648799e-02,5.0002648798e-02,5.0002648798e-02,5.0002648799e-02,5.0002648799e-02,5.0002648799e-02,5.0002648799e-02,5.0002648799e-02,5.0002648799e-02,5.0002648799e-02,5.0002648799e-02,5.0002648799e-02,5.0002648799e-02,5.0002648799e-02,5.0002648799e-02,5.0002648799e-02,5.0002648799e-02,5.0002648799e-02,5.0002648799e-02,5.0002648799e-02,5.0002648799e-02,5.0002648799e-02,5.0002648799e-02,5.0002648799e-02,5.0002648799e-02,5.0002648799e-02,5.0002648799e-02,5.0002648799e-02,5.0002648799e-02,5.0002648799e-02,5.0002648799e-02,5.0002648799e-02,5.0002648799e-02,5.0002648799e-02,5.0002648799e-02,5.0002648799e-02,5.0002648799e-02,5.0002648799e-02,5.0002648799e-02,5.0002648799e-02,5.0002648799e-02,5.0002648799e-02,5.0002648799e-02,5.0002648799e-02,5.0002648799e-02,5.0002648799e-02,5.0002648799e-02,5.0002648799e-02,5.0002648799e-02,5.0002648799e-02,5.0002648799e-02,5.0002648799e-02,5.0002648799e-02,5.0002648799e-02,5.0002648799e-02,5.0002648799e-02,5.0002648799e-02,5.0002648798e-02,5.0002648799e-02,5.0002648799e-02,5.0002648799e-02,5.0002648798e-02,5.0002648799e-02,5.0002648799e-02,5.0002648798e-02,5.0002648799e-02,5.0002648799e-02,5.0002648798e-02,5.0002648799e-02,5.0002648799e-02,5.0002648798e-02,5.0002648798e-02,5.0002648799e-02,5.0002648799e-02,5.0002648799e-02,5.0002648798e-02,5.0002648799e-02,5.0002648799e-02
7.1076812435e+05,8.6000013463e-08,8.5862485122e-08,8.5725242950e-08,8.5588282835e-08,8.5451604597e-08,8.5315207775e-08,8.5179092159e-08,8.5043256093e-08,8.4907699792e-08,8.4772422622e-08,8.4637423973e-08,8.4502702500e-08,8.4368258971e-08,8.4234091468e-08,8.4100200527e-08,8.3966585039e-08,8.3833244367e-08,8.3700177824e-08,8.3567385266e-08,8.3434865874e-08,8.3302618667e-08,8.3170646783e-08,8.2974919203e-08,8.2684997671e-08,8.2256347627e-08,8.1624332252e-08,8.0696284321e-08,7.9341835688e-08,7.7382943778e-08,7.4587905695e-08,7.0679291257e-08,6.5374943793e-08,5.8491309616e-08,5.0134905695e-08,4.0952475957e-08,3.2254541013e-08,2.5641190424e-08,2.1986150789e-08,2.0688137561e-08,2.0426844106e-08,2.0399854658e-08,2.0398532970e-08,2.0398529946e-08,2.0398557325e-08,2.0398579479e-08,2.0398592672e-08,2.0398597886e-08,2.0398599096e-08,2.0398599244e-08,2.0398599253e-08,2.0398599253e-08,2.0398599161e-08,2.0398588409e-08,2.0398111193e-08,2.0388957897e-08,2.0307106911e-08,1.9933356616e-08,1.8945617196e-08,1.7199370885e-08,1.4861343067e-08,1.3076337855e-08,4.5284599534e-08,7.1347777584e-07,6.9227853914e-06,3.6504937277e-05,1.1707682335e-04,2.6012199262e-04,4.4738741131e-04,6.4613264028e-04,8.2882021543e-04,9.8096542833e-04,1.0993600679e-03,1.1872952834e-03,1.2505562318e-03,1.2950867187e-03,1.3259723043e-03,1.3471803431e-03,1.3616447268e-03,1.3714646967e-03,1.3781109860e-03,1.3825999456e-03,1.3856275941e-03,1.3886622624e-03,1.3917038987e-03,1.3947525077e-03,1.3978080914e-03,1.4008706476e-03,1.4039401701e-03,1.4070166472e-03,1.4101000608e-03,1.4131903849e-03,1.4162875843e-03,1.4193916127e-03,1.4225024100e-03,1.4256199002e-03,1.4287439883e-03,1.4318745558e-03,1.4350114569e-03,1.4381545123e-03,1.4413035020e-03,1.4444581551e-03,1.4476181362e-03,1.4476181362e-03,1.4476181362e-03,1.4476181362e-03,1.4476181362e-03,1.4476181362e-03,1.4476181362e-03,1.4476181362e-03,1.4476181362e-03,1.4476181362e-03,1.4476181362e-03,1.4476181362e-03,1.4476181362e-03,1.4476181363e-03,1.4476181362e-03,1.4476181362e-03,1.4476181362e-03,1.4476181363e-03,1.4476181362e-03,1.4476181362e-03,1.4476181362e-03,1.4476181362e-03,1.4476181362e-03,1.4476181362e-03,1.4476181362e-03,1.4476181362e-03,1.4476181362e-03,1.4476181362e-03,1.4476181362e-03,1.4476181362e-03,1.4476181362e-03,1.4476181362e-03,1.4476181362e-03,1.4476181362e-03,1.4476181362e-03,1.4476181362e-03,1.4476181362e-03,1.4476181362e-03,1.4476181362e-03,1.4476181362e-03,1.4476181362e-03,1.4476181362e-03,1.4476181362e-03,1.4476181362e-03,1.4476181362e-03,1.4476181362e-03,1.4476181362e-03,1.4476181362e-03,1.4476181362e-03,1.4476181362e-03,1.4476181362e-03,1.4476181362e-03,1.4476181362e-03,1.4476181362e-03,1.4476181362e-03,1.4476181362e-03,1.4476181362e-03,1.4476181362e-03,1.4476181362e-03,1.4476181362e-03,1.4476181362e-03,1.4476181362e-03,1.4476181362e-03,1.4476181362e-03,1.4476181362e-03,1.4476181362e-03,1.4476181362e-03,1.4476181362e-03,1.4476181362e-03,1.4476181362e-03,1.4476181362e-03,1.4476181362e-03,1.4476181362e-03,1.4476181362e-03,1.4476181362e-03,1.4476181362e-03,1.4476181362e-03,1.4476181362e-03,1.4476181362e-03,1.4476181362e-03,1.4476181362e-03,1.4476181362e-03,1.4476181362e-03,1.4476181362e-03,1.4476181362e-03,1.4476181362e-03,1.4476181362e-03,1.4476181362e-03,1.4476181362e-03,1.4476181362e-03,1.4476181362e-03,1.4476181362e-03,1.4476181362e-03,1.4476181362e-03,1.4476181362e-03,1.4476181362e-03,1.4476181362e-03,1.4476181362e-03,1.4476181362e-03,1.4476181362e-03,1.4476181362e-03,1.4476181362e-03,1.4476181362e-03,1.4476181362e-03,1.4476181362e-03,1.4476181362e-03,1.4476181362e-03,1.4476181362e-03,1.4476181362e-03,1.4476181362e-03,1.4476181362e-03,1.4476181362e-03,1.4476181362e-03,1.4476181362e-03,1.4476181362e-03,1.4476181362e-03,1.4476181362e-03,1.4476181362e-03,1.4476181362e-03,1.4476181362e-03,1.4476181362e-03,1.4476181362e-03,1.4476181362e-03,1.4476181362e-03,1.4476181362e-03,1.4476181362e-03,1.4476181362e-03,1.4476181362e-03,1.4476181362e-03,1.4476181362e-03,1.4476181362e-03,1.4476181362e-03,1.4476181362e-03,1.4476181362e-03,1.4476181362e-03,1.4476181362e-03,1.4476181362e-03,1.4476181362e-03,1.4476181362e-03,1.4476181362e-03,1.4476181362e-03,1.4476181362e-03,1.4476181362e-03,1.4476181362e-03,1.4476181362e-03,1.4476181362e-03,1.4476181362e-03,1.4476181362e-03,1.4476181362e-03,1.4476181362e-03,1.4476181362e-03,1.4476181362e-03,1.4476181362e-03,1.4476181362e-03,1.4476181362e-03,1.4476181362e-03,1.4476181362e-03,1.4476181362e-03,1.4476181362e-03,1.4476181362e-03,1.4476181362e-03,1.4476181362e-03,1.4476181362e-03,1.4476181362e-03,1.4476181362e-03,1.4476181362e-03,1.4476181362e-03,1.4476181362e-03,1.4476181362e-03,1.4476181362e-03,1.4476181362e-03,1.4476181362e-03,1.4476181362e-03,1.4476181362e-03,1.4476181362e-03,1.4476181362e-03,1.4476181362e-03,1.4476181362e-03,1.4476181362e-03,1.4476181362e-03,1.4476181362e-03,1.4476181362e-03,1.4476181362e-03,1.4476181362e-03,1.4476181362e-03,1.4476181362e-03,1.4476181362e-03,1.4476181362e-03,1.4476181362e-03,1.4476181362e-03,1.4476181362e-03,1.4476181362e-03,1.4476181362e-03,1.4476181362e-03,1.4476181362e-03,1.4476181362e-03,1.4476181362e-03,1.4476181362e-03,1.4476181362e-03,1.4476181363e-03,1.4476181362e-03,5.0002648799e-02,5.0002648798e-02,5.0002648799e-02,5.0002648798e-02,5.0002648799e-02,5.0002648801e-02,5.0002648798e-02,5.0002648798e-02,5.0002648798e-02,5.0002648801e-02,5.0002648798e-02,5.0002648799e-02,5.0002648797e-02,5.0002648799e-02,5.0002648798e-02,5.0002648798e-02,5.0002648801e-02,5.0002648799e-02,5.0002648797e-02,5.0002648799e-02,5.0002648798e-02,5.0002648799e-02,5.0002648799e-02,5.0002648798e-02,5.0002648799e-02,5.0002648798e-02,5.0002648799e-02,5.0002648799e-02,5.0002648798e-02,5.0002648799e-02,5.0002648799e-02,5.0002648799e-02,5.0002648799e-02,5.0002648799e-02,5.0002648799e-02,5.0002648799e-02,5.0002648799e-02,5.0002648799e-02,5.0002648799e-02,5.0002648799e-02,5.0002648799e-02,5.0002648799e-02,5.0002648799e-02,5.0002648799e-02,5.0002648799e-02,5.0002648799e-02,5.0002648799e-02,5.0002648799e-02,5.0002648799e-02,5.0002648799e-02,5.0002648799e-02,5.0002648799e-02,5.0002648799e-02,5.0002648799e-02,5.0002648799e-02,5.0002648799e-02,5.0002648799e-02,5.0002648799e-02,5.0002648799e-02,5.0002648799e-02,5.0002648799e-02,5.0002648799e-02,5.0002648799e-02,5.0002648799e-02,5.0002648799e-02,5.0002648799e-02,5.0002648799e-02,5.0002648799e-02,5.0002648799e-02,5.0002648799e-02,5.0002648799e-02,5.0002648799e-02,5.0002648799e-02,5.0002648799e-02,5.0002648799e-02,5.0002648799e-02,5.0002648799e-02,5.0002648799e-02,5.0002648799e-02,5.0002648799e-02,5.0002648799e-02,5.0002648798e-02,5.0002648799e-02,5.0002648799e-02,5.0002648798e-02,5.0002648799e-02,5.0002648799e-02,5.0002648798e-02,5.0002648799e-02,5.0002648799e-02,5.0002648798e-02,5.0002648798e-02,5.0002648799e-02,5.0002648799e-02,5.0002648799e-02,5.0002648798e-02,5.0002648799e-02,5.0002648799e-02,5.0002648799e-02,5.0002648799e-02,5.0002648798e-02,5.0002648799e-02
7.2976812435e+05,8.6000008274e-08,8.5862485119e-08,8.5725243049e-08,8.5588282554e-08,8.5451604664e-08,8.5315208009e-08,8.5179092105e-08,8.5043256354e-08,8.4907699700e-08,8.4772422666e-08,8.4637423893e-08,8.4502702459e-08,8.4368259048e-08,8.4234091566e-08,8.4100200381e-08,8.3966585120e-08,8.3833244264e-08,8.3700177741e-08,8.3567385294e-08,8.3434865972e-08,8.3302618775e-08,8.3170646733e-08,8.2974919290e-08,8.2684997730e-08,8.2256347573e-08,8.1624332287e-08,8.0696284285e-08,7.9341835712e-08,7.7382943781e-08,7.4587905692e-08,7.0679291263e-08,6.5374943794e-08,5.8491309619e-08,5.0134905693e-08,4.0952475953e-08,3.2254541014e-08,2.5641190428e-08,2.1986150795e-08,2.0688137553e-08,2.0426844107e-08,2.0399854660e-08,2.0398532971e-08,2.0398529945e-08,2.0398557324e-08,2.0398579478e-08,2.0398592672e-08,2.0398597886e-08,2.0398599096e-08,2.0398599244e-08,2.0398599253e-08,2.0398599253e-08,2.0398599160e-08,2.0398588409e-08,2.0398111192e-08,2.0388957897e-08,2.0307106912e-08,1.9933356617e-08,1.8945617194e-08,1.7199370883e-08,1.4861343070e-08,1.3076337853e-08,4.5284599534e-08,7.1347777584e-07,6.9227853915e-06,3.6504937277e-05,1.1707682335e-04,2.6012199262e-04,4.4738741131e-04,6.4613264028e-04,8.2882021543e-04,9.8096542833e-04,1.0993600679e-03,1.1872952834e-03,1.2505562318e-03,1.2950867187e-03,1.3259723043e-03,1.3471803431e-03,1.3616447268e-03,1.3714646967e-03,1.3781109860e-03,1.3825999456e-03,1.3856275941e-03,1.3886622624e-03,1.3917038986e-03,1.3947525077e-03,1.3978080914e-03,1.4008706476e-03,1.4039401701e-03,1.4070166472e-03,1.4101000608e-03,1.4131903849e-03,1.4162875843e-03,1.4193916127e-03,1.4225024100e-03,1.4256199002e-03,1.4287439883e-03,1.4318745558e-03,1.4350114569e-03,1.4381545123e-03,1.4413035020e-03,1.4444581551e-03,1.4476181362e-03,1.4476181362e-03,1.4476181362e-03,1.4476181362e-03,1.4476181362e-03,1.4476181362e-03,1.4476181362e-03,1.4476181362e-03,1.4476181363e-03,1.4476181362e-03,1.4476181362e-03,1.4476181362e-03,1.4476181363e-03,1.4476181362e-03,1.4476181362e-03,1.4476181362e-03,1.4476181362e-03,1.4476181362e-03,1.4476181362e-03,1.4476181362e-03,1.4476181362e-03,1.4476181362e-03,1.4476181362e-03,1.4476181362e-03,1.4476181362e-03,1.4476181362e-03,1.4476181362e-03,1.4476181362e-03,1.4476181362e-03,1.4476181362e-03,1.4476181362e-03,1.4476181362e-03,1.4476181362e-03,1.4476181362e-03,1.4476181362e-03,1.4476181362e-03,1.4476181362e-03,1.4476181362e-03,1.4476181362e-03,1.4476181362e-03,1.4476181362e-03,1.4476181362e-03,1.4476181362e-03,1.4476181362e-03,1.4476181362e-03,1.4476181362e-03,1.4476181362e-03,1.4476181362e-03,1.4476181362e-03,1.4476181362e-03,1.4476181362e-03,1.4476181362e-03,1.4476181362e-03,1.4476181362e-03,1.4476181362e-03,1.4476181362e-03,1.4476181362e-03,1.4476181362e-03,1.4476181362e-03,1.4476181362e-03,1.4476181362e-03,1.4476181362e-03,1.4476181362e-03,1.4476181362e-03,1.4476181362e-03,1.4476181362e-03,1.4476181362e-03,1.4476181362e-03,1.4476181362e-03,1.4476181362e-03,1.4476181362e-03,1.4476181362e-03,1.4476181362e-03,1.4476181362e-03,1.4476181362e-03,1.4476181362e-03,1.4476181362e-03,1.4476181362e-03,1.4476181362e-03,1.4476181362e-03,1.4476181362e-03,1.4476181362e-03,1.4476181362e-03,1.4476181362e-03,1.4476181362e-03,1.4476181362e-03,1.4476181362e-03,1.4476181362e-03,1.4476181362e-03,1.4476181362e-03,1.4476181362e-03,1.4476181362e-03,1.4476181362e-03,1.4476181362e-03,1.4476181362e-03,1.4476181362e-03,1.4476181362e-03,1.4476181362e-03,1.4476181362e-03,1.4476181362e-03,1.4476181362e-03,1.4476181362e-03,1.4476181362e-03,1.4476181362e-03,1.4476181362e-03,1.4476181362e-03,1.4476181362e-03,1.4476181362e-03,1.4476181362e-03,1.4476181362e-03,1.4476181362e-03,1.4476181362e-03,1.4476181362e-03,1.4476181362e-03,1.4476181362e-03,1.4476181362e-03,1.4476181362e-03,1.4476181362e-03,1.4476181362e-03,1.4476181362e-03,1.4476181362e-03,1.4476181362e-03,1.4476181362e-03,1.4476181362e-03,1.4476181362e-03,1.4476181362e-03,1.4476181362e-03,1.4476181362e-03,1.4476181362e-03,1.4476181362e-03,1.4476181362e-03,1.4476181362e-03,1.4476181362e-03,1.4476181362e-03,1.4476181362e-03,1.4476181362e-03,1.4476181362e-03,1.4476181362e-03,1.4476181362e-03,1.4476181362e-03,1.4476181362e-03,1.4476181362e-03,1.4476181362e-03,1.4476181362e-03,1.4476181362e-03,1.4476181362e-03,1.4476181362e-03,1.4476181362e-03,1.4476181362e-03,1.4476181362e-03,1.4476181362e-03,1.4476181362e-03,1.4476181362e-03,1.4476181362e-03,1.4476181362e-03,1.4476181362e-03,1.4476181362e-03,1.4476181362e-03,1.4476181362e-03,1.4476181362e-03,1.4476181362e-03,1.4476181362e-03,1.4476181362e-03,1.4476181362e-03,1.4476181362e-03,1.4476181362e-03,1.4476181362e-03,1.4476181362e-03,1.4476181362e-03,1.4476181362e-03,1.4476181362e-03,1.4476181362e-03,1.4476181362e-03,1.4476181362e-03,1.4476181362e-03,1.4476181362e-03,1.4476181362e-03,1.4476181362e-03,1.4476181362e-03,1.4476181362e-03,1.4476181362e-03,1.4476181362e-03,1.4476181362e-03,1.4476181362e-03,1.4476181362e-03,1.4476181362e-03,1.4476181362e-03,1.4476181362e-03,1.4476181362e-03,1.4476181362e-03,1.4476181362e-03,1.4476181362e-03,1.4476181362e-03,1.4476181362e-03,1.4476181362e-03,1.4476181362e-03,1.4476181362e-03,1.4476181362e-03,1.4476181362e-03,1.4476181362e-03,1.4476181362e-03,5.0002648799e-02,5.0002648799e-02,5.0002648798e-02,5.0002648798e-02,5.0002648799e-02,5.0002648798e-02,5.0002648798e-02,5.0002648800e-02,5.0002648798e-02,5.0002648798e-02,5.0002648798e-02,5.0002648799e-02,5.0002648800e-02,5.0002648797e-02,5.0002648799e-02,5.0002648798e-02,5.0002648801e-02,5.0002648798e-02,5.0002648798e-02,5.0002648799e-02,5.0002648798e-02,5.0002648799e-02,5.0002648798e-02,5.0002648799e-02,5.0002648798e-02,5.0002648799e-02,5.0002648799e-02,5.0002648799e-02,5.0002648799e-02,5.0002648799e-02,5.0002648799e-02,5.0002648799e-02,5.0002648799e-02,5.0002648799e-02,5.0002648799e-02,5.0002648799e-02,5.0002648799e-02,5.0002648799e-02,5.0002648799e-02,5.0002648799e-02,5.0002648799e-02,5.0002648799e-02,5.0002648799e-02,5.0002648799e-02,5.0002648799e-02,5.0002648799e-02,5.0002648799e-02,5.0002648799e-02,5.0002648799e-02,5.0002648799e-02,5.0002648799e-02,5.0002648799e-02,5.0002648799e-02,5.0002648799e-02,5.0002648799e-02,5.0002648799e-02,5.0002648799e-02,5.0002648799e-02,5.0002648799e-02,5.0002648799e-02,5.0002648799e-02,5.0002648799e-02,5.0002648799e-02,5.0002648799e-02,5.0002648799e-02,5.0002648799e-02,5.0002648799e-02,5.0002648799e-02,5.0002648799e-02,5.0002648799e-02,5.0002648799e-02,5.0002648799e-02,5.0002648799e-02,5.0002648799e-02,5.0002648799e-02,5.0002648799e-02,5.0002648799e-02,5.0002648798e-02,5.0002648799e-02,5.0002648799e-02,5.0002648798e-02,5.0002648799e-02,5.0002648798e-02,5.0002648798e-02,5.0002648799e-02,5.0002648799e-02,5.0002648798e-02,5.0002648799e-02,5.0002648798e-02,5.0002648799e-02,5.0002648799e-02,5.0002648798e-02,5.0002648799e-02,5.0002648799e-02,5.0002648798e-02,5.0002648798e-02,5.0002648799e-02,5.0002648798e-02,5.0002648799e-02,5.0002648798e-02,5.0002648799e-02,5.0002648799e-02
7.4776812435e+05,8.6000009177e-08,8.5862485402e-08,8.5725242870e-08,8.5588282806e-08,8.5451604553e-08,8.5315208123e-08,8.5179091745e-08,8.5043256119e-08,8.4907699917e-08,8.4772422768e-08,8.4637423674e-08,8.4502702741e-08,8.4368258962e-08,8.4234091345e-08,8.4100200777e-08,8.3966585066e-08,8.3833243987e-08,8.3700177744e-08,8.3567385587e-08,8.3434865459e-08,8.3302618979e-08,8.3170646938e-08,8.2974919136e-08,8.2684997689e-08,8.2256347571e-08,8.1624332272e-08,8.0696284296e-08,7.9341835710e-08,7.7382943763e-08,7.4587905686e-08,7.0679291262e-08,6.5374943786e-08,5.8491309619e-08,5.0134905687e-08,4.0952475950e-08,3.2254541012e-08,2.5641190426e-08,2.1986150791e-08,2.0688137559e-08,2.0426844104e-08,2.0399854661e-08,2.0398532970e-08,2.0398529948e-08,2.0398557324e-08,2.0398579477e-08,2.0398592672e-08,2.0398597886e-08,2.0398599095e-08,2.0398599244e-08,2.0398599253e-08,2.0398599253e-08,2.0398599161e-08,2.0398588409e-08,2.0398111193e-08,2.0388957897e-08,2.0307106912e-08,1.9933356616e-08,1.8945617195e-08,1.7199370883e-08,1.4861343069e-08,1.3076337855e-08,4.5284599536e-08,7.1347777583e-07,6.9227853914e-06,3.6504937277e-05,1.1707682335e-04,2.6012199262e-04,4.4738741130e-04,6.4613264028e-04,8.2882021543e-04,9.8096542833e-04,1.0993600679e-03,1.1872952834e-03,1.2505562318e-03,1.2950867187e-03,1.3259723043e-03,1.3471803431e-03,1.3616447268e-03,1.3714646967e-03,1.3781109860e-03,1.3825999456e-03,1.3856275941e-03,1.3886622624e-03,1.3917038986e-03,1.3947525077e-03,1.3978080914e-03,1.4008706476e-03,1.4039401701e-03,1.4070166472e-03,1.4101000608e-03,1.4131903849e-03,1.4162875843e-03,1.4193916127e-03,1.4225024100e-03,1.4256199002e-03,1.4287439883e-03,1.4318745558e-03,1.4350114569e-03,1.4381545123e-03,1.4413035020e-03,1.4444581551e-03,1.4476181362e-03,1.4476181362e-03,1.4476181362e-03,1.4476181362e-03,1.4476181362e-03,1.4476181362e-03,1.4476181362e-03,1.4476181362e-03,1.4476181362e-03,1.4476181363e-03,1.4476181362e-03,1.4476181362e-03,1.4476181362e-03,1.4476181362e-03,1.4476181362e-03,1.4476181362e-03,1.4476181362e-03,1.4476181362e-03,1.4476181362e-03,1.4476181362e-03,1.4476181362e-03,1.4476181362e-03,1.4476181362e-03,1.4476181362e-03,1.4476181362e-03,1.4476181362e-03,1.4476181362e-03,1.4476181362e-03,1.4476181362e-03,1.4476181362e-03,1.4476181362e-03,1.4476181362e-03,1.4476181362e-03,1.4476181362e-03,1.4476181362e-03,1.4476181362e-03,1.4476181362e-03,1.4476181362e-03,1.4476181362e-03,1.4476181362e-03,1.4476181362e-03,1.4476181362e-03,1.4476181362e-03,1.4476181362e-03,1.4476181362e-03,1.4476181362e-03,1.4476181362e-03,1.4476181362e-03,1.4476181362e-03,1.4476181362e-03,1.4476181362e-03,1.4476181362e-03,1.4476181362e-03,1.4476181362e-03,1.4476181362e-03,1.4476181362e-03,1.4476181362e-03,1.4476181362e-03,1.4476181362e-03,1.4476181362e-03,1.4476181362e-03,1.4476181362e-03,1.4476181362e-03,1.4476181362e-03,1.4476181362e-03,1.4476181362e-03,1.4476181362e-03,1.4476181362e-03,1.4476181362e-03,1.4476181362e-03,1.4476181362e-03,1.4476181362e-03,1.4476181362e-03,1.4476181362e-03,1.4476181362e-03,1.4476181362e-03,1.4476181362e-03,1.4476181362e-03,1.4476181362e-03,1.4476181362e-03,1.4476181362e-03,1.4476181362e-03,1.4476181362e-03,1.4476181362e-03,1.4476181362e-03,1.4476181362e-03,1.4476181362e-03,1.4476181362e-03,1.4476181362e-03,1.4476181362e-03,1.4476181362e-03,1.4476181362e-03,1.4476181362e-03,1.4476181362e-03,1.4476181362e-03,1.4476181362e-03,1.4476181362e-03,1.4476181362e-03,1.4476181362e-03,1.4476181362e-03,1.4476181362e-03,1.4476181362e-03,1.4476181362e-03,1.4476181362e-03,1.4476181362e-03,1.4476181362e-03,1.4476181362e-03,1.4476181362e-03,1.4476181362e-03,1.4476181362e-03,1.4476181362e-03,1.4476181362e-03,1.4476181362e-03,1.4476181362e-03,1.4476181362e-03,1.4476181362e-03,1.4476181362e-03,1.4476181362e-03,1.4476181362e-03,1.4476181362e-03,1.4476181362e-03,1.4476181362e-03,1.4476181362e-03,1.4476181362e-03,1.4476181362e-03,1.4476181362e-03,1.4476181362e-03,1.4476181362e-03,1.4476181362e-03,1.4476181362e-03,1.4476181362e-03,1.4476181362e-03,1.4476181362e-03,1.4476181362e-03,1.4476181362e-03,1.4476181362e-03,1.4476181362e-03,1.4476181362e-03,1.4476181362e-03,1.4476181362e-03,1.4476181362e-03,1.4476181362e-03,1.4476181362e-03,1.4476181362e-03,1.4476181362e-03,1.4476181362e-03,1.4476181362e-03,1.4476181362e-03,1.4476181362e-03,1.4476181362e-03,1.4476181362e-03,1.4476181362e-03,1.4476181362e-03,1.4476181362e-03,1.4476181362e-03,1.4476181362e-03,1.4476181362e-03,1.4476181362e-03,1.4476181362e-03,1.4476181362e-03,1.4476181362e-03,1.4476181362e-03,1.4476181362e-03,1.4476181362e-03,1.4476181362e-03,1.4476181362e-03,1.4476181362e-03,1.4476181362e-03,1.4476181362e-03,1.4476181362e-03,1.4476181362e-03,1.4476181362e-03,1.4476181362e-03,1.4476181362e-03,1.4476181362e-03,1.4476181362e-03,1.4476181362e-03,1.4476181362e-03,1.4476181362e-03,1.4476181362e-03,1.4476181362e-03,1.4476181362e-03,1.4476181362e-03,1.4476181362e-03,1.4476181362e-03,1.4476181362e-03,1.4476181362e-03,1.4476181362e-03,1.4476181362e-03,1.4476181362e-03,1.4476181362e-03,1.4476181362e-03,1.4476181362e-03,1.4476181362e-03,1.4476181362e-03,1.4476181362e-03,1.4476181362e-03,1.4476181362e-03,1.4476181362e-03,1.4476181362e-03,1.4476181362e-03,5.0002648799e-02,5.0002648799e-02,5.0002648798e-02,5.0002648799e-02,5.0002648798e-02,5.0002648800e-02,5.0002648797e-02,5.0002648801e-02,5.0002648798e-02,5.0002648797e-02,5.0002648800e-02,5.0002648798e-02,5.0002648798e-02,5.0002648800e-02,5.0002648798e-02,5.0002648798e-02,5.0002648799e-02,5.0002648798e-02,5.0002648799e-02,5.0002648799e-02,5.0002648797e-02,5.0002648798e-02,5.0002648799e-02,5.0002648798e-02,5.0002648799e-02,5.0002648799e-02,5.0002648799e-02,5.0002648799e-02,5.0002648799e-02,5.0002648799e-02,5.0002648799e-02,5.0002648799e-02,5.0002648799e-02,5.0002648799e-02,5.0002648799e-02,5.0002648799e-02,5.0002648799e-02,5.0002648799e-02,5.0002648799e-02,5.0002648799e-02,5.0002648799e-02,5.0002648799e-02,5.0002648799e-02,5.0002648799e-02,5.0002648799e-02,5.0002648799e-02,5.0002648799e-02,5.0002648799e-02,5.0002648799e-02,5.0002648799e-02,5.0002648799e-02,5.0002648799e-02,5.0002648799e-02,5.0002648799e-02,5.0002648799e-02,5.0002648799e-02,5.0002648799e-02,5.0002648799e-02,5.0002648799e-02,5.0002648799e-02,5.0002648799e-02,5.0002648799e-02,5.0002648799e-02,5.0002648799e-02,5.0002648799e-02,5.0002648799e-02,5.0002648799e-02,5.0002648799e-02,5.0002648799e-02,5.0002648799e-02,5.0002648799e-02,5.0002648799e-02,5.0002648799e-02,5.0002648799e-02,5.0002648799e-02,5.0002648799e-02,5.0002648799e-02,5.0002648799e-02,5.0002648799e-02,5.0002648799e-02,5.0002648799e-02,5.0002648798e-02,5.0002648799e-02,5.0002648799e-02,5.0002648799e-02,5.0002648798e-02,5.0002648799e-02,5.0002648799e-02,5.0002648798e-02,5.0002648799e-02,5.0002648799e-02,5.0002648799e-02,5.0002648798e-02,5.0002648799e-02,5.0002648798e-02,5.0002648798e-02,5.0002648799e-02,5.0002648799e-02,5.0002648798e-02,5.0002648799e-02,5.0002648799e-02,5.0002648799e-02
7.6676812435e+05,8.6000010579e-08,8.5862485361e-08,8.5725242956e-08,8.5588282588e-08,8.5451604919e-08,8.5315207640e-08,8.5179092310e-08,8.5043255928e-08,8.4907699876e-08,8.4772422811e-08,8.4637423846e-08,8.4502702451e-08,8.4368259088e-08,8.4234091356e-08,8.4100200490e-08,8.3966584991e-08,8.3833244313e-08,8.3700178000e-08,8.3567385287e-08,8.3434865566e-08,8.3302619308e-08,8.3170646676e-08,8.2974919158e-08,8.2684997692e-08,8.2256347592e-08,8.1624332303e-08,8.0696284312e-08,7.9341835694e-08,7.7382943777e-08,7.4587905708e-08,7.0679291258e-08,6.5374943801e-08,5.8491309623e-08,5.0134905698e-08,4.0952475959e-08,3.2254541014e-08,2.5641190425e-08,2.1986150793e-08,2.0688137556e-08,2.0426844106e-08,2.0399854655e-08,2.0398532975e-08,2.0398529943e-08,2.0398557326e-08,2.0398579478e-08,2.0398592673e-08,2.0398597886e-08,2.0398599096e-08,2.0398599244e-08,2.0398599253e-08,2.0398599253e-08,2.0398599161e-08,2.0398588409e-08,2.0398111192e-08,2.0388957897e-08,2.0307106912e-08,1.9933356617e-08,1.8945617195e-08,1.7199370884e-08,1.4861343081e-08,1.3076337835e-08,4.5284599535e-08,7.1347777582e-07,6.9227853913e-06,3.6504937277e-05,1.1707682334e-04,2.6012199262e-04,4.4738741130e-04,6.4613264028e-04,8.2882021543e-04,9.8096542833e-04,1.0993600679e-03,1.1872952834e-03,1.2505562318e-03,1.2950867187e-03,1.3259723043e-03,1.3471803431e-03,1.3616447268e-03,1.3714646967e-03,1.3781109860e-03,1.3825999456e-03,1.3856275941e-03,1.3886622624e-03,1.3917038987e-03,1.3947525077e-03,1.3978080914e-03,1.4008706476e-03,1.4039401701e-03,1.4070166472e-03,1.4101000608e-03,1.4131903849e-03,1.4162875843e-03,1.4193916127e-03,1.4225024100e-03,1.4256199002e-03,1.4287439883e-03,1.4318745558e-03,1.4350114569e-03,1.4381545123e-03,1.4413035020e-03,1.4444581551e-03,1.4476181362e-03,1.4476181362e-03,1.4476181362e-03,1.4476181362e-03,1.4476181362e-03,1.4476181362e-03,1.4476181362e-03,1.4476181362e-03,1.4476181362e-03,1.4476181362e-03,1.4476181362e-03,1.4476181363e-03,1.4476181362e-03,1.4476181362e-03,1.4476181362e-03,1.4476181363e-03,1.4476181362e-03,1.4476181362e-03,1.4476181362e-03,1.4476181362e-03,1.4476181362e-03,1.4476181362e-03,1.4476181363e-03,1.4476181362e-03,1.4476181362e-03,1.4476181362e-03,1.4476181362e-03,1.4476181362e-03,1.4476181362e-03,1.4476181362e-03,1.4476181362e-03,1.4476181362e-03,1.4476181362e-03,1.4476181362e-03,1.4476181362e-03,1.4476181362e-03,1.4476181362e-03,1.4476181362e-03,1.4476181362e-03,1.4476181362e-03,1.4476181362e-03,1.4476181362e-03,1.4476181362e-03,1.4476181362e-03,1.4476181362e-03,1.4476181362e-03,1.4476181362e-03,1.4476181362e-03,1.4476181362e-03,1.4476181362e-03,1.4476181362e-03,1.4476181362e-03,1.4476181362e-03,1.4476181362e-03,1.4476181362e-03,1.4476181362e-03,1.4476181362e-03,1.4476181362e-03,1.4476181362e-03,1.4476181362e-03,1.4476181362e-03,1.4476181362e-03,1.4476181362e-03,1.4476181362e-03,1.4476181362e-03,1.4476181362e-03,1.4476181362e-03,1.4476181362e-03,1.4476181362e-03,1.4476181362e-03,1.4476181362e-03,1.4476181362e-03,1.4476181362e-03,1.4476181362e-03,1.4476181362e-03,1.4476181362e-03,1.4476181362e-03,1.4476181362e-03,1.4476181362e-03,1.4476181362e-03,1.4476181362e-03,1.4476181362e-03,1.4476181362e-03,1.4476181362e-03,1.4476181362e-03,1.4476181362e-03,1.4476181362e-03,1.4476181362e-03,1.4476181362e-03,1.4476181362e-03,1.4476181362e-03,1.4476181362e-03,1.4476181362e-03,1.4476181362e-03,1.4476181362e-03,1.4476181362e-03,1.4476181362e-03,1.4476181362e-03,1.4476181362e-03,1.4476181362e-03,1.4476181362e-03,1.4476181362e-03,1.4476181362e-03,1.4476181362e-03,1.4476181362e-03,1.4476181362e-03,1.4476181362e-03,1.4476181362e-03,1.4476181362e-03,1.4476181362e-03,1.4476181362e-03,1.4476181362e-03,1.4476181362e-03,1.4476181362e-03,1.4476181362e-03,1.4476181362e-03,1.4476181362e-03,1.4476181362e-03,1.4476181362e-03,1.4476181362e-03,1.4476181362e-03,1.4476181362e-03,1.4476181362e-03,1.4476181362e-03,1.4476181362e-03,1.4476181362e-03,1.4476181362e-03,1.4476181362e-03,1.4476181362e-03,1.4476181362e-03,1.4476181362e-03,1.4476181362e-03,1.4476181362e-03,1.4476181362e-03,1.4476181362e-03,1.4476181362e-03,1.4476181362e-03,1.4476181362e-03,1.4476181362e-03,1.4476181362e-03,1.4476181362e-03,1.4476181362e-03,1.4476181362e-03,1.4476181362e-03,1.4476181362e-03,1.4476181362e-03,1.4476181362e-03,1.4476181362e-03,1.4476181362e-03,1.4476181362e-03,1.4476181362e-03,1.4476181362e-03,1.4476181362e-03,1.4476181362e-03,1.4476181362e-03,1.4476181362e-03,1.4476181362e-03,1.4476181362e-03,1.4476181362e-03,1.4476181362e-03,1.4476181362e-03,1.4476181362e-03,1.4476181362e-03,1.4476181362e-03,1.4476181362e-03,1.4476181362e-03,1.4476181362e-03,1.4476181362e-03,1.4476181362e-03,1.4476181362e-03,1.4476181362e-03,1.4476181362e-03,1.4476181362e-03,1.4476181362e-03,1.4476181362e-03,1.4476181362e-03,1.4476181362e-03,1.4476181362e-03,1.4476181362e-03,1.4476181362e-03,1.4476181362e-03,1.4476181362e-03,1.4476181362e-03,1.4476181362e-03,1.4476181362e-03,1.4476181362e-03,1.4476181362e-03,1.4476181362e-03,1.4476181362e-03,1.4476181362e-03,1.4476181362e-03,1.4476181362e-03,1.4476181362e-03,1.4476181362e-03,1.4476181362e-03,1.4476181362e-03,1.4476181362e-03,1.4476181362e-03,1.4476181362e-03,1.4476181362e-03,1.4476181362e-03,5.0002648799e-02,5.0002648799e-02,5.0002648798e-02,5.0002648798e-02,5.0002648798e-02,5.0002648799e-02,5.0002648798e-02,5.0002648800e-02,5.0002648797e-02,5.0002648798e-02,5.0002648800e-02,5.0002648799e-02,5.0002648797e-02,5.0002648801e-02,5.0002648798e-02,5.0002648799e-02,5.0002648798e-02,5.0002648799e-02,5.0002648799e-02,5.0002648797e-02,5.0002648799e-02,5.0002648798e-02,5.0002648800e-02,5.0002648798e-02,5.0002648798e-02,5.0002648799e-02,5.0002648798e-02,5.0002648799e-02,5.0002648799e-02,5.0002648799e-02,5.0002648799e-02,5.0002648799e-02,5.0002648799e-02,5.0002648799e-02,5.0002648799e-02,5.0002648799e-02,5.0002648799e-02,5.0002648799e-02,5.0002648799e-02,5.0002648799e-02,5.0002648799e-02,5.0002648799e-02,5.0002648799e-02,5.0002648799e-02,5.0002648799e-02,5.0002648799e-02,5.0002648799e-02,5.0002648799e-02,5.0002648799e-02,5.0002648799e-02,5.0002648799e-02,5.0002648799e-02,5.0002648799e-02,5.0002648799e-02,5.0002648799e-02,5.0002648799e-02,5.0002648799e-02,5.0002648799e-02,5.0002648799e-02,5.0002648799e-02,5.0002648799e-02,5.0002648799e-02,5.0002648799e-02,5.0002648799e-02,5.0002648799e-02,5.0002648799e-02,5.0002648799e-02,5.0002648799e-02,5.0002648799e-02,5.0002648799e-02,5.0002648799e-02,5.0002648799e-02,5.0002648799e-02,5.0002648799e-02,5.0002648799e-02,5.0002648799e-02,5.0002648799e-02,5.0002648798e-02,5.0002648799e-02,5.0002648798e-02,5.0002648799e-02,5.0002648799e-02,5.0002648799e-02,5.0002648798e-02,5.0002648799e-02,5.0002648799e-02,5.0002648798e-02,5.0002648799e-02,5.0002648798e-02,5.0002648799e-02,5.0002648799e-02,5.0002648799e-02,5.0002648798e-02,5.0002648799e-02,5.0002648798e-02,5.0002648799e-02,5.0002648798e-02,5.0002648799e-02,5.0002648798e-02,5.0002648799e-02,5.0002648798e-02,5.0002648799e-02
7.8576812435e+05,8.6000010033e-08,8.5862485384e-08,8.5725242638e-08,8.5588282943e-08,8.5451604702e-08,8.5315208095e-08,8.5179091733e-08,8.5043256233e-08,8.4907699884e-08,8.4772422571e-08,8.4637423929e-08,8.4502702777e-08,8.4368258884e-08,8.4234091455e-08,8.4100200411e-08,8.3966585096e-08,8.3833244134e-08,8.3700177803e-08,8.3567385494e-08,8.3434865839e-08,8.3302618935e-08,8.3170646606e-08,8.2974919231e-08,8.2684997652e-08,8.2256347645e-08,8.1624332280e-08,8.0696284315e-08,7.9341835687e-08,7.7382943782e-08,7.4587905681e-08,7.0679291266e-08,6.5374943791e-08,5.8491309620e-08,5.0134905690e-08,4.0952475951e-08,3.2254541013e-08,2.5641190427e-08,2.1986150790e-08,2.0688137556e-08,2.0426844110e-08,2.0399854654e-08,2.0398532974e-08,2.0398529944e-08,2.0398557326e-08,2.0398579478e-08,2.0398592672e-08,2.0398597886e-08,2.0398599095e-08,2.0398599244e-08,2.0398599253e-08,2.0398599253e-08,2.0398599161e-08,2.0398588409e-08,2.0398111192e-08,2.0388957897e-08,2.0307106911e-08,1.9933356617e-08,1.8945617195e-08,1.7199370883e-08,1.4861343073e-08,1.3076337852e-08,4.5284599535e-08,7.1347777584e-07,6.9227853914e-06,3.6504937277e-05,1.1707682335e-04,2.6012199262e-04,4.4738741131e-04,6.4613264028e-04,8.2882021543e-04,9.8096542834e-04,1.0993600679e-03,1.1872952834e-03,1.2505562318e-03,1.2950867187e-03,1.3259723043e-03,1.3471803431e-03,1.3616447268e-03,1.3714646967e-03,1.3781109860e-03,1.3825999456e-03,1.3856275941e-03,1.3886622624e-03,1.3917038986e-03,1.3947525077e-03,1.3978080914e-03,1.4008706476e-03,1.4039401701e-03,1.4070166472e-03,1.4101000608e-03,1.4131903849e-03,1.4162875843e-03,1.4193916127e-03,1.4225024100e-03,1.4256199002e-03,1.4287439883e-03,1.4318745558e-03,1.4350114568e-03,1.4381545123e-03,1.4413035020e-03,1.4444581551e-03,1.4476181362e-03,1.4476181362e-03,1.4476181362e-03,1.4476181362e-03,1.4476181362e-03,1.4476181362e-03,1.4476181362e-03,1.4476181362e-03,1.4476181362e-03,1.4476181362e-03,1.4476181362e-03,1.4476181362e-03,1.4476181362e-03,1.4476181362e-03,1.4476181362e-03,1.4476181362e-03,1.4476181362e-03,1.4476181362e-03,1.4476181362e-03,1.4476181362e-03,1.4476181362e-03,1.4476181362e-03,1.4476181362e-03,1.4476181362e-03,1.4476181362e-03,1.4476181362e-03,1.4476181362e-03,1.4476181362e-03,1.4476181362e-03,1.4476181362e-03,1.4476181362e-03,1.4476181362e-03,1.4476181362e-03,1.4476181362e-03,1.4476181362e-03,1.4476181362e-03,1.4476181362e-03,1.4476181362e-03,1.4476181362e-03,1.4476181362e-03,1.4476181362e-03,1.4476181362e-03,1.4476181362e-03,1.4476181362e-03,1.4476181362e-03,1.4476181362e-03,1.4476181362e-03,1.4476181362e-03,1.4476181362e-03,1.4476181362e-03,1.4476181362e-03,1.4476181362e-03,1.4476181362e-03,1.4476181362e-03,1.4476181362e-03,1.4476181362e-03,1.4476181362e-03,1.4476181362e-03,1.4476181362e-03,1.4476181362e-03,1.4476181362e-03,1.4476181362e-03,1.4476181362e-03,1.4476181362e-03,1.4476181362e-03,1.4476181362e-03,1.4476181362e-03,1.4476181362e-03,1.4476181362e-03,1.4476181362e-03,1.4476181362e-03,1.4476181362e-03,1.4476181362e-03,1.4476181362e-03,1.4476181362e-03,1.4476181362e-03,1.4476181362e-03,1.4476181362e-03,1.4476181362e-03,1.4476181362e-03,1.4476181362e-03,1.4476181362e-03,1.4476181362e-03,1.4476181362e-03,1.4476181362e-03,1.4476181362e-03,1.4476181362e-03,1.4476181362e-03,1.4476181362e-03,1.4476181362e-03,1.4476181362e-03,1.4476181362e-03,1.4476181362e-03,1.4476181362e-03,1.4476181362e-03,1.4476181362e-03,1.4476181362e-03,1.4476181362e-03,1.4476181362e-03,1.4476181362e-03,1.4476181362e-03,1.4476181362e-03,1.4476181362e-03,1.4476181362e-03,1.4476181362e-03,1.4476181362e-03,1.4476181362e-03,1.4476181362e-03,1.4476181362e-03,1.4476181362e-03,1.4476181362e-03,1.4476181362e-03,1.4476181362e-03,1.4476181362e-03,1.4476181362e-03,1.4476181362e-03,1.4476181362e-03,1.4476181362e-03,1.4476181362e-03,1.4476181362e-03,1.4476181362e-03,1.4476181362e-03,1.4476181362e-03,1.4476181362e-03,1.4476181362e-03,1.4476181362e-03,1.4476181362e-03,1.4476181362e-03,1.4476181362e-03,1.4476181362e-03,1.4476181362e-03,1.4476181362e-03,1.4476181362e-03,1.4476181362e-03,1.4476181362e-03,1.4476181362e-03,1.4476181362e-03,1.4476181362e-03,1.4476181362e-03,1.4476181362e-03,1.4476181362e-03,1.4476181362e-03,1.4476181362e-03,1.4476181362e-03,1.4476181362e-03,1.4476181362e-03,1.4476181362e-03,1.4476181362e-03,1.4476181362e-03,1.4476181362e-03,1.4476181362e-03,1.4476181362e-03,1.4476181362e-03,1.4476181362e-03,1.4476181362e-03,1.4476181362e-03,1.4476181362e-03,1.4476181362e-03,1.4476181362e-03,1.4476181362e-03,1.4476181362e-03,1.4476181362e-03,1.4476181362e-03,1.4476181362e-03,1.4476181362e-03,1.4476181362e-03,1.4476181362e-03,1.4476181362e-03,1.4476181362e-03,1.4476181362e-03,1.4476181362e-03,1.4476181362e-03,1.4476181362e-03,1.4476181362e-03,1.4476181362e-03,1.4476181362e-03,1.4476181362e-03,1.4476181362e-03,1.4476181362e-03,1.4476181362e-03,1.4476181362e-03,1.4476181362e-03,1.4476181362e-03,1.4476181362e-03,1.4476181362e-03,1.4476181362e-03,1.4476181362e-03,1.4476181362e-03,1.4476181362e-03,1.4476181362e-03,1.4476181362e-03,1.4476181362e-03,1.4476181362e-03,1.4476181362e-03,1.4476181362e-03,1.4476181362e-03,1.4476181362e-03,1.4476181362e-03,1.4476181362e-03,1.4476181362e-03,1.4476181362e-03,5.0002648799e-02,5.0002648799e-02,5.0002648799e-02,5.0002648798e-02,5.0002648798e-02,5.0002648800e-02,5.0002648796e-02,5.0002648800e-02,5.0002648798e-02,5.0002648800e-02,5.0002648797e-02,5.0002648798e-02,5.0002648800e-02,5.0002648798e-02,5.0002648798e-02,5.0002648798e-02,5.0002648801e-02,5.0002648797e-02,5.0002648799e-02,5.0002648798e-02,5.0002648798e-02,5.0002648800e-02,5.0002648799e-02,5.0002648798e-02,5.0002648798e-02,5.0002648799e-02,5.0002648799e-02,5.0002648799e-02,5.0002648799e-02,5.0002648799e-02,5.0002648799e-02,5.0002648799e-02,5.0002648799e-02,5.0002648799e-02,5.0002648799e-02,5.0002648799e-02,5.0002648799e-02,5.0002648799e-02,5.0002648799e-02,5.0002648799e-02,5.0002648799e-02,5.0002648799e-02,5.0002648799e-02,5.0002648799e-02,5.0002648799e-02,5.0002648799e-02,5.0002648799e-02,5.0002648799e-02,5.0002648799e-02,5.0002648799e-02,5.0002648799e-02,5.0002648799e-02,5.0002648799e-02,5.0002648799e-02,5.0002648799e-02,5.0002648799e-02,5.0002648799e-02,5.0002648799e-02,5.0002648799e-02,5.0002648799e-02,5.0002648799e-02,5.0002648799e-02,5.0002648799e-02,5.0002648799e-02,5.0002648799e-02,5.0002648799e-02,5.0002648799e-02,5.0002648799e-02,5.0002648799e-02,5.0002648799e-02,5.0002648799e-02,5.0002648799e-02,5.0002648799e-02,5.0002648799e-02,5.0002648799e-02,5.0002648799e-02,5.0002648799e-02,5.0002648799e-02,5.0002648799e-02,5.0002648799e-02,5.0002648798e-02,5.0002648799e-02,5.0002648799e-02,5.0002648799e-02,5.0002648799e-02,5.0002648798e-02,5.0002648799e-02,5.0002648798e-02,5.0002648799e-02,5.0002648799e-02,5.0002648798e-02,5.0002648799e-02,5.0002648799e-02,5.0002648798e-02,5.0002648799e-02,5.0002648798e-02,5.0002648798e-02,5.0002648799e-02,5.0002648799e-02,5.0002648799e-02,5.0002648798e-02,5.0002648799e-02
8.0376812435e+05,8.6000012777e-08,8.5862485258e-08,8.5725242500e-08,8.5588283036e-08,8.5451604500e-08,8.5315207939e-08,8.5179091947e-08,8.5043256186e-08,8.4907700213e-08,8.4772422587e-08,8.4637423399e-08,8.4502702705e-08,8.4368259155e-08,8.4234091396e-08,8.4100200663e-08,8.3966584820e-08,8.3833244199e-08,8.3700177890e-08,8.3567385357e-08,8.3434865747e-08,8.3302618903e-08,8.3170646988e-08,8.2974919079e-08,8.2684997725e-08,8.2256347612e-08,8.1624332222e-08,8.0696284324e-08,7.9341835693e-08,7.7382943758e-08,7.4587905688e-08,7.0679291258e-08,6.5374943792e-08,5.8491309616e-08,5.0134905691e-08,4.0952475954e-08,3.2254541012e-08,2.5641190424e-08,2.1986150787e-08,2.0688137558e-08,2.0426844107e-08,2.0399854657e-08,2.0398532973e-08,2.0398529944e-08,2.0398557325e-08,2.0398579479e-08,2.0398592673e-08,2.0398597885e-08,2.0398599096e-08,2.0398599244e-08,2.0398599253e-08,2.0398599253e-08,2.0398599161e-08,2.0398588409e-08,2.0398111193e-08,2.0388957897e-08,2.0307106911e-08,1.9933356617e-08,1.8945617194e-08,1.7199370883e-08,1.4861343070e-08,1.3076337858e-08,4.5284599534e-08,7.1347777583e-07,6.9227853914e-06,3.6504937277e-05,1.1707682335e-04,2.6012199262e-04,4.4738741131e-04,6.4613264029e-04,8.2882021544e-04,9.8096542834e-04,1.0993600679e-03,1.1872952834e-03,1.2505562318e-03,1.2950867187e-03,1.3259723043e-03,1.3471803431e-03,1.3616447268e-03,1.3714646967e-03,1.3781109860e-03,1.3825999456e-03,1.3856275941e-03,1.3886622624e-03,1.3917038986e-03,1.3947525077e-03,1.3978080914e-03,1.4008706476e-03,1.4039401701e-03,1.4070166472e-03,1.4101000608e-03,1.4131903849e-03,1.4162875843e-03,1.4193916127e-03,1.4225024100e-03,1.4256199002e-03,1.4287439883e-03,1.4318745558e-03,1.4350114569e-03,1.4381545123e-03,1.4413035020e-03,1.4444581551e-03,1.4476181362e-03,1.4476181362e-03,1.4476181362e-03,1.4476181362e-03,1.4476181362e-03,1.4476181362e-03,1.4476181363e-03,1.4476181362e-03,1.4476181362e-03,1.4476181362e-03,1.4476181362e-03,1.4476181362e-03,1.4476181362e-03,1.4476181362e-03,1.4476181362e-03,1.4476181362e-03,1.4476181362e-03,1.4476181362e-03,1.4476181363e-03,1.4476181362e-03,1.4476181362e-03,1.4476181363e-03,1.4476181362e-03,1.4476181362e-03,1.4476181362e-03,1.4476181362e-03,1.4476181362e-03,1.4476181362e-03,1.4476181362e-03,1.4476181362e-03,1.4476181362e-03,1.4476181362e-03,1.4476181362e-03,1.4476181362e-03,1.4476181362e-03,1.4476181362e-03,1.4476181362e-03,1.4476181362e-03,1.4476181362e-03,1.4476181362e-03,1.4476181362e-03,1.4476181362e-03,1.4476181362e-03,1.4476181362e-03,1.4476181362e-03,1.4476181362e-03,1.4476181362e-03,1.4476181362e-03,1.4476181362e-03,1.4476181362e-03,1.4476181362e-03,1.4476181362e-03,1.4476181362e-03,1.4476181362e-03,1.4476181362e-03,1.4476181362e-03,1.4476181362e-03,1.4476181362e-03,1.4476181362e-03,1.4476181362e-03,1.4476181362e-03,1.4476181362e-03,1.4476181362e-03,1.4476181362e-03,1.4476181362e-03,1.4476181362e-03,1.4476181362e-03,1.4476181362e-03,1.4476181362e-03,1.4476181362e-03,1.4476181362e-03,1.4476181362e-03,1.4476181362e-03,1.4476181362e-03,1.4476181362e-03,1.4476181362e-03,1.4476181362e-03,1.4476181362e-03,1.4476181362e-03,1.4476181362e-03,1.4476181362e-03,1.4476181362e-03,1.4476181362e-03,1.4476181362e-03,1.4476181362e-03,1.4476181362e-03,1.4476181362e-03,1.4476181362e-03,1.4476181362e-03,1.4476181362e-03,1.4476181362e-03,1.4476181362e-03,1.4476181362e-03,1.4476181362e-03,1.4476181362e-03,1.4476181362e-03,1.4476181362e-03,1.4476181362e-03,1.4476181362e-03,1.4476181362e-03,1.4476181362e-03,1.4476181362e-03,1.4476181362e-03,1.4476181362e-03,1.4476181362e-03,1.4476181362e-03,1.4476181362e-03,1.4476181362e-03,1.4476181362e-03,1.4476181362e-03,1.4476181362e-03,1.4476181362e-03,1.4476181362e-03,1.4476181362e-03,1.4476181362e-03,1.4476181362e-03,1.4476181362e-03,1.4476181362e-03,1.4476181362e-03,1.4476181362e-03,1.4476181362e-03,1.4476181362e-03,1.4476181362e-03,1.4476181362e-03,1.4476181362e-03,1.4476181362e-03,1.4476181362e-03,1.4476181362e-03,1.4476181362e-03,1.4476181362e-03,1.4476181362e-03,1.4476181362e-03,1.4476181362e-03,1.4476181362e-03,1.4476181362e-03,1.4476181362e-03,1.4476181362e-03,1.4476181362e-03,1.4476181362e-03,1.4476181362e-03,1.4476181362e-03,1.4476181362e-03,1.4476181362e-03,1.4476181362e-03,1.4476181362e-03,1.4476181362e-03,1.4476181362e-03,1.4476181362e-03,1.4476181362e-03,1.4476181362e-03,1.4476181362e-03,1.4476181362e-03,1.4476181362e-03,1.4476181362e-03,1.4476181362e-03,1.4476181362e-03,1.4476181362e-03,1.4476181362e-03,1.4476181362e-03,1.4476181362e-03,1.4476181362e-03,1.4476181362e-03,1.4476181362e-03,1.4476181362e-03,1.4476181362e-03,1.4476181362e-03,1.4476181362e-03,1.4476181362e-03,1.4476181362e-03,1.4476181362e-03,1.4476181362e-03,1.4476181362e-03,1.4476181362e-03,1.4476181362e-03,1.4476181362e-03,1.4476181362e-03,1.4476181362e-03,1.4476181362e-03,1.4476181362e-03,1.4476181362e-03,1.4476181362e-03,1.4476181362e-03,1.4476181362e-03,1.4476181362e-03,1.4476181362e-03,1.4476181362e-03,1.4476181362e-03,1.4476181362e-03,1.4476181362e-03,1.4476181362e-03,1.4476181362e-03,1.4476181362e-03,1.4476181362e-03,1.4476181362e-03,1.4476181362e-03,1.4476181362e-03,1.4476181362e-03,1.4476181362e-03,1.4476181362e-03,1.4476181362e-03,1.4476181362e-03,5.0002648799e-02,5.0002648798e-02,5.0002648798e-02,5.0002648799e-02,5.0002648798e-02,5.0002648798e-02,5.0002648799e-02,5.0002648800e-02,5.0002648799e-02,5.0002648799e-02,5.0002648799e-02,5.0002648797e-02,5.0002648799e-02,5.0002648798e-02,5.0002648800e-02,5.0002648799e-02,5.0002648799e-02,5.0002648797e-02,5.0002648800e-02,5.0002648797e-02,5.0002648801e-02,5.0002648797e-02,5.0002648799e-02,5.0002648798e-02,5.0002648799e-02,5.0002648798e-02,5.0002648799e-02,5.0002648799e-02,5.0002648799e-02,5.0002648798e-02,5.0002648799e-02,5.0002648799e-02,5.0002648799e-02,5.0002648799e-02,5.0002648799e-02,5.0002648799e-02,5.0002648799e-02,5.0002648799e-02,5.0002648799e-02,5.0002648799e-02,5.0002648799e-02,5.0002648799e-02,5.0002648799e-02,5.0002648799e-02,5.0002648799e-02,5.0002648799e-02,5.0002648799e-02,5.0002648799e-02,5.0002648799e-02,5.0002648799e-02,5.0002648799e-02,5.0002648799e-02,5.0002648799e-02,5.0002648799e-02,5.0002648799e-02,5.0002648799e-02,5.0002648799e-02,5.0002648799e-02,5.0002648799e-02,5.0002648799e-02,5.0002648799e-02,5.0002648799e-02,5.0002648799e-02,5.0002648799e-02,5.0002648799e-02,5.0002648799e-02,5.0002648799e-02,5.0002648799e-02,5.0002648799e-02,5.0002648799e-02,5.0002648799e-02,5.0002648799e-02,5.0002648799e-02,5.0002648799e-02,5.0002648799e-02,5.0002648799e-02,5.0002648799e-02,5.0002648799e-02,5.0002648799e-02,5.0002648798e-02,5.0002648799e-02,5.0002648798e-02,5.0002648799e-02,5.0002648798e-02,5.0002648799e-02,5.0002648798e-02,5.0002648799e-02,5.0002648798e-02,5.0002648799e-02,5.0002648798e-02,5.0002648799e-02,5.0002648799e-02,5.0002648798e-02,5.0002648799e-02,5.0002648798e-02,5.0002648799e-02,5.0002648798e-02,5.0002648799e-02,5.0002648799e-02,5.0002648799e-02,5.0002648798e-02,5.0002648799e-02
8.2276812435e+05,8.6000011140e-08,8.5862485326e-08,8.5725242641e-08,8.5588283012e-08,8.5451604359e-08,8.5315208034e-08,8.5179092098e-08,8.5043256117e-08,8.4907699843e-08,8.4772422541e-08,8.4637423970e-08,8.4502702682e-08,8.4368258567e-08,8.4234091995e-08,8.4100200236e-08,8.3966585103e-08,8.3833244337e-08,8.3700177738e-08,8.3567385299e-08,8.3434865542e-08,8.3302619313e-08,8.3170646582e-08,8.2974919130e-08,8.2684997692e-08,8.2256347632e-08,8.1624332279e-08,8.0696284292e-08,7.9341835670e-08,7.7382943788e-08,7.4587905689e-08,7.0679291251e-08,6.5374943788e-08,5.8491309616e-08,5.0134905690e-08,4.0952475949e-08,3.2254541012e-08,2.5641190430e-08,2.1986150793e-08,2.0688137556e-08,2.0426844105e-08,2.0399854660e-08,2.0398532970e-08,2.0398529946e-08,2.0398557324e-08,2.0398579478e-08,2.0398592672e-08,2.0398597886e-08,2.0398599096e-08,2.0398599244e-08,2.0398599253e-08,2.0398599253e-08,2.0398599160e-08,2.0398588409e-08,2.0398111193e-08,2.0388957897e-08,2.0307106911e-08,1.9933356618e-08,1.8945617194e-08,1.7199370883e-08,1.4861343076e-08,1.3076337847e-08,4.5284599540e-08,7.1347777583e-07,6.9227853914e-06,3.6504937278e-05,1.1707682335e-04,2.6012199262e-04,4.4738741131e-04,6.4613264028e-04,8.2882021543e-04,9.8096542834e-04,1.0993600679e-03,1.1872952834e-03,1.2505562318e-03,1.2950867187e-03,1.3259723043e-03,1.3471803431e-03,1.3616447268e-03,1.3714646967e-03,1.3781109860e-03,1.3825999456e-03,1.3856275941e-03,1.3886622624e-03,1.3917038986e-03,1.3947525077e-03,1.3978080913e-03,1.4008706476e-03,1.4039401701e-03,1.4070166472e-03,1.4101000608e-03,1.4131903849e-03,1.4162875843e-03,1.4193916127e-03,1.4225024100e-03,1.4256199002e-03,1.4287439882e-03,1.4318745558e-03,1.4350114568e-03,1.4381545123e-03,1.4413035019e-03,1.4444581551e-03,1.4476181362e-03,1.4476181362e-03,1.4476181362e-03,1.4476181362e-03,1.4476181362e-03,1.4476181362e-03,1.4476181362e-03,1.4476181362e-03,1.4476181362e-03,1.4476181362e-03,1.4476181362e-03,1.4476181362e-03,1.4476181362e-03,1.4476181363e-03,1.4476181362e-03,1.4476181362e-03,1.4476181362e-03,1.4476181362e-03,1.4476181362e-03,1.4476181362e-03,1.4476181363e-03,1.4476181362e-03,1.4476181362e-03,1.4476181362e-03,1.4476181362e-03,1.4476181362e-03,1.4476181362e-03,1.4476181362e-03,1.4476181362e-03,1.4476181362e-03,1.4476181362e-03,1.4476181362e-03,1.4476181362e-03,1.4476181362e-03,1.4476181362e-03,1.4476181362e-03,1.4476181362e-03,1.4476181362e-03,1.4476181362e-03,1.4476181362e-03,1.4476181362e-03,1.4476181362e-03,1.4476181362e-03,1.4476181362e-03,1.4476181362e-03,1.4476181362e-03,1.4476181362e-03,1.4476181362e-03,1.4476181362e-03,1.4476181362e-03,1.4476181362e-03,1.4476181362e-03,1.4476181362e-03,1.4476181362e-03,1.4476181362e-03,1.4476181362e-03,1.4476181362e-03,1.4476181362e-03,1.4476181362e-03,1.4476181362e-03,1.4476181362e-03,1.4476181362e-03,1.4476181362e-03,1.4476181362e-03,1.4476181362e-03,1.4476181362e-03,1.4476181362e-03,1.4476181362e-03,1.4476181362e-03,1.4476181362e-03,1.4476181362e-03,1.4476181362e-03,1.4476181362e-03,1.4476181362e-03,1.4476181362e-03,1.4476181362e-03,1.4476181362e-03,1.4476181362e-03,1.4476181362e-03,1.4476181362e-03,1.4476181362e-03,1.4476181362e-03,1.4476181362e-03,1.4476181362e-03,1.4476181362e-03,1.4476181362e-03,1.4476181362e-03,1.4476181362e-03,1.4476181362e-03,1.4476181362e-03,1.4476181362e-03,1.4476181362e-03,1.4476181362e-03,1.4476181362e-03,1.4476181362e-03,1.4476181362e-03,1.4476181362e-03,1.4476181362e-03,1.4476181362e-03,1.4476181362e-03,1.4476181362e-03,1.4476181362e-03,1.4476181362e-03,1.4476181362e-03,1.4476181362e-03,1.4476181362e-03,1.4476181362e-03,1.4476181362e-03,1.4476181362e-03,1.4476181362e-03,1.4476181362e-03,1.4476181362e-03,1.4476181362e-03,1.4476181362e-03,1.4476181362e-03,1.4476181362e-03,1.4476181362e-03,1.4476181362e-03,1.4476181362e-03,1.4476181362e-03,1.4476181362e-03,1.4476181362e-03,1.4476181362e-03,1.4476181362e-03,1.4476181362e-03,1.4476181362e-03,1.4476181362e-03,1.4476181362e-03,1.4476181362e-03,1.4476181362e-03,1.4476181362e-03,1.4476181362e-03,1.4476181362e-03,1.4476181362e-03,1.4476181362e-03,1.4476181362e-03,1.4476181362e-03,1.4476181362e-03,1.4476181362e-03,1.4476181362e-03,1.4476181362e-03,1.4476181362e-03,1.4476181362e-03,1.4476181362e-03,1.4476181362e-03,1.4476181362e-03,1.4476181362e-03,1.4476181362e-03,1.4476181362e-03,1.4476181362e-03,1.4476181362e-03,1.4476181362e-03,1.4476181362e-03,1.4476181362e-03,1.4476181362e-03,1.4476181362e-03,1.4476181362e-03,1.4476181362e-03,1.4476181362e-03,1.4476181362e-03,1.4476181362e-03,1.4476181362e-03,1.4476181362e-03,1.4476181362e-03,1.4476181362e-03,1.4476181362e-03,1.4476181362e-03,1.4476181362e-03,1.4476181362e-03,1.4476181362e-03,1.4476181362e-03,1.4476181362e-03,1.4476181362e-03,1.4476181362e-03,1.4476181362e-03,1.4476181362e-03,1.4476181362e-03,1.4476181362e-03,1.4476181362e-03,1.4476181362e-03,1.4476181362e-03,1.4476181362e-03,1.4476181362e-03,1.4476181362e-03,1.4476181362e-03,1.4476181362e-03,1.4476181362e-03,1.4476181362e-03,1.4476181362e-03,1.4476181362e-03,1.4476181362e-03,1.4476181362e-03,1.4476181362e-03,1.4476181362e-03,1.4476181362e-03,1.4476181362e-03,1.4476181362e-03,1.4476181362e-03,1.4476181362e-03,1.4476181362e-03,1.4476181362e-03,5.0002648799e-02,5.0002648798e-02,5.0002648799e-02,5.0002648798e-02,5.0002648799e-02,5.0002648799e-02,5.0002648797e-02,5.0002648798e-02,5.0002648801e-02,5.0002648797e-02,5.0002648798e-02,5.0002648798e-02,5.0002648801e-02,5.0002648797e-02,5.0002648797e-02,5.0002648799e-02,5.0002648800e-02,5.0002648798e-02,5.0002648798e-02,5.0002648798e-02,5.0002648799e-02,5.0002648800e-02,5.0002648798e-02,5.0002648798e-02,5.0002648798e-02,5.0002648799e-02,5.0002648799e-02,5.0002648799e-02,5.0002648799e-02,5.0002648799e-02,5.0002648799e-02,5.0002648799e-02,5.0002648799e-02,5.0002648799e-02,5.0002648799e-02,5.0002648799e-02,5.0002648799e-02,5.0002648799e-02,5.0002648799e-02,5.0002648799e-02,5.0002648799e-02,5.0002648799e-02,5.0002648799e-02,5.0002648799e-02,5.0002648799e-02,5.0002648799e-02,5.0002648799e-02,5.0002648799e-02,5.0002648799e-02,5.0002648799e-02,5.0002648799e-02,5.0002648799e-02,5.0002648799e-02,5.0002648799e-02,5.0002648799e-02,5.0002648799e-02,5.0002648799e-02,5.0002648799e-02,5.0002648799e-02,5.0002648799e-02,5.0002648799e-02,5.0002648799e-02,5.0002648799e-02,5.0002648799e-02,5.0002648799e-02,5.0002648799e-02,5.0002648799e-02,5.0002648799e-02,5.0002648799e-02,5.0002648799e-02,5.0002648799e-02,5.0002648799e-02,5.0002648799e-02,5.0002648799e-02,5.0002648799e-02,5.0002648799e-02,5.0002648799e-02,5.0002648799e-02,5.0002648799e-02,5.0002648799e-02,5.0002648799e-02,5.0002648799e-02,5.0002648799e-02,5.0002648799e-02,5.0002648799e-02,5.0002648799e-02,5.0002648799e-02,5.0002648798e-02,5.0002648799e-02,5.0002648798e-02,5.0002648799e-02,5.0002648799e-02,5.0002648798e-02,5.0002648798e-02,5.0002648799e-02,5.0002648799e-02,5.0002648798e-02,5.0002648799e-02,5.0002648799e-02,5.0002648798e-02,5.0002648799e-02,5.0002648799e-02
8.4176812435e+05,8.6000010108e-08,8.5862485010e-08,8.5725242906e-08,8.5588282800e-08,8.5451604610e-08,8.5315208085e-08,8.5179091880e-08,8.5043256169e-08,8.4907700140e-08,8.4772422551e-08,8.4637423675e-08,8.4502702615e-08,8.4368259068e-08,8.4234091347e-08,8.4100200833e-08,8.3966584927e-08,8.3833244002e-08,8.3700177815e-08,8.3567385482e-08,8.3434865877e-08,8.3302618948e-08,8.3170646880e-08,8.2974919180e-08,8.2684997622e-08,8.2256347582e-08,8.1624332278e-08,8.0696284318e-08,7.9341835712e-08,7.7382943782e-08,7.4587905689e-08,7.0679291270e-08,6.5374943797e-08,5.8491309621e-08,5.0134905696e-08,4.0952475957e-08,3.2254541009e-08,2.5641190425e-08,2.1986150790e-08,2.0688137555e-08,2.0426844104e-08,2.0399854663e-08,2.0398532969e-08,2.0398529946e-08,2.0398557325e-08,2.0398579478e-08,2.0398592673e-08,2.0398597885e-08,2.0398599096e-08,2.0398599244e-08,2.0398599253e-08,2.0398599253e-08,2.0398599161e-08,2.0398588409e-08,2.0398111193e-08,2.0388957897e-08,2.0307106912e-08,1.9933356617e-08,1.8945617195e-08,1.7199370884e-08,1.4861343066e-08,1.3076337862e-08,4.5284599532e-08,7.1347777584e-07,6.9227853914e-06,3.6504937277e-05,1.1707682335e-04,2.6012199263e-04,4.4738741131e-04,6.4613264029e-04,8.2882021544e-04,9.8096542834e-04,1.0993600679e-03,1.1872952834e-03,1.2505562318e-03,1.2950867187e-03,1.3259723043e-03,1.3471803431e-03,1.3616447268e-03,1.3714646967e-03,1.3781109860e-03,1.3825999456e-03,1.3856275941e-03,1.3886622624e-03,1.3917038986e-03,1.3947525077e-03,1.3978080914e-03,1.4008706476e-03,1.4039401701e-03,1.4070166472e-03,1.4101000608e-03,1.4131903849e-03,1.4162875843e-03,1.4193916127e-03,1.4225024100e-03,1.4256199002e-03,1.4287439883e-03,1.4318745558e-03,1.4350114568e-03,1.4381545123e-03,1.4413035020e-03,1.4444581551e-03,1.4476181362e-03,1.4476181362e-03,1.4476181362e-03,1.4476181362e-03,1.4476181362e-03,1.4476181362e-03,1.4476181362e-03,1.4476181362e-03,1.4476181362e-03,1.4476181362e-03,1.4476181363e-03,1.4476181362e-03,1.4476181362e-03,1.4476181362e-03,1.4476181362e-03,1.4476181362e-03,1.4476181362e-03,1.4476181362e-03,1.4476181363e-03,1.4476181362e-03,1.4476181362e-03,1.4476181362e-03,1.4476181362e-03,1.4476181362e-03,1.4476181362e-03,1.4476181362e-03,1.4476181362e-03,1.4476181362e-03,1.4476181362e-03,1.4476181362e-03,1.4476181362e-03,1.4476181362e-03,1.4476181362e-03,1.4476181362e-03,1.4476181362e-03,1.4476181362e-03,1.4476181362e-03,1.4476181362e-03,1.4476181362e-03,1.4476181362e-03,1.4476181362e-03,1.4476181362e-03,1.4476181362e-03,1.4476181362e-03,1.4476181362e-03,1.4476181362e-03,1.4476181362e-03,1.4476181362e-03,1.4476181362e-03,1.4476181362e-03,1.4476181362e-03,1.4476181362e-03,1.4476181362e-03,1.4476181362e-03,1.4476181362e-03,1.4476181362e-03,1.4476181362e-03,1.4476181362e-03,1.4476181362e-03,1.4476181362e-03,1.4476181362e-03,1.4476181362e-03,1.4476181362e-03,1.4476181362e-03,1.4476181362e-03,1.4476181362e-03,1.4476181362e-03,1.4476181362e-03,1.4476181362e-03,1.4476181362e-03,1.4476181362e-03,1.4476181362e-03,1.4476181362e-03,1.4476181362e-03,1.4476181362e-03,1.4476181362e-03,1.4476181362e-03,1.4476181362e-03,1.4476181362e-03,1.4476181362e-03,1.4476181362e-03,1.4476181362e-03,1.4476181362e-03,1.4476181362e-03,1.4476181362e-03,1.4476181362e-03,1.4476181362e-03,1.4476181362e-03,1.4476181362e-03,1.4476181362e-03,1.4476181362e-03,1.4476181362e-03,1.4476181362e-03,1.4476181362e-03,1.4476181362e-03,1.4476181362e-03,1.4476181362e-03,1.4476181362e-03,1.4476181362e-03,1.4476181362e-03,1.4476181362e-03,1.4476181362e-03,1.4476181362e-03,1.4476181362e-03,1.4476181362e-03,1.4476181362e-03,1.4476181362e-03,1.4476181362e-03,1.4476181362e-03,1.4476181362e-03,1.4476181362e-03,1.4476181362e-03,1.4476181362e-03,1.4476181362e-03,1.4476181362e-03,1.4476181362e-03,1.4476181362e-03,1.4476181362e-03,1.4476181362e-03,1.4476181362e-03,1.4476181362e-03,1.4476181362e-03,1.4476181362e-03,1.4476181362e-03,1.4476181362e-03,1.4476181362e-03,1.4476181362e-03,1.4476181362e-03,1.4476181362e-03,1.4476181362e-03,1.4476181362e-03,1.4476181362e-03,1.4476181362e-03,1.4476181362e-03,1.4476181362e-03,1.4476181362e-03,1.4476181362e-03,1.4476181362e-03,1.4476181362e-03,1.4476181362e-03,1.4476181362e-03,1.4476181362e-03,1.4476181362e-03,1.4476181362e-03,1.4476181362e-03,1.4476181362e-03,1.4476181362e-03,1.4476181362e-03,1.4476181362e-03,1.4476181362e-03,1.4476181362e-03,1.4476181362e-03,1.4476181362e-03,1.4476181362e-03,1.4476181362e-03,1.4476181362e-03,1.4476181362e-03,1.4476181362e-03,1.4476181362e-03,1.4476181362e-03,1.4476181362e-03,1.4476181362e-03,1.4476181362e-03,1.4476181362e-03,1.4476181362e-03,1.4476181362e-03,1.4476181362e-03,1.4476181362e-03,1.4476181362e-03,1.4476181362e-03,1.4476181362e-03,1.4476181362e-03,1.4476181362e-03,1.4476181362e-03,1.4476181362e-03,1.4476181362e-03,1.4476181362e-03,1.4476181362e-03,1.4476181362e-03,1.4476181362e-03,1.4476181362e-03,1.4476181362e-03,1.4476181362e-03,1.4476181362e-03,1.4476181362e-03,1.4476181362e-03,1.4476181362e-03,1.4476181362e-03,1.4476181362e-03,1.4476181362e-03,1.4476181362e-03,1.4476181362e-03,1.4476181362e-03,1.4476181362e-03,1.4476181362e-03,1.4476181362e-03,1.4476181362e-03,1.4476181362e-03,1.4476181362e-03,1.4476181362e-03,1.4476181362e-03,5.0002648799e-02,5.0002648799e-02,5.0002648798e-02,5.0002648800e-02,5.0002648798e-02,5.0002648798e-02,5.0002648800e-02,5.0002648799e-02,5.0002648797e-02,5.0002648798e-02,5.0002648799e-02,5.0002648800e-02,5.0002648799e-02,5.0002648796e-02,5.0002648799e-02,5.0002648798e-02,5.0002648800e-02,5.0002648799e-02,5.0002648798e-02,5.0002648799e-02,5.0002648799e-02,5.0002648799e-02,5.0002648798e-02,5.0002648799e-02,5.0002648798e-02,5.0002648798e-02,5.0002648799e-02,5.0002648798e-02,5.0002648799e-02,5.0002648799e-02,5.0002648799e-02,5.0002648799e-02,5.0002648799e-02,5.0002648799e-02,5.0002648799e-02,5.0002648799e-02,5.0002648799e-02,5.0002648799e-02,5.0002648799e-02,5.0002648799e-02,5.0002648799e-02,5.0002648799e-02,5.0002648799e-02,5.0002648799e-02,5.0002648799e-02,5.0002648799e-02,5.0002648799e-02,5.0002648799e-02,5.0002648799e-02,5.0002648799e-02,5.0002648799e-02,5.0002648799e-02,5.0002648799e-02,5.0002648799e-02,5.0002648799e-02,5.0002648799e-02,5.0002648799e-02,5.0002648799e-02,5.0002648799e-02,5.0002648799e-02,5.0002648799e-02,5.0002648799e-02,5.0002648799e-02,5.0002648799e-02,5.0002648799e-02,5.0002648799e-02,5.0002648799e-02,5.0002648799e-02,5.0002648799e-02,5.0002648799e-02,5.0002648799e-02,5.0002648799e-02,5.0002648799e-02,5.0002648799e-02,5.0002648799e-02,5.0002648799e-02,5.0002648799e-02,5.0002648799e-02,5.0002648799e-02,5.0002648799e-02,5.0002648798e-02,5.0002648799e-02,5.0002648798e-02,5.0002648799e-02,5.0002648798e-02,5.0002648799e-02,5.0002648799e-02,5.0002648798e-02,5.0002648799e-02,5.0002648799e-02,5.0002648799e-02,5.0002648798e-02,5.0002648799e-02,5.0002648798e-02,5.0002648799e-02,5.0002648798e-02,5.0002648799e-02,5.0002648798e-02,5.0002648799e-02,5.0002648799e-02,5.0002648798e-02,5.0002648799e-02
8.5976812435e+05,8.6000010554e-08,8.5862485068e-08,8.5725243032e-08,8.5588282869e-08,8.5451604446e-08,8.5315208258e-08,8.5179091765e-08,8.5043256074e-08,8.4907699928e-08,8.4772422806e-08,8.4637423783e-08,8.4502702468e-08,8.4368258934e-08,8.4234091660e-08,8.4100200372e-08,8.3966585048e-08,8.3833244309e-08,8.3700177985e-08,8.3567385162e-08,8.3434865827e-08,8.3302618782e-08,8.3170646859e-08,8.2974919123e-08,8.2684997843e-08,8.2256347503e-08,8.1624332332e-08,8.0696284275e-08,7.9341835703e-08,7.7382943781e-08,7.4587905703e-08,7.0679291263e-08,6.5374943798e-08,5.8491309623e-08,5.0134905695e-08,4.0952475958e-08,3.2254541013e-08,2.5641190421e-08,2.1986150799e-08,2.0688137554e-08,2.0426844102e-08,2.0399854661e-08,2.0398532971e-08,2.0398529947e-08,2.0398557325e-08,2.0398579478e-08,2.0398592672e-08,2.0398597886e-08,2.0398599095e-08,2.0398599244e-08,2.0398599253e-08,2.0398599253e-08,2.0398599160e-08,2.0398588409e-08,2.0398111193e-08,2.0388957897e-08,2.0307106911e-08,1.9933356617e-08,1.8945617195e-08,1.7199370884e-08,1.4861343065e-08,1.3076337861e-08,4.5284599536e-08,7.1347777584e-07,6.9227853914e-06,3.6504937278e-05,1.1707682335e-04,2.6012199262e-04,4.4738741131e-04,6.4613264029e-04,8.2882021544e-04,9.8096542834e-04,1.0993600679e-03,1.1872952834e-03,1.2505562318e-03,1.2950867187e-03,1.3259723043e-03,1.3471803431e-03,1.3616447268e-03,1.3714646967e-03,1.3781109860e-03,1.3825999456e-03,1.3856275941e-03,1.3886622624e-03,1.3917038986e-03,1.3947525077e-03,1.3978080914e-03,1.4008706476e-03,1.4039401701e-03,1.4070166472e-03,1.4101000608e-03,1.4131903849e-03,1.4162875843e-03,1.4193916127e-03,1.4225024100e-03,1.4256199002e-03,1.4287439883e-03,1.4318745558e-03,1.4350114568e-03,1.4381545123e-03,1.4413035020e-03,1.4444581551e-03,1.4476181362e-03,1.4476181362e-03,1.4476181362e-03,1.4476181362e-03,1.4476181362e-03,1.4476181362e-03,1.4476181362e-03,1.4476181362e-03,1.4476181362e-03,1.4476181362e-03,1.4476181362e-03,1.4476181362e-03,1.4476181363e-03,1.4476181362e-03,1.4476181362e-03,1.4476181363e-03,1.4476181362e-03,1.4476181362e-03,1.4476181362e-03,1.4476181362e-03,1.4476181362e-03,1.4476181362e-03,1.4476181363e-03,1.4476181362e-03,1.4476181362e-03,1.4476181362e-03,1.4476181362e-03,1.4476181362e-03,1.4476181362e-03,1.4476181362e-03,1.4476181362e-03,1.4476181362e-03,1.4476181362e-03,1.4476181362e-03,1.4476181362e-03,1.4476181362e-03,1.4476181362e-03,1.4476181362e-03,1.4476181362e-03,1.4476181362e-03,1.4476181362e-03,1.4476181362e-03,1.4476181362e-03,1.4476181362e-03,1.4476181362e-03,1.4476181362e-03,1.4476181362e-03,1.4476181362e-03,1.4476181362e-03,1.4476181362e-03,1.4476181362e-03,1.4476181362e-03,1.4476181362e-03,1.4476181362e-03,1.4476181362e-03,1.4476181362e-03,1.4476181362e-03,1.4476181362e-03,1.4476181362e-03,1.4476181362e-03,1.4476181362e-03,1.4476181362e-03,1.4476181362e-03,1.4476181362e-03,1.4476181362e-03,1.4476181362e-03,1.4476181362e-03,1.4476181362e-03,1.4476181362e-03,1.4476181362e-03,1.4476181362e-03,1.4476181362e-03,1.4476181362e-03,1.4476181362e-03,1.4476181362e-03,1.4476181362e-03,1.4476181362e-03,1.4476181362e-03,1.4476181362e-03,1.4476181362e-03,1.4476181362e-03,1.4476181362e-03,1.4476181362e-03,1.4476181362e-03,1.4476181362e-03,1.4476181362e-03,1.4476181362e-03,1.4476181362e-03,1.4476181362e-03,1.4476181362e-03,1.4476181362e-03,1.4476181362e-03,1.4476181362e-03,1.4476181362e-03,1.4476181362e-03,1.4476181362e-03,1.4476181362e-03,1.4476181362e-03,1.4476181362e-03,1.4476181362e-03,1.4476181362e-03,1.4476181362e-03,1.4476181362e-03,1.4476181362e-03,1.4476181362e-03,1.4476181362e-03,1.4476181362e-03,1.4476181362e-03,1.4476181362e-03,1.4476181362e-03,1.4476181362e-03,1.4476181362e-03,1.4476181362e-03,1.4476181362e-03,1.4476181362e-03,1.4476181362e-03,1.4476181362e-03,1.4476181362e-03,1.4476181362e-03,1.4476181362e-03,1.4476181362e-03,1.4476181362e-03,1.4476181362e-03,1.4476181362e-03,1.4476181362e-03,1.4476181362e-03,1.4476181362e-03,1.4476181362e-03,1.4476181362e-03,1.4476181362e-03,1.4476181362e-03,1.4476181362e-03,1.4476181362e-03,1.4476181362e-03,1.4476181362e-03,1.4476181362e-03,1.4476181362e-03,1.4476181362e-03,1.4476181362e-03,1.4476181362e-03,1.4476181362e-03,1.4476181362e-03,1.4476181362e-03,1.4476181362e-03,1.4476181362e-03,1.4476181362e-03,1.4476181362e-03,1.4476181362e-03,1.4476181362e-03,1.4476181362e-03,1.4476181362e-03,1.4476181362e-03,1.4476181362e-03,1.4476181362e-03,1.4476181362e-03,1.4476181362e-03,1.4476181362e-03,1.4476181362e-03,1.4476181362e-03,1.4476181362e-03,1.4476181362e-03,1.4476181362e-03,1.4476181362e-03,1.4476181362e-03,1.4476181362e-03,1.4476181362e-03,1.4476181362e-03,1.4476181362e-03,1.4476181362e-03,1.4476181362e-03,1.4476181362e-03,1.4476181362e-03,1.4476181362e-03,1.4476181362e-03,1.4476181362e-03,1.4476181362e-03,1.4476181362e-03,1.4476181362e-03,1.4476181362e-03,1.4476181362e-03,1.4476181362e-03,1.4476181362e-03,1.4476181362e-03,1.4476181362e-03,1.4476181362e-03,1.4476181362e-03,1.4476181362e-03,1.4476181362e-03,1.4476181362e-03,1.4476181362e-03,1.4476181362e-03,1.4476181362e-03,1.4476181362e-03,1.4476181362e-03,1.4476181362e-03,1.4476181362e-03,1.4476181362e-03,1.4476181362e-03,1.4476181362e-03,1.4476181362e-03,1.4476181362e-03,5.0002648799e-02,5.0002648798e-02,5.0002648799e-02,5.0002648798e-02,5.0002648799e-02,5.0002648798e-02,5.0002648800e-02,5.0002648799e-02,5.0002648797e-02,5.0002648799e-02,5.0002648797e-02,5.0002648801e-02,5.0002648797e-02,5.0002648798e-02,5.0002648800e-02,5.0002648797e-02,5.0002648800e-02,5.0002648798e-02,5.0002648799e-02,5.0002648798e-02,5.0002648800e-02,5.0002648798e-02,5.0002648798e-02,5.0002648799e-02,5.0002648798e-02,5.0002648799e-02,5.0002648798e-02,5.0002648799e-02,5.0002648799e-02,5.0002648799e-02,5.0002648799e-02,5.0002648799e-02,5.0002648799e-02,5.0002648799e-02,5.0002648799e-02,5.0002648799e-02,5.0002648799e-02,5.0002648799e-02,5.0002648799e-02,5.0002648799e-02,5.0002648799e-02,5.0002648799e-02,5.0002648799e-02,5.0002648799e-02,5.0002648799e-02,5.0002648799e-02,5.0002648799e-02,5.0002648799e-02,5.0002648799e-02,5.0002648799e-02,5.0002648799e-02,5.0002648799e-02,5.0002648799e-02,5.0002648799e-02,5.0002648799e-02,5.0002648799e-02,5.0002648799e-02,5.0002648799e-02,5.0002648799e-02,5.0002648799e-02,5.0002648799e-02,5.0002648799e-02,5.0002648799e-02,5.0002648799e-02,5.0002648799e-02,5.0002648799e-02,5.0002648799e-02,5.0002648799e-02,5.0002648799e-02,5.0002648799e-02,5.0002648799e-02,5.0002648799e-02,5.0002648799e-02,5.0002648799e-02,5.0002648799e-02,5.0002648799e-02,5.0002648799e-02,5.0002648799e-02,5.0002648799e-02,5.0002648799e-02,5.0002648798e-02,5.0002648799e-02,5.0002648798e-02,5.0002648799e-02,5.0002648798e-02,5.0002648799e-02,5.0002648799e-02,5.0002648799e-02,5.0002648798e-02,5.0002648799e-02,5.0002648798e-02,5.0002648798e-02,5.0002648799e-02,5.0002648799e-02,5.0002648798e-02,5.0002648799e-02,5.0002648798e-02,5.0002648799e-02,5.0002648798e-02,5.0002648799e-02,5.0002648799e-02,5.0002648799e-02
8.7876812435e+05,8.6000008334e-08,8.5862485254e-08,8.5725242872e-08,8.5588282863e-08,8.5451604475e-08,8.5315208152e-08,8.5179091930e-08,8.5043256200e-08,8.4907699958e-08,8.4772422446e-08,8.4637423744e-08,8.4502702635e-08,8.4368258907e-08,8.4234091753e-08,8.4100200451e-08,8.3966584940e-08,8.3833244441e-08,8.3700177522e-08,8.3567385235e-08,8.3434865798e-08,8.3302619159e-08,8.3170646739e-08,8.2974919305e-08,8.2684997654e-08,8.2256347532e-08,8.1624332332e-08,8.0696284293e-08,7.9341835693e-08,7.7382943776e-08,7.4587905689e-08,7.0679291261e-08,6.5374943786e-08,5.8491309617e-08,5.0134905690e-08,4.0952475952e-08,3.2254541013e-08,2.5641190432e-08,2.1986150792e-08,2.0688137554e-08,2.0426844100e-08,2.0399854659e-08,2.0398532973e-08,2.0398529947e-08,2.0398557324e-08,2.0398579479e-08,2.0398592672e-08,2.0398597886e-08,2.0398599096e-08,2.0398599244e-08,2.0398599253e-08,2.0398599253e-08,2.0398599160e-08,2.0398588409e-08,2.0398111193e-08,2.0388957897e-08,2.0307106912e-08,1.9933356617e-08,1.8945617194e-08,1.7199370883e-08,1.4861343074e-08,1.3076337850e-08,4.5284599533e-08,7.1347777585e-07,6.9227853914e-06,3.6504937278e-05,1.1707682335e-04,2.6012199262e-04,4.4738741130e-04,6.4613264029e-04,8.2882021544e-04,9.8096542834e-04,1.0993600679e-03,1.1872952834e-03,1.2505562318e-03,1.2950867187e-03,1.3259723043e-03,1.3471803431e-03,1.3616447268e-03,1.3714646967e-03,1.3781109860e-03,1.3825999456e-03,1.3856275941e-03,1.3886622624e-03,1.3917038986e-03,1.3947525077e-03,1.3978080914e-03,1.4008706476e-03,1.4039401701e-03,1.4070166472e-03,1.4101000608e-03,1.4131903849e-03,1.4162875843e-03,1.4193916127e-03,1.4225024100e-03,1.4256199002e-03,1.4287439883e-03,1.4318745558e-03,1.4350114568e-03,1.4381545123e-03,1.4413035020e-03,1.4444581551e-03,1.4476181362e-03,1.4476181362e-03,1.4476181362e-03,1.4476181362e-03,1.4476181362e-03,1.4476181362e-03,1.4476181362e-03,1.4476181362e-03,1.4476181362e-03,1.4476181363e-03,1.4476181362e-03,1.4476181362e-03,1.4476181362e-03,1.4476181362e-03,1.4476181362e-03,1.4476181362e-03,1.4476181362e-03,1.4476181362e-03,1.4476181363e-03,1.4476181362e-03,1.4476181362e-03,1.4476181362e-03,1.4476181362e-03,1.4476181362e-03,1.4476181362e-03,1.4476181362e-03,1.4476181362e-03,1.4476181362e-03,1.4476181362e-03,1.4476181362e-03,1.4476181362e-03,1.4476181362e-03,1.4476181362e-03,1.4476181362e-03,1.4476181362e-03,1.4476181362e-03,1.4476181362e-03,1.4476181362e-03,1.4476181362e-03,1.4476181362e-03,1.4476181362e-03,1.4476181362e-03,1.4476181362e-03,1.4476181362e-03,1.4476181362e-03,1.4476181362e-03,1.4476181362e-03,1.4476181362e-03,1.4476181362e-03,1.4476181362e-03,1.4476181362e-03,1.4476181362e-03,1.4476181362e-03,1.4476181362e-03,1.4476181362e-03,1.4476181362e-03,1.4476181362e-03,1.4476181362e-03,1.4476181362e-03,1.4476181362e-03,1.4476181362e-03,1.4476181362e-03,1.4476181362e-03,1.4476181362e-03,1.4476181362e-03,1.4476181362e-03,1.4476181362e-03,1.4476181362e-03,1.4476181362e-03,1.4476181362e-03,1.4476181362e-03,1.4476181362e-03,1.4476181362e-03,1.4476181362e-03,1.4476181362e-03,1.4476181362e-03,1.4476181362e-03,1.4476181362e-03,1.4476181362e-03,1.4476181362e-03,1.4476181362e-03,1.4476181362e-03,1.4476181362e-03,1.4476181362e-03,1.4476181362e-03,1.4476181362e-03,1.4476181362e-03,1.4476181362e-03,1.4476181362e-03,1.4476181362e-03,1.4476181362e-03,1.4476181362e-03,1.4476181362e-03,1.4476181362e-03,1.4476181362e-03,1.4476181362e-03,1.4476181362e-03,1.4476181362e-03,1.4476181362e-03,1.4476181362e-03,1.4476181362e-03,1.4476181362e-03,1.4476181362e-03,1.4476181362e-03,1.4476181362e-03,1.4476181362e-03,1.4476181362e-03,1.4476181362e-03,1.4476181362e-03,1.4476181362e-03,1.4476181362e-03,1.4476181362e-03,1.4476181362e-03,1.4476181362e-03,1.4476181362e-03,1.4476181362e-03,1.4476181362e-03,1.4476181362e-03,1.4476181362e-03,1.4476181362e-03,1.4476181362e-03,1.4476181362e-03,1.4476181362e-03,1.4476181362e-03,1.4476181362e-03,1.4476181362e-03,1.4476181362e-03,1.4476181362e-03,1.4476181362e-03,1.4476181362e-03,1.4476181362e-03,1.4476181362e-03,1.4476181362e-03,1.4476181362e-03,1.4476181362e-03,1.4476181362e-03,1.4476181362e-03,1.4476181362e-03,1.4476181362e-03,1.4476181362e-03,1.4476181362e-03,1.4476181362e-03,1.4476181362e-03,1.4476181362e-03,1.4476181362e-03,1.4476181362e-03,1.4476181362e-03,1.4476181362e-03,1.4476181362e-03,1.4476181362e-03,1.4476181362e-03,1.4476181362e-03,1.4476181362e-03,1.4476181362e-03,1.4476181362e-03,1.4476181362e-03,1.4476181362e-03,1.4476181362e-03,1.4476181362e-03,1.4476181362e-03,1.4476181362e-03,1.4476181362e-03,1.4476181362e-03,1.4476181362e-03,1.4476181362e-03,1.4476181362e-03,1.4476181362e-03,1.4476181362e-03,1.4476181362e-03,1.4476181362e-03,1.4476181362e-03,1.4476181362e-03,1.4476181362e-03,1.4476181362e-03,1.4476181362e-03,1.4476181362e-03,1.4476181362e-03,1.4476181362e-03,1.4476181362e-03,1.4476181362e-03,1.4476181362e-03,1.4476181362e-03,1.4476181362e-03,1.4476181362e-03,1.4476181362e-03,1.4476181362e-03,1.4476181362e-03,1.4476181362e-03,1.4476181362e-03,1.4476181362e-03,1.4476181362e-03,1.4476181362e-03,1.4476181362e-03,1.4476181362e-03,1.4476181362e-03,1.4476181362e-03,1.4476181362e-03,1.4476181362e-03,1.4476181362e-03,1.4476181362e-03,1.4476181362e-03,5.0002648799e-02,5.0002648799e-02,5.0002648799e-02,5.0002648798e-02,5.0002648798e-02,5.0002648801e-02,5.0002648796e-02,5.0002648800e-02,5.0002648799e-02,5.0002648797e-02,5.0002648800e-02,5.0002648799e-02,5.0002648797e-02,5.0002648799e-02,5.0002648799e-02,5.0002648800e-02,5.0002648799e-02,5.0002648796e-02,5.0002648800e-02,5.0002648800e-02,5.0002648796e-02,5.0002648800e-02,5.0002648799e-02,5.0002648798e-02,5.0002648799e-02,5.0002648798e-02,5.0002648798e-02,5.0002648799e-02,5.0002648799e-02,5.0002648799e-02,5.0002648799e-02,5.0002648799e-02,5.0002648799e-02,5.0002648799e-02,5.0002648799e-02,5.0002648799e-02,5.0002648799e-02,5.0002648799e-02,5.0002648799e-02,5.0002648799e-02,5.0002648799e-02,5.0002648799e-02,5.0002648799e-02,5.0002648799e-02,5.0002648799e-02,5.0002648799e-02,5.0002648799e-02,5.0002648799e-02,5.0002648799e-02,5.0002648799e-02,5.0002648799e-02,5.0002648799e-02,5.0002648799e-02,5.0002648799e-02,5.0002648799e-02,5.0002648799e-02,5.0002648799e-02,5.0002648799e-02,5.0002648799e-02,5.0002648799e-02,5.0002648799e-02,5.0002648799e-02,5.0002648799e-02,5.0002648799e-02,5.0002648799e-02,5.0002648799e-02,5.0002648799e-02,5.0002648799e-02,5.0002648799e-02,5.0002648799e-02,5.0002648799e-02,5.0002648799e-02,5.0002648799e-02,5.0002648799e-02,5.0002648799e-02,5.0002648799e-02,5.0002648799e-02,5.0002648799e-02,5.0002648799e-02,5.0002648799e-02,5.0002648799e-02,5.0002648799e-02,5.0002648799e-02,5.0002648798e-02,5.0002648799e-02,5.0002648798e-02,5.0002648799e-02,5.0002648798e-02,5.0002648799e-02,5.0002648798e-02,5.0002648799e-02,5.0002648798e-02,5.0002648799e-02,5.0002648799e-02,5.0002648799e-02,5.0002648798e-02,5.0002648799e-02,5.0002648798e-02,5.0002648799e-02,5.0002648798e-02,5.0002648798e-02,5.0002648799e-02
8.9776812435e+05,8.6000010653e-08,8.5862485676e-08,8.5725242728e-08,8.5588282792e-08,8.5451604645e-08,8.5315207867e-08,8.5179091904e-08,8.5043256084e-08,8.4907699899e-08,8.4772422863e-08,8.4637423666e-08,8.4502702734e-08,8.4368258950e-08,8.4234091574e-08,8.4100200542e-08,8.3966584854e-08,8.3833244377e-08,8.3700177724e-08,8.3567385331e-08,8.3434865758e-08,8.3302618749e-08,8.3170646916e-08,8.2974919162e-08,8.2684997694e-08,8.2256347573e-08,8.1624332282e-08,8.0696284301e-08,7.9341835697e-08,7.7382943786e-08,7.4587905690e-08,7.0679291256e-08,6.5374943791e-08,5.8491309619e-08,5.0134905693e-08,4.0952475952e-08,3.2254541012e-08,2.5641190426e-08,2.1986150799e-08,2.0688137553e-08,2.0426844104e-08,2.0399854658e-08,2.0398532972e-08,2.0398529945e-08,2.0398557326e-08,2.0398579477e-08,2.0398592672e-08,2.0398597886e-08,2.0398599096e-08,2.0398599244e-08,2.0398599253e-08,2.0398599253e-08,2.0398599160e-08,2.0398588409e-08,2.0398111193e-08,2.0388957897e-08,2.0307106911e-08,1.9933356617e-08,1.8945617194e-08,1.7199370883e-08,1.4861343071e-08,1.3076337851e-08,4.5284599540e-08,7.1347777583e-07,6.9227853914e-06,3.6504937278e-05,1.1707682335e-04,2.6012199262e-04,4.4738741130e-04,6.4613264028e-04,8.2882021544e-04,9.8096542834e-04,1.0993600679e-03,1.1872952834e-03,1.2505562318e-03,1.2950867187e-03,1.3259723043e-03,1.3471803431e-03,1.3616447268e-03,1.3714646967e-03,1.3781109860e-03,1.3825999456e-03,1.3856275941e-03,1.3886622624e-03,1.3917038986e-03,1.3947525077e-03,1.3978080914e-03,1.4008706476e-03,1.4039401701e-03,1.4070166472e-03,1.4101000608e-03,1.4131903849e-03,1.4162875843e-03,1.4193916127e-03,1.4225024100e-03,1.4256199002e-03,1.4287439883e-03,1.4318745558e-03,1.4350114568e-03,1.4381545123e-03,1.4413035020e-03,1.4444581551e-03,1.4476181362e-03,1.4476181362e-03,1.4476181362e-03,1.4476181362e-03,1.4476181362e-03,1.4476181362e-03,1.4476181362e-03,1.4476181362e-03,1.4476181362e-03,1.4476181363e-03,1.4476181362e-03,1.4476181362e-03,1.4476181362e-03,1.4476181363e-03,1.4476181362e-03,1.4476181362e-03,1.4476181362e-03,1.4476181362e-03,1.4476181362e-03,1.4476181362e-03,1.4476181362e-03,1.4476181362e-03,1.4476181362e-03,1.4476181362e-03,1.4476181362e-03,1.4476181362e-03,1.4476181362e-03,1.4476181362e-03,1.4476181362e-03,1.4476181362e-03,1.4476181362e-03,1.4476181362e-03,1.4476181362e-03,1.4476181362e-03,1.4476181362e-03,1.4476181362e-03,1.4476181362e-03,1.4476181362e-03,1.4476181362e-03,1.4476181362e-03,1.4476181362e-03,1.4476181362e-03,1.4476181362e-03,1.4476181362e-03,1.4476181362e-03,1.4476181362e-03,1.4476181362e-03,1.4476181362e-03,1.4476181362e-03,1.4476181362e-03,1.4476181362e-03,1.4476181362e-03,1.4476181362e-03,1.4476181362e-03,1.4476181362e-03,1.4476181362e-03,1.4476181362e-03,1.4476181362e-03,1.4476181362e-03,1.4476181362e-03,1.4476181362e-03,1.4476181362e-03,1.4476181362e-03,1.4476181362e-03,1.4476181362e-03,1.4476181362e-03,1.4476181362e-03,1.4476181362e-03,1.4476181362e-03,1.4476181362e-03,1.4476181362e-03,1.4476181362e-03,1.4476181362e-03,1.4476181362e-03,1.4476181362e-03,1.4476181362e-03,1.4476181362e-03,1.4476181362e-03,1.4476181362e-03,1.4476181362e-03,1.4476181362e-03,1.4476181362e-03,1.4476181362e-03,1.4476181362e-03,1.4476181362e-03,1.4476181362e-03,1.4476181362e-03,1.4476181362e-03,1.4476181362e-03,1.4476181362e-03,1.4476181362e-03,1.4476181362e-03,1.4476181362e-03,1.4476181362e-03,1.4476181362e-03,1.4476181362e-03,1.4476181362e-03,1.4476181362e-03,1.4476181362e-03,1.4476181362e-03,1.4476181362e-03,1.4476181362e-03,1.4476181362e-03,1.4476181362e-03,1.4476181362e-03,1.4476181362e-03,1.4476181362e-03,1.4476181362e-03,1.4476181362e-03,1.4476181362e-03,1.4476181362e-03,1.4476181362e-03,1.4476181362e-03,1.4476181362e-03,1.4476181362e-03,1.4476181362e-03,1.4476181362e-03,1.4476181362e-03,1.4476181362e-03,1.4476181362e-03,1.4476181362e-03,1.4476181362e-03,1.4476181362e-03,1.4476181362e-03,1.4476181362e-03,1.4476181362e-03,1.4476181362e-03,1.4476181362e-03,1.4476181362e-03,1.4476181362e-03,1.4476181362e-03,1.4476181362e-03,1.4476181362e-03,1.4476181362e-03,1.4476181362e-03,1.4476181362e-03,1.4476181362e-03,1.4476181362e-03,1.4476181362e-03,1.4476181362e-03,1.4476181362e-03,1.4476181362e-03,1.4476181362e-03,1.4476181362e-03,1.4476181362e-03,1.4476181362e-03,1.4476181362e-03,1.4476181362e-03,1.4476181362e-03,1.4476181362e-03,1.4476181362e-03,1.4476181362e-03,1.4476181362e-03,1.4476181362e-03,1.4476181362e-03,1.4476181362e-03,1.4476181362e-03,1.4476181362e-03,1.4476181362e-03,1.4476181362e-03,1.4476181362e-03,1.4476181362e-03,1.4476181362e-03,1.4476181362e-03,1.4476181362e-03,1.4476181362e-03,1.4476181362e-03,1.4476181362e-03,1.4476181362e-03,1.4476181362e-03,1.4476181362e-03,1.4476181362e-03,1.4476181362e-03,1.4476181362e-03,1.4476181362e-03,1.4476181362e-03,1.4476181362e-03,1.4476181362e-03,1.4476181362e-03,1.4476181362e-03,1.4476181362e-03,1.4476181362e-03,1.4476181362e-03,1.4476181362e-03,1.4476181362e-03,1.4476181362e-03,1.4476181362e-03,1.4476181362e-03,1.4476181362e-03,1.4476181362e-03,1.4476181362e-03,1.4476181362e-03,1.4476181362e-03,1.4476181362e-03,1.4476181362e-03,1.4476181362e-03,1.4476181362e-03,1.4476181362e-03,1.4476181362e-03,1.4476181362e-03,1.4476181363e-03,5.0002648799e-02,5.0002648799e-02,5.0002648798e-02,5.0002648799e-02,5.0002648797e-02,5.0002648798e-02,5.0002648801e-02,5.0002648796e-02,5.0002648799e-02,5.0002648799e-02,5.0002648799e-02,5.0002648800e-02,5.0002648799e-02,5.0002648796e-02,5.0002648801e-02,5.0002648798e-02,5.0002648797e-02,5.0002648799e-02,5.0002648797e-02,5.0002648800e-02,5.0002648798e-02,5.0002648799e-02,5.0002648798e-02,5.0002648798e-02,5.0002648799e-02,5.0002648798e-02,5.0002648799e-02,5.0002648799e-02,5.0002648799e-02,5.0002648799e-02,5.0002648799e-02,5.0002648799e-02,5.0002648799e-02,5.0002648799e-02,5.0002648799e-02,5.0002648799e-02,5.0002648799e-02,5.0002648799e-02,5.0002648799e-02,5.0002648799e-02,5.0002648799e-02,5.0002648799e-02,5.0002648799e-02,5.0002648799e-02,5.0002648799e-02,5.0002648799e-02,5.0002648799e-02,5.0002648799e-02,5.0002648799e-02,5.0002648799e-02,5.0002648799e-02,5.0002648799e-02,5.0002648799e-02,5.0002648799e-02,5.0002648799e-02,5.0002648799e-02,5.0002648799e-02,5.0002648799e-02,5.0002648799e-02,5.0002648799e-02,5.0002648799e-02,5.0002648799e-02,5.0002648799e-02,5.0002648799e-02,5.0002648799e-02,5.0002648799e-02,5.0002648799e-02,5.0002648799e-02,5.0002648799e-02,5.0002648799e-02,5.0002648799e-02,5.0002648799e-02,5.0002648799e-02,5.0002648799e-02,5.0002648799e-02,5.0002648799e-02,5.0002648799e-02,5.0002648799e-02,5.0002648799e-02,5.0002648799e-02,5.0002648798e-02,5.0002648799e-02,5.0002648798e-02,5.0002648799e-02,5.0002648799e-02,5.0002648798e-02,5.0002648799e-02,5.0002648798e-02,5.0002648799e-02,5.0002648799e-02,5.0002648798e-02,5.0002648798e-02,5.0002648799e-02,5.0002648799e-02,5.0002648798e-02,5.0002648799e-02,5.0002648798e-02,5.0002648799e-02,5.0002648798e-02,5.0002648799e-02,5.0002648799e-02,5.0002648799e-02
9.1576812435e+05,8.6000011881e-08,8.5862485205e-08,8.5725242898e-08,8.5588282593e-08,8.5451604704e-08,8.5315208101e-08,8.5179091986e-08,8.5043256103e-08,8.4907700025e-08,8.4772422314e-08,8.4637423827e-08,8.4502702692e-08,8.4368259021e-08,8.4234091470e-08,8.4100200750e-08,8.3966584789e-08,8.3833244381e-08,8.3700177597e-08,8.3567385240e-08,8.3434865809e-08,8.3302619253e-08,8.3170646545e-08,8.2974919220e-08,8.2684997687e-08,8.2256347593e-08,8.1624332247e-08,8.0696284311e-08,7.9341835686e-08,7.7382943784e-08,7.4587905689e-08,7.0679291251e-08,6.5374943793e-08,5.8491309614e-08,5.0134905693e-08,4.0952475955e-08,3.2254541013e-08,2.5641190424e-08,2.1986150792e-08,2.0688137552e-08,2.0426844111e-08,2.0399854654e-08,2.0398532971e-08,2.0398529945e-08,2.0398557325e-08,2.0398579479e-08,2.0398592672e-08,2.0398597886e-08,2.0398599095e-08,2.0398599244e-08,2.0398599253e-08,2.0398599253e-08,2.0398599160e-08,2.0398588409e-08,2.0398111193e-08,2.0388957897e-08,2.0307106911e-08,1.9933356617e-08,1.8945617195e-08,1.7199370883e-08,1.4861343069e-08,1.3076337853e-08,4.5284599535e-08,7.1347777584e-07,6.9227853914e-06,3.6504937278e-05,1.1707682335e-04,2.6012199262e-04,4.4738741131e-04,6.4613264029e-04,8.2882021544e-04,9.8096542834e-04,1.0993600679e-03,1.1872952834e-03,1.2505562318e-03,1.2950867187e-03,1.3259723043e-03,1.3471803431e-03,1.3616447268e-03,1.3714646967e-03,1.3781109860e-03,1.3825999456e-03,1.3856275941e-03,1.3886622624e-03,1.3917038987e-03,1.3947525077e-03,1.3978080914e-03,1.4008706476e-03,1.4039401701e-03,1.4070166472e-03,1.4101000608e-03,1.4131903849e-03,1.4162875843e-03,1.4193916127e-03,1.4225024100e-03,1.4256199002e-03,1.4287439883e-03,1.4318745558e-03,1.4350114569e-03,1.4381545123e-03,1.4413035020e-03,1.4444581551e-03,1.4476181362e-03,1.4476181362e-03,1.4476181362e-03,1.4476181362e-03,1.4476181362e-03,1.4476181362e-03,1.4476181362e-03,1.4476181362e-03,1.4476181362e-03,1.4476181362e-03,1.4476181362e-03,1.4476181362e-03,1.4476181362e-03,1.4476181363e-03,1.4476181362e-03,1.4476181362e-03,1.4476181362e-03,1.4476181362e-03,1.4476181362e-03,1.4476181362e-03,1.4476181362e-03,1.4476181362e-03,1.4476181362e-03,1.4476181362e-03,1.4476181362e-03,1.4476181362e-03,1.4476181362e-03,1.4476181362e-03,1.4476181362e-03,1.4476181362e-03,1.4476181362e-03,1.4476181362e-03,1.4476181362e-03,1.4476181362e-03,1.4476181362e-03,1.4476181362e-03,1.4476181362e-03,1.4476181362e-03,1.4476181362e-03,1.4476181362e-03,1.4476181362e-03,1.4476181362e-03,1.4476181362e-03,1.4476181362e-03,1.4476181362e-03,1.4476181362e-03,1.4476181362e-03,1.4476181362e-03,1.4476181362e-03,1.4476181362e-03,1.4476181362e-03,1.4476181362e-03,1.4476181362e-03,1.4476181362e-03,1.4476181362e-03,1.4476181362e-03,1.4476181362e-03,1.4476181362e-03,1.4476181362e-03,1.4476181362e-03,1.4476181362e-03,1.4476181362e-03,1.4476181362e-03,1.4476181362e-03,1.4476181362e-03,1.4476181362e-03,1.4476181362e-03,1.4476181362e-03,1.4476181362e-03,1.4476181362e-03,1.4476181362e-03,1.4476181362e-03,1.4476181362e-03,1.4476181362e-03,1.4476181362e-03,1.4476181362e-03,1.4476181362e-03,1.4476181362e-03,1.4476181362e-03,1.4476181362e-03,1.4476181362e-03,1.4476181362e-03,1.4476181362e-03,1.4476181362e-03,1.4476181362e-03,1.4476181362e-03,1.4476181362e-03,1.4476181362e-03,1.4476181362e-03,1.4476181362e-03,1.4476181362e-03,1.4476181362e-03,1.4476181362e-03,1.4476181362e-03,1.4476181362e-03,1.4476181362e-03,1.4476181362e-03,1.4476181362e-03,1.4476181362e-03,1.4476181362e-03,1.4476181362e-03,1.4476181362e-03,1.4476181362e-03,1.4476181362e-03,1.4476181362e-03,1.4476181362e-03,1.4476181362e-03,1.4476181362e-03,1.4476181362e-03,1.4476181362e-03,1.4476181362e-03,1.4476181362e-03,1.4476181362e-03,1.4476181362e-03,1.4476181362e-03,1.4476181362e-03,1.4476181362e-03,1.4476181362e-03,1.4476181362e-03,1.4476181362e-03,1.4476181362e-03,1.4476181362e-03,1.4476181362e-03,1.4476181362e-03,1.4476181362e-03,1.4476181362e-03,1.4476181362e-03,1.4476181362e-03,1.4476181362e-03,1.4476181362e-03,1.4476181362e-03,1.4476181362e-03,1.4476181362e-03,1.4476181362e-03,1.4476181362e-03,1.4476181362e-03,1.4476181362e-03,1.4476181362e-03,1.4476181362e-03,1.4476181362e-03,1.4476181362e-03,1.4476181362e-03,1.4476181362e-03,1.4476181362e-03,1.4476181362e-03,1.4476181362e-03,1.4476181362e-03,1.4476181362e-03,1.4476181362e-03,1.4476181362e-03,1.4476181362e-03,1.4476181362e-03,1.4476181362e-03,1.4476181362e-03,1.4476181362e-03,1.4476181362e-03,1.4476181362e-03,1.4476181362e-03,1.4476181362e-03,1.4476181362e-03,1.4476181362e-03,1.4476181362e-03,1.4476181362e-03,1.4476181362e-03,1.4476181362e-03,1.4476181362e-03,1.4476181362e-03,1.4476181362e-03,1.4476181362e-03,1.4476181362e-03,1.4476181362e-03,1.4476181362e-03,1.4476181362e-03,1.4476181362e-03,1.4476181362e-03,1.4476181362e-03,1.4476181362e-03,1.4476181362e-03,1.4476181362e-03,1.4476181362e-03,1.4476181362e-03,1.4476181362e-03,1.4476181362e-03,1.4476181362e-03,1.4476181362e-03,1.4476181362e-03,1.4476181362e-03,1.4476181362e-03,1.4476181362e-03,1.4476181362e-03,1.4476181362e-03,1.4476181362e-03,1.4476181362e-03,1.4476181362e-03,1.4476181362e-03,1.4476181362e-03,1.4476181362e-03,1.4476181362e-03,1.4476181362e-03,1.4476181362e-03,1.4476181362e-03,5.0002648799e-02,5.0002648799e-02,5.0002648799e-02,5.0002648798e-02,5.0002648797e-02,5.0002648799e-02,5.0002648798e-02,5.0002648799e-02,5.0002648799e-02,5.0002648798e-02,5.0002648800e-02,5.0002648798e-02,5.0002648799e-02,5.0002648798e-02,5.0002648797e-02,5.0002648801e-02,5.0002648799e-02,5.0002648798e-02,5.0002648799e-02,5.0002648799e-02,5.0002648797e-02,5.0002648799e-02,5.0002648799e-02,5.0002648798e-02,5.0002648799e-02,5.0002648798e-02,5.0002648799e-02,5.0002648799e-02,5.0002648799e-02,5.0002648799e-02,5.0002648799e-02,5.0002648799e-02,5.0002648799e-02,5.0002648799e-02,5.0002648799e-02,5.0002648799e-02,5.0002648799e-02,5.0002648799e-02,5.0002648799e-02,5.0002648799e-02,5.0002648799e-02,5.0002648799e-02,5.0002648799e-02,5.0002648799e-02,5.0002648799e-02,5.0002648799e-02,5.0002648799e-02,5.0002648799e-02,5.0002648799e-02,5.0002648799e-02,5.0002648799e-02,5.0002648799e-02,5.0002648799e-02,5.0002648799e-02,5.0002648799e-02,5.0002648799e-02,5.0002648799e-02,5.0002648799e-02,5.0002648799e-02,5.0002648799e-02,5.0002648799e-02,5.0002648799e-02,5.0002648799e-02,5.0002648799e-02,5.0002648799e-02,5.0002648799e-02,5.0002648799e-02,5.0002648799e-02,5.0002648799e-02,5.0002648799e-02,5.0002648799e-02,5.0002648799e-02,5.0002648799e-02,5.0002648799e-02,5.0002648799e-02,5.0002648799e-02,5.0002648799e-02,5.0002648799e-02,5.0002648798e-02,5.0002648799e-02,5.0002648798e-02,5.0002648798e-02,5.0002648799e-02,5.0002648798e-02,5.0002648799e-02,5.0002648799e-02,5.0002648799e-02,5.0002648798e-02,5.0002648798e-02,5.0002648798e-02,5.0002648799e-02,5.0002648799e-02,5.0002648799e-02,5.0002648798e-02,5.0002648799e-02,5.0002648799e-02,5.0002648799e-02,5.0002648798e-02,5.0002648799e-02,5.0002648798e-02,5.0002648798e-02,5.0002648799e-02
9.3476812435e+05,8.6000011170e-08,8.5862485400e-08,8.5725242548e-08,8.5588282946e-08,8.5451604720e-08,8.5315208046e-08,8.5179091800e-08,8.5043256232e-08,8.4907699755e-08,8.4772422537e-08,8.4637423918e-08,8.4502702519e-08,8.4368259155e-08,8.4234091656e-08,8.4100200354e-08,8.3966585135e-08,8.3833244020e-08,8.3700177892e-08,8.3567385051e-08,8.3434865874e-08,8.3302619176e-08,8.3170646794e-08,8.2974919133e-08,8.2684997686e-08,8.2256347549e-08,8.1624332316e-08,8.0696284282e-08,7.9341835711e-08,7.7382943775e-08,7.4587905689e-08,7.0679291252e-08,6.5374943791e-08,5.8491309622e-08,5.0134905688e-08,4.0952475950e-08,3.2254541016e-08,2.5641190427e-08,2.1986150791e-08,2.0688137545e-08,2.0426844112e-08,2.0399854658e-08,2.0398532973e-08,2.0398529945e-08,2.0398557325e-08,2.0398579478e-08,2.0398592673e-08,2.0398597885e-08,2.0398599096e-08,2.0398599244e-08,2.0398599253e-08,2.0398599253e-08,2.0398599161e-08,2.0398588409e-08,2.0398111192e-08,2.0388957897e-08,2.0307106911e-08,1.9933356617e-08,1.8945617195e-08,1.7199370883e-08,1.4861343072e-08,1.3076337849e-08,4.5284599538e-08,7.1347777583e-07,6.9227853913e-06,3.6504937278e-05,1.1707682335e-04,2.6012199262e-04,4.4738741130e-04,6.4613264029e-04,8.2882021544e-04,9.8096542835e-04,1.0993600679e-03,1.1872952834e-03,1.2505562318e-03,1.2950867187e-03,1.3259723043e-03,1.3471803431e-03,1.3616447268e-03,1.3714646967e-03,1.3781109860e-03,1.3825999456e-03,1.3856275941e-03,1.3886622624e-03,1.3917038987e-03,1.3947525077e-03,1.3978080914e-03,1.4008706476e-03,1.4039401701e-03,1.4070166472e-03,1.4101000608e-03,1.4131903849e-03,1.4162875843e-03,1.4193916127e-03,1.4225024100e-03,1.4256199002e-03,1.4287439883e-03,1.4318745558e-03,1.4350114569e-03,1.4381545123e-03,1.4413035020e-03,1.4444581551e-03,1.4476181362e-03,1.4476181362e-03,1.4476181362e-03,1.4476181362e-03,1.4476181362e-03,1.4476181362e-03,1.4476181362e-03,1.4476181363e-03,1.4476181362e-03,1.4476181362e-03,1.4476181363e-03,1.4476181362e-03,1.4476181362e-03,1.4476181362e-03,1.4476181362e-03,1.4476181362e-03,1.4476181363e-03,1.4476181362e-03,1.4476181362e-03,1.4476181362e-03,1.4476181362e-03,1.4476181363e-03,1.4476181362e-03,1.4476181362e-03,1.4476181362e-03,1.4476181362e-03,1.4476181362e-03,1.4476181362e-03,1.4476181362e-03,1.4476181362e-03,1.4476181362e-03,1.4476181362e-03,1.4476181362e-03,1.4476181362e-03,1.4476181362e-03,1.4476181362e-03,1.4476181362e-03,1.4476181362e-03,1.4476181362e-03,1.4476181362e-03,1.4476181362e-03,1.4476181362e-03,1.4476181362e-03,1.4476181362e-03,1.4476181362e-03,1.4476181362e-03,1.4476181362e-03,1.4476181362e-03,1.4476181362e-03,1.4476181362e-03,1.4476181362e-03,1.4476181362e-03,1.4476181362e-03,1.4476181362e-03,1.4476181362e-03,1.4476181362e-03,1.4476181362e-03,1.4476181362e-03,1.4476181362e-03,1.4476181362e-03,1.4476181362e-03,1.4476181362e-03,1.4476181362e-03,1.4476181362e-03,1.4476181362e-03,1.4476181362e-03,1.4476181362e-03,1.4476181362e-03,1.4476181362e-03,1.4476181362e-03,1.4476181362e-03,1.4476181362e-03,1.4476181362e-03,1.4476181362e-03,1.4476181362e-03,1.4476181362e-03,1.4476181362e-03,1.4476181362e-03,1.4476181362e-03,1.4476181362e-03,1.4476181362e-03,1.4476181362e-03,1.4476181362e-03,1.4476181362e-03,1.4476181362e-03,1.4476181362e-03,1.4476181362e-03,1.4476181362e-03,1.4476181362e-03,1.4476181362e-03,1.4476181362e-03,1.4476181362e-03,1.4476181362e-03,1.4476181362e-03,1.4476181362e-03,1.4476181362e-03,1.4476181362e-03,1.4476181362e-03,1.4476181362e-03,1.4476181362e-03,1.4476181362e-03,1.4476181362e-03,1.4476181362e-03,1.4476181362e-03,1.4476181362e-03,1.4476181362e-03,1.4476181362e-03,1.4476181362e-03,1.4476181362e-03,1.4476181362e-03,1.4476181362e-03,1.4476181362e-03,1.4476181362e-03,1.4476181362e-03,1.4476181362e-03,1.4476181362e-03,1.4476181362e-03,1.4476181362e-03,1.4476181362e-03,1.4476181362e-03,1.4476181362e-03,1.4476181362e-03,1.4476181362e-03,1.4476181362e-03,1.4476181362e-03,1.4476181362e-03,1.4476181362e-03,1.4476181362e-03,1.4476181362e-03,1.4476181362e-03,1.4476181362e-03,1.4476181362e-03,1.4476181362e-03,1.4476181362e-03,1.4476181362e-03,1.4476181362e-03,1.4476181362e-03,1.4476181362e-03,1.4476181362e-03,1.4476181362e-03,1.4476181362e-03,1.4476181362e-03,1.4476181362e-03,1.4476181362e-03,1.4476181362e-03,1.4476181362e-03,1.4476181362e-03,1.4476181362e-03,1.4476181362e-03,1.4476181362e-03,1.4476181362e-03,1.4476181362e-03,1.4476181362e-03,1.4476181362e-03,1.4476181362e-03,1.4476181362e-03,1.4476181362e-03,1.4476181362e-03,1.4476181362e-03,1.4476181362e-03,1.4476181362e-03,1.4476181362e-03,1.4476181362e-03,1.4476181362e-03,1.4476181362e-03,1.4476181362e-03,1.4476181362e-03,1.4476181362e-03,1.4476181362e-03,1.4476181362e-03,1.4476181362e-03,1.4476181362e-03,1.4476181362e-03,1.4476181362e-03,1.4476181362e-03,1.4476181362e-03,1.4476181362e-03,1.4476181362e-03,1.4476181362e-03,1.4476181362e-03,1.4476181362e-03,1.4476181362e-03,1.4476181362e-03,1.4476181362e-03,1.4476181362e-03,1.4476181362e-03,1.4476181362e-03,1.4476181362e-03,1.4476181362e-03,1.4476181362e-03,1.4476181362e-03,1.4476181362e-03,1.4476181362e-03,1.4476181362e-03,1.4476181362e-03,1.4476181362e-03,1.4476181362e-03,1.4476181362e-03,1.4476181362e-03,1.4476181362e-03,1.4476181362e-03,5.0002648799e-02,5.0002648798e-02,5.0002648799e-02,5.0002648798e-02,5.0002648799e-02,5.0002648797e-02,5.0002648801e-02,5.0002648796e-02,5.0002648799e-02,5.0002648800e-02,5.0002648797e-02,5.0002648800e-02,5.0002648797e-02,5.0002648798e-02,5.0002648799e-02,5.0002648799e-02,5.0002648799e-02,5.0002648799e-02,5.0002648799e-02,5.0002648798e-02,5.0002648798e-02,5.0002648799e-02,5.0002648798e-02,5.0002648799e-02,5.0002648799e-02,5.0002648798e-02,5.0002648799e-02,5.0002648799e-02,5.0002648799e-02,5.0002648799e-02,5.0002648799e-02,5.0002648799e-02,5.0002648799e-02,5.0002648799e-02,5.0002648799e-02,5.0002648799e-02,5.0002648799e-02,5.0002648799e-02,5.0002648799e-02,5.0002648799e-02,5.0002648799e-02,5.0002648799e-02,5.0002648799e-02,5.0002648799e-02,5.0002648799e-02,5.0002648799e-02,5.0002648799e-02,5.0002648799e-02,5.0002648799e-02,5.0002648799e-02,5.0002648799e-02,5.0002648799e-02,5.0002648799e-02,5.0002648799e-02,5.0002648799e-02,5.0002648799e-02,5.0002648799e-02,5.0002648799e-02,5.0002648799e-02,5.0002648799e-02,5.0002648799e-02,5.0002648799e-02,5.0002648799e-02,5.0002648799e-02,5.0002648799e-02,5.0002648799e-02,5.0002648799e-02,5.0002648799e-02,5.0002648799e-02,5.0002648799e-02,5.0002648799e-02,5.0002648799e-02,5.0002648799e-02,5.0002648799e-02,5.0002648799e-02,5.0002648799e-02,5.0002648799e-02,5.0002648799e-02,5.0002648799e-02,5.0002648799e-02,5.0002648798e-02,5.0002648799e-02,5.0002648798e-02,5.0002648799e-02,5.0002648799e-02,5.0002648799e-02,5.0002648798e-02,5.0002648799e-02,5.0002648798e-02,5.0002648798e-02,5.0002648798e-02,5.0002648799e-02,5.0002648799e-02,5.0002648798e-02,5.0002648799e-02,5.0002648798e-02,5.0002648799e-02,5.0002648799e-02,5.0002648798e-02,5.0002648799e-02,5.0002648798e-02,5.0002648799e-02
9.5376812435e+05,8.6000010785e-08,8.5862485643e-08,8.5725242586e-08,8.5588282888e-08,8.5451604606e-08,8.5315208020e-08,8.5179091918e-08,8.5043256244e-08,8.4907699717e-08,8.4772422569e-08,8.4637424002e-08,8.4502702624e-08,8.4368258689e-08,8.4234091699e-08,8.4100200676e-08,8.3966585045e-08,8.3833244071e-08,8.3700177672e-08,8.3567385462e-08,8.3434865691e-08,8.3302619011e-08,8.3170646961e-08,8.2974918965e-08,8.2684997756e-08,8.2256347588e-08,8.1624332269e-08,8.0696284312e-08,7.9341835688e-08,7.7382943780e-08,7.4587905688e-08,7.0679291255e-08,6.5374943792e-08,5.8491309621e-08,5.0134905691e-08,4.0952475954e-08,3.2254541018e-08,2.5641190427e-08,2.1986150790e-08,2.0688137550e-08,2.0426844107e-08,2.0399854660e-08,2.0398532970e-08,2.0398529945e-08,2.0398557324e-08,2.0398579479e-08,2.0398592672e-08,2.0398597886e-08,2.0398599096e-08,2.0398599244e-08,2.0398599253e-08,2.0398599253e-08,2.0398599160e-08,2.0398588409e-08,2.0398111192e-08,2.0388957897e-08,2.0307106912e-08,1.9933356617e-08,1.8945617194e-08,1.7199370883e-08,1.4861343063e-08,1.3076337862e-08,4.5284599535e-08,7.1347777582e-07,6.9227853912e-06,3.6504937277e-05,1.1707682334e-04,2.6012199262e-04,4.4738741130e-04,6.4613264028e-04,8.2882021544e-04,9.8096542835e-04,1.0993600679e-03,1.1872952834e-03,1.2505562318e-03,1.2950867187e-03,1.3259723043e-03,1.3471803431e-03,1.3616447268e-03,1.3714646967e-03,1.3781109860e-03,1.3825999456e-03,1.3856275941e-03,1.3886622624e-03,1.3917038987e-03,1.3947525077e-03,1.3978080914e-03,1.4008706476e-03,1.4039401701e-03,1.4070166472e-03,1.4101000608e-03,1.4131903849e-03,1.4162875843e-03,1.4193916127e-03,1.4225024100e-03,1.4256199002e-03,1.4287439883e-03,1.4318745558e-03,1.4350114569e-03,1.4381545123e-03,1.4413035020e-03,1.4444581551e-03,1.4476181362e-03,1.4476181362e-03,1.4476181362e-03,1.4476181362e-03,1.4476181362e-03,1.4476181362e-03,1.4476181363e-03,1.4476181362e-03,1.4476181362e-03,1.4476181362e-03,1.4476181362e-03,1.4476181362e-03,1.4476181363e-03,1.4476181362e-03,1.4476181362e-03,1.4476181362e-03,1.4476181362e-03,1.4476181362e-03,1.4476181362e-03,1.4476181362e-03,1.4476181363e-03,1.4476181362e-03,1.4476181362e-03,1.4476181362e-03,1.4476181362e-03,1.4476181362e-03,1.4476181362e-03,1.4476181362e-03,1.4476181362e-03,1.4476181362e-03,1.4476181362e-03,1.4476181362e-03,1.4476181362e-03,1.4476181362e-03,1.4476181362e-03,1.4476181362e-03,1.4476181362e-03,1.4476181362e-03,1.4476181362e-03,1.4476181362e-03,1.4476181362e-03,1.4476181362e-03,1.4476181362e-03,1.4476181362e-03,1.4476181362e-03,1.4476181362e-03,1.4476181362e-03,1.4476181362e-03,1.4476181362e-03,1.4476181362e-03,1.4476181362e-03,1.4476181362e-03,1.4476181362e-03,1.4476181362e-03,1.4476181362e-03,1.4476181362e-03,1.4476181362e-03,1.4476181362e-03,1.4476181362e-03,1.4476181362e-03,1.4476181362e-03,1.4476181362e-03,1.4476181362e-03,1.4476181362e-03,1.4476181362e-03,1.4476181362e-03,1.4476181362e-03,1.4476181362e-03,1.4476181362e-03,1.4476181362e-03,1.4476181362e-03,1.4476181362e-03,1.4476181362e-03,1.4476181362e-03,1.4476181362e-03,1.4476181362e-03,1.4476181362e-03,1.4476181362e-03,1.4476181362e-03,1.4476181362e-03,1.4476181362e-03,1.4476181362e-03,1.4476181362e-03,1.4476181362e-03,1.4476181362e-03,1.4476181362e-03,1.4476181362e-03,1.4476181362e-03,1.4476181362e-03,1.4476181362e-03,1.4476181362e-03,1.4476181362e-03,1.4476181362e-03,1.4476181362e-03,1.4476181362e-03,1.4476181362e-03,1.4476181362e-03,1.4476181362e-03,1.4476181362e-03,1.4476181362e-03,1.4476181362e-03,1.4476181362e-03,1.4476181362e-03,1.4476181362e-03,1.4476181362e-03,1.4476181362e-03,1.4476181362e-03,1.4476181362e-03,1.4476181362e-03,1.4476181362e-03,1.4476181362e-03,1.4476181362e-03,1.4476181362e-03,1.4476181362e-03,1.4476181362e-03,1.4476181362e-03,1.4476181362e-03,1.4476181362e-03,1.4476181362e-03,1.4476181362e-03,1.4476181362e-03,1.4476181362e-03,1.4476181362e-03,1.4476181362e-03,1.4476181362e-03,1.4476181362e-03,1.4476181362e-03,1.4476181362e-03,1.4476181362e-03,1.4476181362e-03,1.4476181362e-03,1.4476181362e-03,1.4476181362e-03,1.4476181362e-03,1.4476181362e-03,1.4476181362e-03,1.4476181362e-03,1.4476181362e-03,1.4476181362e-03,1.4476181362e-03,1.4476181362e-03,1.4476181362e-03,1.4476181362e-03,1.4476181362e-03,1.4476181362e-03,1.4476181362e-03,1.4476181362e-03,1.4476181362e-03,1.4476181362e-03,1.4476181362e-03,1.4476181362e-03,1.4476181362e-03,1.4476181362e-03,1.4476181362e-03,1.4476181362e-03,1.4476181362e-03,1.4476181362e-03,1.4476181362e-03,1.4476181362e-03,1.4476181362e-03,1.4476181362e-03,1.4476181362e-03,1.4476181362e-03,1.4476181362e-03,1.4476181362e-03,1.4476181362e-03,1.4476181362e-03,1.4476181362e-03,1.4476181362e-03,1.4476181362e-03,1.4476181362e-03,1.4476181362e-03,1.4476181362e-03,1.4476181362e-03,1.4476181362e-03,1.4476181362e-03,1.4476181362e-03,1.4476181362e-03,1.4476181362e-03,1.4476181362e-03,1.4476181362e-03,1.4476181362e-03,1.4476181362e-03,1.4476181362e-03,1.4476181362e-03,1.4476181362e-03,1.4476181362e-03,1.4476181362e-03,1.4476181362e-03,1.4476181362e-03,1.4476181362e-03,1.4476181362e-03,1.4476181362e-03,1.4476181362e-03,1.4476181362e-03,1.4476181362e-03,1.4476181362e-03,1.4476181362e-03,1.4476181362e-03,1.4476181362e-03,1.4476181362e-03,5.0002648799e-02,5.0002648799e-02,5.0002648798e-02,5.0002648799e-02,5.0002648798e-02,5.0002648799e-02,5.0002648799e-02,5.0002648798e-02,5.0002648797e-02,5.0002648798e-02,5.0002648800e-02,5.0002648799e-02,5.0002648798e-02,5.0002648798e-02,5.0002648798e-02,5.0002648800e-02,5.0002648797e-02,5.0002648800e-02,5.0002648797e-02,5.0002648801e-02,5.0002648796e-02,5.0002648799e-02,5.0002648799e-02,5.0002648798e-02,5.0002648799e-02,5.0002648799e-02,5.0002648799e-02,5.0002648799e-02,5.0002648799e-02,5.0002648799e-02,5.0002648799e-02,5.0002648799e-02,5.0002648799e-02,5.0002648799e-02,5.0002648799e-02,5.0002648799e-02,5.0002648799e-02,5.0002648799e-02,5.0002648799e-02,5.0002648799e-02,5.0002648799e-02,5.0002648799e-02,5.0002648799e-02,5.0002648799e-02,5.0002648799e-02,5.0002648799e-02,5.0002648799e-02,5.0002648799e-02,5.0002648799e-02,5.0002648799e-02,5.0002648799e-02,5.0002648799e-02,5.0002648799e-02,5.0002648799e-02,5.0002648799e-02,5.0002648799e-02,5.0002648799e-02,5.0002648799e-02,5.0002648799e-02,5.0002648799e-02,5.0002648799e-02,5.0002648799e-02,5.0002648799e-02,5.0002648799e-02,5.0002648799e-02,5.0002648799e-02,5.0002648799e-02,5.0002648799e-02,5.0002648799e-02,5.0002648799e-02,5.0002648799e-02,5.0002648799e-02,5.0002648799e-02,5.0002648799e-02,5.0002648799e-02,5.0002648799e-02,5.0002648799e-02,5.0002648799e-02,5.0002648799e-02,5.0002648799e-02,5.0002648799e-02,5.0002648799e-02,5.0002648799e-02,5.0002648798e-02,5.0002648799e-02,5.0002648798e-02,5.0002648799e-02,5.0002648799e-02,5.0002648798e-02,5.0002648798e-02,5.0002648799e-02,5.0002648799e-02,5.0002648798e-02,5.0002648799e-02,5.0002648798e-02,5.0002648799e-02,5.0002648799e-02,5.0002648799e-02,5.0002648799e-02,5.0002648799e-02,5.0002648798e-02,5.0002648799e-02
9.7176812435e+05,8.6000009469e-08,8.5862485126e-08,8.5725242928e-08,8.5588282746e-08,8.5451604450e-08,8.5315208291e-08,8.5179091642e-08,8.5043256450e-08,8.4907699920e-08,8.4772422600e-08,8.4637423687e-08,8.4502702801e-08,8.4368258549e-08,8.4234091774e-08,8.4100200465e-08,8.3966585133e-08,8.3833244009e-08,8.3700177876e-08,8.3567385250e-08,8.3434865921e-08,8.3302619062e-08,8.3170646748e-08,8.2974919080e-08,8.2684997676e-08,8.2256347670e-08,8.1624332268e-08,8.0696284298e-08,7.9341835698e-08,7.7382943769e-08,7.4587905698e-08,7.0679291253e-08,6.5374943797e-08,5.8491309621e-08,5.0134905692e-08,4.0952475954e-08,3.2254541013e-08,2.5641190425e-08,2.1986150785e-08,2.0688137561e-08,2.0426844104e-08,2.0399854656e-08,2.0398532974e-08,2.0398529944e-08,2.0398557325e-08,2.0398579479e-08,2.0398592672e-08,2.0398597886e-08,2.0398599095e-08,2.0398599244e-08,2.0398599253e-08,2.0398599253e-08,2.0398599160e-08,2.0398588409e-08,2.0398111192e-08,2.0388957897e-08,2.0307106912e-08,1.9933356617e-08,1.8945617195e-08,1.7199370883e-08,1.4861343069e-08,1.3076337854e-08,4.5284599537e-08,7.1347777582e-07,6.9227853912e-06,3.6504937277e-05,1.1707682334e-04,2.6012199262e-04,4.4738741129e-04,6.4613264028e-04,8.2882021543e-04,9.8096542834e-04,1.0993600679e-03,1.1872952834e-03,1.2505562318e-03,1.2950867187e-03,1.3259723043e-03,1.3471803431e-03,1.3616447268e-03,1.3714646967e-03,1.3781109860e-03,1.3825999456e-03,1.3856275941e-03,1.3886622624e-03,1.3917038986e-03,1.3947525077e-03,1.3978080914e-03,1.4008706476e-03,1.4039401701e-03,1.4070166472e-03,1.4101000608e-03,1.4131903849e-03,1.4162875843e-03,1.4193916127e-03,1.4225024100e-03,1.4256199002e-03,1.4287439883e-03,1.4318745558e-03,1.4350114568e-03,1.4381545123e-03,1.4413035019e-03,1.4444581551e-03,1.4476181362e-03,1.4476181362e-03,1.4476181362e-03,1.4476181362e-03,1.4476181362e-03,1.4476181362e-03,1.4476181362e-03,1.4476181362e-03,1.4476181362e-03,1.4476181362e-03,1.4476181362e-03,1.4476181362e-03,1.4476181362e-03,1.4476181362e-03,1.4476181362e-03,1.4476181363e-03,1.4476181362e-03,1.4476181362e-03,1.4476181362e-03,1.4476181362e-03,1.4476181363e-03,1.4476181362e-03,1.4476181362e-03,1.4476181362e-03,1.4476181362e-03,1.4476181362e-03,1.4476181362e-03,1.4476181362e-03,1.4476181362e-03,1.4476181362e-03,1.4476181362e-03,1.4476181362e-03,1.4476181362e-03,1.4476181362e-03,1.4476181362e-03,1.4476181362e-03,1.4476181362e-03,1.4476181362e-03,1.4476181362e-03,1.4476181362e-03,1.4476181362e-03,1.4476181362e-03,1.4476181362e-03,1.4476181362e-03,1.4476181362e-03,1.4476181362e-03,1.4476181362e-03,1.4476181362e-03,1.4476181362e-03,1.4476181362e-03,1.4476181362e-03,1.4476181362e-03,1.4476181362e-03,1.4476181362e-03,1.4476181362e-03,1.4476181362e-03,1.4476181362e-03,1.4476181362e-03,1.4476181362e-03,1.4476181362e-03,1.4476181362e-03,1.4476181362e-03,1.4476181362e-03,1.4476181362e-03,1.4476181362e-03,1.4476181362e-03,1.4476181362e-03,1.4476181362e-03,1.4476181362e-03,1.4476181362e-03,1.4476181362e-03,1.4476181362e-03,1.4476181362e-03,1.4476181362e-03,1.4476181362e-03,1.4476181362e-03,1.4476181362e-03,1.4476181362e-03,1.4476181362e-03,1.4476181362e-03,1.4476181362e-03,1.4476181362e-03,1.4476181362e-03,1.4476181362e-03,1.4476181362e-03,1.4476181362e-03,1.4476181362e-03,1.4476181362e-03,1.4476181362e-03,1.4476181362e-03,1.4476181362e-03,1.4476181362e-03,1.4476181362e-03,1.4476181362e-03,1.4476181362e-03,1.4476181362e-03,1.4476181362e-03,1.4476181362e-03,1.4476181362e-03,1.4476181362e-03,1.4476181362e-03,1.4476181362e-03,1.4476181362e-03,1.4476181362e-03,1.4476181362e-03,1.4476181362e-03,1.4476181362e-03,1.4476181362e-03,1.4476181362e-03,1.4476181362e-03,1.4476181362e-03,1.4476181362e-03,1.4476181362e-03,1.4476181362e-03,1.4476181362e-03,1.4476181362e-03,1.4476181362e-03,1.4476181362e-03,1.4476181362e-03,1.4476181362e-03,1.4476181362e-03,1.4476181362e-03,1.4476181362e-03,1.4476181362e-03,1.4476181362e-03,1.4476181362e-03,1.4476181362e-03,1.4476181362e-03,1.4476181362e-03,1.4476181362e-03,1.4476181362e-03,1.4476181362e-03,1.4476181362e-03,1.4476181362e-03,1.4476181362e-03,1.4476181362e-03,1.4476181362e-03,1.4476181362e-03,1.4476181362e-03,1.4476181362e-03,1.4476181362e-03,1.4476181362e-03,1.4476181362e-03,1.4476181362e-03,1.4476181362e-03,1.4476181362e-03,1.4476181362e-03,1.4476181362e-03,1.4476181362e-03,1.4476181362e-03,1.4476181362e-03,1.4476181362e-03,1.4476181362e-03,1.4476181362e-03,1.4476181362e-03,1.4476181362e-03,1.4476181362e-03,1.4476181362e-03,1.4476181362e-03,1.4476181362e-03,1.4476181362e-03,1.4476181362e-03,1.4476181362e-03,1.4476181362e-03,1.4476181362e-03,1.4476181362e-03,1.4476181362e-03,1.4476181362e-03,1.4476181362e-03,1.4476181362e-03,1.4476181362e-03,1.4476181362e-03,1.4476181362e-03,1.4476181362e-03,1.4476181362e-03,1.4476181362e-03,1.4476181362e-03,1.4476181362e-03,1.4476181362e-03,1.4476181362e-03,1.4476181362e-03,1.4476181362e-03,1.4476181362e-03,1.4476181362e-03,1.4476181362e-03,1.4476181362e-03,1.4476181362e-03,1.4476181362e-03,1.4476181362e-03,1.4476181362e-03,1.4476181362e-03,1.4476181362e-03,1.4476181362e-03,1.4476181362e-03,1.4476181362e-03,1.4476181362e-03,1.4476181362e-03,1.4476181362e-03,1.4476181362e-03,1.4476181362e-03,1.4476181363e-03,5.0002648799e-02,5.0002648798e-02,5.0002648799e-02,5.0002648798e-02,5.0002648799e-02,5.0002648797e-02,5.0002648801e-02,5.0002648797e-02,5.0002648799e-02,5.0002648798e-02,5.0002648800e-02,5.0002648797e-02,5.0002648801e-02,5.0002648798e-02,5.0002648799e-02,5.0002648799e-02,5.0002648798e-02,5.0002648799e-02,5.0002648799e-02,5.0002648799e-02,5.0002648798e-02,5.0002648799e-02,5.0002648798e-02,5.0002648799e-02,5.0002648799e-02,5.0002648798e-02,5.0002648798e-02,5.0002648799e-02,5.0002648798e-02,5.0002648799e-02,5.0002648799e-02,5.0002648799e-02,5.0002648799e-02,5.0002648799e-02,5.0002648799e-02,5.0002648799e-02,5.0002648799e-02,5.0002648799e-02,5.0002648799e-02,5.0002648799e-02,5.0002648799e-02,5.0002648799e-02,5.0002648799e-02,5.0002648799e-02,5.0002648799e-02,5.0002648799e-02,5.0002648799e-02,5.0002648799e-02,5.0002648799e-02,5.0002648799e-02,5.0002648799e-02,5.0002648799e-02,5.0002648799e-02,5.0002648799e-02,5.0002648799e-02,5.0002648799e-02,5.0002648799e-02,5.0002648799e-02,5.0002648799e-02,5.0002648799e-02,5.0002648799e-02,5.0002648799e-02,5.0002648799e-02,5.0002648799e-02,5.0002648799e-02,5.0002648799e-02,5.0002648799e-02,5.0002648799e-02,5.0002648799e-02,5.0002648799e-02,5.0002648799e-02,5.0002648799e-02,5.0002648799e-02,5.0002648799e-02,5.0002648799e-02,5.0002648799e-02,5.0002648799e-02,5.0002648799e-02,5.0002648799e-02,5.0002648798e-02,5.0002648799e-02,5.0002648798e-02,5.0002648798e-02,5.0002648799e-02,5.0002648798e-02,5.0002648799e-02,5.0002648798e-02,5.0002648799e-02,5.0002648798e-02,5.0002648799e-02,5.0002648799e-02,5.0002648798e-02,5.0002648799e-02,5.0002648798e-02,5.0002648799e-02,5.0002648799e-02,5.0002648799e-02,5.0002648798e-02,5.0002648799e-02,5.0002648798e-02,5.0002648799e-02,5.0002648799e-02
9.9076812435e+05,8.6000011355e-08,8.5862485552e-08,8.5725242827e-08,8.5588282715e-08,8.5451604798e-08,8.5315207691e-08,8.5179092214e-08,8.5043256082e-08,8.4907699810e-08,8.4772422541e-08,8.4637424058e-08,8.4502702397e-08,8.4368258768e-08,8.4234091883e-08,8.4100200601e-08,8.3966584942e-08,8.3833244021e-08,8.3700178138e-08,8.3567385227e-08,8.3434865562e-08,8.3302619131e-08,8.3170646878e-08,8.2974919133e-08,8.2684997674e-08,8.2256347588e-08,8.1624332281e-08,8.0696284286e-08,7.9341835708e-08,7.7382943781e-08,7.4587905696e-08,7.0679291259e-08,6.5374943791e-08,5.8491309621e-08,5.0134905693e-08,4.0952475953e-08,3.2254541010e-08,2.5641190419e-08,2.1986150794e-08,2.0688137561e-08,2.0426844102e-08,2.0399854654e-08,2.0398532974e-08,2.0398529946e-08,2.0398557324e-08,2.0398579479e-08,2.0398592672e-08,2.0398597885e-08,2.0398599096e-08,2.0398599244e-08,2.0398599253e-08,2.0398599253e-08,2.0398599160e-08,2.0398588409e-08,2.0398111193e-08,2.0388957896e-08,2.0307106912e-08,1.9933356617e-08,1.8945617195e-08,1.7199370883e-08,1.4861343069e-08,1.3076337852e-08,4.5284599535e-08,7.1347777581e-07,6.9227853911e-06,3.6504937276e-05,1.1707682334e-04,2.6012199261e-04,4.4738741129e-04,6.4613264028e-04,8.2882021544e-04,9.8096542835e-04,1.0993600679e-03,1.1872952834e-03,1.2505562318e-03,1.2950867187e-03,1.3259723043e-03,1.3471803431e-03,1.3616447268e-03,1.3714646967e-03,1.3781109860e-03,1.3825999456e-03,1.3856275941e-03,1.3886622624e-03,1.3917038987e-03,1.3947525077e-03,1.3978080914e-03,1.4008706476e-03,1.4039401701e-03,1.4070166472e-03,1.4101000608e-03,1.4131903849e-03,1.4162875843e-03,1.4193916127e-03,1.4225024100e-03,1.4256199002e-03,1.4287439883e-03,1.4318745558e-03,1.4350114569e-03,1.4381545123e-03,1.4413035020e-03,1.4444581551e-03,1.4476181362e-03,1.4476181362e-03,1.4476181362e-03,1.4476181362e-03,1.4476181362e-03,1.4476181362e-03,1.4476181362e-03,1.4476181362e-03,1.4476181362e-03,1.4476181362e-03,1.4476181362e-03,1.4476181362e-03,1.4476181363e-03,1.4476181362e-03,1.4476181362e-03,1.4476181362e-03,1.4476181362e-03,1.4476181362e-03,1.4476181363e-03,1.4476181362e-03,1.4476181362e-03,1.4476181362e-03,1.4476181362e-03,1.4476181362e-03,1.4476181362e-03,1.4476181362e-03,1.4476181362e-03,1.4476181362e-03,1.4476181362e-03,1.4476181362e-03,1.4476181362e-03,1.4476181362e-03,1.4476181362e-03,1.4476181362e-03,1.4476181362e-03,1.4476181362e-03,1.4476181362e-03,1.4476181362e-03,1.4476181362e-03,1.4476181362e-03,1.4476181362e-03,1.4476181362e-03,1.4476181362e-03,1.4476181362e-03,1.4476181362e-03,1.4476181362e-03,1.4476181362e-03,1.4476181362e-03,1.4476181362e-03,1.4476181362e-03,1.4476181362e-03,1.4476181362e-03,1.4476181362e-03,1.4476181362e-03,1.4476181362e-03,1.4476181362e-03,1.4476181362e-03,1.4476181362e-03,1.4476181362e-03,1.4476181362e-03,1.4476181362e-03,1.4476181362e-03,1.4476181362e-03,1.4476181362e-03,1.4476181362e-03,1.4476181362e-03,1.4476181362e-03,1.4476181362e-03,1.4476181362e-03,1.4476181362e-03,1.4476181362e-03,1.4476181362e-03,1.4476181362e-03,1.4476181362e-03,1.4476181362e-03,1.4476181362e-03,1.4476181362e-03,1.4476181362e-03,1.4476181362e-03,1.4476181362e-03,1.4476181362e-03,1.4476181362e-03,1.4476181362e-03,1.4476181362e-03,1.4476181362e-03,1.4476181362e-03,1.4476181362e-03,1.4476181362e-03,1.4476181362e-03,1.4476181362e-03,1.4476181362e-03,1.4476181362e-03,1.4476181362e-03,1.4476181362e-03,1.4476181362e-03,1.4476181362e-03,1.4476181362e-03,1.4476181362e-03,1.4476181362e-03,1.4476181362e-03,1.4476181362e-03,1.4476181362e-03,1.4476181362e-03,1.4476181362e-03,1.4476181362e-03,1.4476181362e-03,1.4476181362e-03,1.4476181362e-03,1.4476181362e-03,1.4476181362e-03,1.4476181362e-03,1.4476181362e-03,1.4476181362e-03,1.4476181362e-03,1.4476181362e-03,1.4476181362e-03,1.4476181362e-03,1.4476181362e-03,1.4476181362e-03,1.4476181362e-03,1.4476181362e-03,1.4476181362e-03,1.4476181362e-03,1.4476181362e-03,1.4476181362e-03,1.4476181362e-03,1.4476181362e-03,1.4476181362e-03,1.4476181362e-03,1.4476181362e-03,1.4476181362e-03,1.4476181362e-03,1.4476181362e-03,1.4476181362e-03,1.4476181362e-03,1.4476181362e-03,1.4476181362e-03,1.4476181362e-03,1.4476181362e-03,1.4476181362e-03,1.4476181362e-03,1.4476181362e-03,1.4476181362e-03,1.4476181362e-03,1.4476181362e-03,1.4476181362e-03,1.4476181362e-03,1.4476181362e-03,1.4476181362e-03,1.4476181362e-03,1.4476181362e-03,1.4476181362e-03,1.4476181362e-03,1.4476181362e-03,1.4476181362e-03,1.4476181362e-03,1.4476181362e-03,1.4476181362e-03,1.4476181362e-03,1.4476181362e-03,1.4476181362e-03,1.4476181362e-03,1.4476181362e-03,1.4476181362e-03,1.4476181362e-03,1.4476181362e-03,1.4476181362e-03,1.4476181362e-03,1.4476181362e-03,1.4476181362e-03,1.4476181362e-03,1.4476181362e-03,1.4476181362e-03,1.4476181362e-03,1.4476181362e-03,1.4476181362e-03,1.4476181362e-03,1.4476181362e-03,1.4476181362e-03,1.4476181362e-03,1.4476181362e-03,1.4476181362e-03,1.4476181362e-03,1.4476181362e-03,1.4476181362e-03,1.4476181362e-03,1.4476181362e-03,1.4476181362e-03,1.4476181362e-03,1.4476181362e-03,1.4476181362e-03,1.4476181362e-03,1.4476181362e-03,1.4476181362e-03,1.4476181362e-03,1.4476181362e-03,1.4476181362e-03,1.4476181362e-03,1.4476181362e-03,1.4476181362e-03,1.4476181362e-03,5.0002648799e-02,5.0002648799e-02,5.0002648799e-02,5.0002648798e-02,5.0002648797e-02,5.0002648801e-02,5.0002648798e-02,5.0002648799e-02,5.0002648797e-02,5.0002648798e-02,5.0002648799e-02,5.0002648800e-02,5.0002648798e-02,5.0002648798e-02,5.0002648798e-02,5.0002648799e-02,5.0002648798e-02,5.0002648797e-02,5.0002648800e-02,5.0002648798e-02,5.0002648799e-02,5.0002648797e-02,5.0002648800e-02,5.0002648799e-02,5.0002648798e-02,5.0002648798e-02,5.0002648799e-02,5.0002648799e-02,5.0002648799e-02,5.0002648799e-02,5.0002648799e-02,5.0002648799e-02,5.0002648799e-02,5.0002648799e-02,5.0002648799e-02,5.0002648799e-02,5.0002648799e-02,5.0002648799e-02,5.0002648799e-02,5.0002648799e-02,5.0002648799e-02,5.0002648799e-02,5.0002648799e-02,5.0002648799e-02,5.0002648799e-02,5.0002648799e-02,5.0002648799e-02,5.0002648799e-02,5.0002648799e-02,5.0002648799e-02,5.0002648799e-02,5.0002648799e-02,5.0002648799e-02,5.0002648799e-02,5.0002648799e-02,5.0002648799e-02,5.0002648799e-02,5.0002648799e-02,5.0002648799e-02,5.0002648799e-02,5.0002648799e-02,5.0002648799e-02,5.0002648799e-02,5.0002648799e-02,5.0002648799e-02,5.0002648799e-02,5.0002648799e-02,5.0002648799e-02,5.0002648799e-02,5.0002648799e-02,5.0002648799e-02,5.0002648799e-02,5.0002648799e-02,5.0002648799e-02,5.0002648799e-02,5.0002648799e-02,5.0002648799e-02,5.0002648799e-02,5.0002648799e-02,5.0002648799e-02,5.0002648799e-02,5.0002648798e-02,5.0002648799e-02,5.0002648799e-02,5.0002648799e-02,5.0002648798e-02,5.0002648799e-02,5.0002648798e-02,5.0002648799e-02,5.0002648799e-02,5.0002648799e-02,5.0002648798e-02,5.0002648799e-02,5.0002648798e-02,5.0002648798e-02,5.0002648799e-02,5.0002648798e-02,5.0002648799e-02,5.0002648798e-02,5.0002648798e-02,5.0002648799e-02,5.0002648799e-02
1.0097681244e+06,8.6000011100e-08,8.5862485467e-08,8.5725242732e-08,8.5588282748e-08,8.5451604704e-08,8.5315207986e-08,8.5179092001e-08,8.5043256049e-08,8.4907699989e-08,8.4772422649e-08,8.4637423823e-08,8.4502702622e-08,8.4368258501e-08,8.4234091792e-08,8.4100200613e-08,8.3966584988e-08,8.3833244228e-08,8.3700177532e-08,8.3567385233e-08,8.3434866167e-08,8.3302618793e-08,8.3170646734e-08,8.2974919237e-08,8.2684997589e-08,8.2256347643e-08,8.1624332263e-08,8.0696284288e-08,7.9341835669e-08,7.7382943778e-08,7.4587905677e-08,7.0679291247e-08,6.5374943788e-08,5.8491309610e-08,5.0134905689e-08,4.0952475951e-08,3.2254541008e-08,2.5641190430e-08,2.1986150794e-08,2.0688137555e-08,2.0426844100e-08,2.0399854660e-08,2.0398532971e-08,2.0398529946e-08,2.0398557325e-08,2.0398579479e-08,2.0398592672e-08,2.0398597885e-08,2.0398599096e-08,2.0398599244e-08,2.0398599253e-08,2.0398599253e-08,2.0398599161e-08,2.0398588409e-08,2.0398111193e-08,2.0388957897e-08,2.0307106912e-08,1.9933356617e-08,1.8945617194e-08,1.7199370884e-08,1.4861343072e-08,1.3076337846e-08,4.5284599536e-08,7.1347777582e-07,6.9227853913e-06,3.6504937277e-05,1.1707682335e-04,2.6012199262e-04,4.4738741130e-04,6.4613264028e-04,8.2882021544e-04,9.8096542835e-04,1.0993600679e-03,1.1872952834e-03,1.2505562318e-03,1.2950867187e-03,1.3259723043e-03,1.3471803431e-03,1.3616447268e-03,1.3714646967e-03,1.3781109860e-03,1.3825999456e-03,1.3856275941e-03,1.3886622624e-03,1.3917038987e-03,1.3947525077e-03,1.3978080914e-03,1.4008706476e-03,1.4039401701e-03,1.4070166472e-03,1.4101000608e-03,1.4131903849e-03,1.4162875843e-03,1.4193916127e-03,1.4225024100e-03,1.4256199002e-03,1.4287439883e-03,1.4318745558e-03,1.4350114569e-03,1.4381545123e-03,1.4413035020e-03,1.4444581551e-03,1.4476181362e-03,1.4476181362e-03,1.4476181362e-03,1.4476181362e-03,1.4476181362e-03,1.4476181363e-03,1.4476181362e-03,1.4476181362e-03,1.4476181362e-03,1.4476181362e-03,1.4476181362e-03,1.4476181362e-03,1.4476181363e-03,1.4476181362e-03,1.4476181362e-03,1.4476181362e-03,1.4476181362e-03,1.4476181362e-03,1.4476181362e-03,1.4476181362e-03,1.4476181362e-03,1.4476181363e-03,1.4476181362e-03,1.4476181362e-03,1.4476181362e-03,1.4476181362e-03,1.4476181362e-03,1.4476181362e-03,1.4476181362e-03,1.4476181362e-03,1.4476181362e-03,1.4476181362e-03,1.4476181362e-03,1.4476181362e-03,1.4476181362e-03,1.4476181362e-03,1.4476181362e-03,1.4476181362e-03,1.4476181362e-03,1.4476181362e-03,1.4476181362e-03,1.4476181362e-03,1.4476181362e-03,1.4476181362e-03,1.4476181362e-03,1.4476181362e-03,1.4476181362e-03,1.4476181362e-03,1.4476181362e-03,1.4476181362e-03,1.4476181362e-03,1.4476181362e-03,1.4476181362e-03,1.4476181362e-03,1.4476181362e-03,1.4476181362e-03,1.4476181362e-03,1.4476181362e-03,1.4476181362e-03,1.4476181362e-03,1.4476181362e-03,1.4476181362e-03,1.4476181362e-03,1.4476181362e-03,1.4476181362e-03,1.4476181362e-03,1.4476181362e-03,1.4476181362e-03,1.4476181362e-03,1.4476181362e-03,1.4476181362e-03,1.4476181362e-03,1.4476181362e-03,1.4476181362e-03,1.4476181362e-03,1.4476181362e-03,1.4476181362e-03,1.4476181362e-03,1.4476181362e-03,1.4476181362e-03,1.4476181362e-03,1.4476181362e-03,1.4476181362e-03,1.4476181362e-03,1.4476181362e-03,1.4476181362e-03,1.4476181362e-03,1.4476181362e-03,1.4476181362e-03,1.4476181362e-03,1.4476181362e-03,1.4476181362e-03,1.4476181362e-03,1.4476181362e-03,1.4476181362e-03,1.4476181362e-03,1.4476181362e-03,1.4476181362e-03,1.4476181362e-03,1.4476181362e-03,1.4476181362e-03,1.4476181362e-03,1.4476181362e-03,1.4476181362e-03,1.4476181362e-03,1.4476181362e-03,1.4476181362e-03,1.4476181362e-03,1.4476181362e-03,1.4476181362e-03,1.4476181362e-03,1.4476181362e-03,1.4476181362e-03,1.4476181362e-03,1.4476181362e-03,1.4476181362e-03,1.4476181362e-03,1.4476181362e-03,1.4476181362e-03,1.4476181362e-03,1.4476181362e-03,1.4476181362e-03,1.4476181362e-03,1.4476181362e-03,1.4476181362e-03,1.4476181362e-03,1.4476181362e-03,1.4476181362e-03,1.4476181362e-03,1.4476181362e-03,1.4476181362e-03,1.4476181362e-03,1.4476181362e-03,1.4476181362e-03,1.4476181362e-03,1.4476181362e-03,1.4476181362e-03,1.4476181362e-03,1.4476181362e-03,1.4476181362e-03,1.4476181362e-03,1.4476181362e-03,1.4476181362e-03,1.4476181362e-03,1.4476181362e-03,1.4476181362e-03,1.4476181362e-03,1.4476181362e-03,1.4476181362e-03,1.4476181362e-03,1.4476181362e-03,1.4476181362e-03,1.4476181362e-03,1.4476181362e-03,1.4476181362e-03,1.4476181362e-03,1.4476181362e-03,1.4476181362e-03,1.4476181362e-03,1.4476181362e-03,1.4476181362e-03,1.4476181362e-03,1.4476181362e-03,1.4476181362e-03,1.4476181362e-03,1.4476181362e-03,1.4476181362e-03,1.4476181362e-03,1.4476181362e-03,1.4476181362e-03,1.4476181362e-03,1.4476181362e-03,1.4476181362e-03,1.4476181362e-03,1.4476181362e-03,1.4476181362e-03,1.4476181362e-03,1.4476181362e-03,1.4476181362e-03,1.4476181362e-03,1.4476181362e-03,1.4476181362e-03,1.4476181362e-03,1.4476181362e-03,1.4476181362e-03,1.4476181362e-03,1.4476181362e-03,1.4476181362e-03,1.4476181362e-03,1.4476181362e-03,1.4476181362e-03,1.4476181362e-03,1.4476181362e-03,1.4476181362e-03,1.4476181362e-03,1.4476181362e-03,1.4476181362e-03,1.4476181362e-03,1.4476181362e-03,1.4476181362e-03,1.4476181362e-03,5.0002648799e-02,5.0002648800e-02,5.0002648798e-02,5.0002648799e-02,5.0002648798e-02,5.0002648798e-02,5.0002648800e-02,5.0002648799e-02,5.0002648799e-02,5.0002648799e-02,5.0002648799e-02,5.0002648797e-02,5.0002648800e-02,5.0002648798e-02,5.0002648799e-02,5.0002648796e-02,5.0002648800e-02,5.0002648797e-02,5.0002648799e-02,5.0002648800e-02,5.0002648797e-02,5.0002648799e-02,5.0002648798e-02,5.0002648799e-02,5.0002648799e-02,5.0002648798e-02,5.0002648798e-02,5.0002648799e-02,5.0002648798e-02,5.0002648799e-02,5.0002648799e-02,5.0002648799e-02,5.0002648799e-02,5.0002648799e-02,5.0002648799e-02,5.0002648799e-02,5.0002648799e-02,5.0002648799e-02,5.0002648799e-02,5.0002648799e-02,5.0002648799e-02,5.0002648799e-02,5.0002648799e-02,5.0002648799e-02,5.0002648799e-02,5.0002648799e-02,5.0002648799e-02,5.0002648799e-02,5.0002648799e-02,5.0002648799e-02,5.0002648799e-02,5.0002648799e-02,5.0002648799e-02,5.0002648799e-02,5.0002648799e-02,5.0002648799e-02,5.0002648799e-02,5.0002648799e-02,5.0002648799e-02,5.0002648799e-02,5.0002648799e-02,5.0002648799e-02,5.0002648799e-02,5.0002648799e-02,5.0002648799e-02,5.0002648799e-02,5.0002648799e-02,5.0002648799e-02,5.0002648799e-02,5.0002648799e-02,5.0002648799e-02,5.0002648799e-02,5.0002648799e-02,5.0002648799e-02,5.0002648799e-02,5.0002648799e-02,5.0002648799e-02,5.0002648799e-02,5.0002648798e-02,5.0002648799e-02,5.0002648798e-02,5.0002648799e-02,5.0002648799e-02,5.0002648799e-02,5.0002648798e-02,5.0002648798e-02,5.0002648799e-02,5.0002648799e-02,5.0002648799e-02,5.0002648798e-02,5.0002648799e-02,5.0002648798e-02,5.0002648799e-02,5.0002648798e-02,5.0002648799e-02,5.0002648799e-02,5.0002648799e-02,5.0002648798e-02,5.0002648799e-02,5.0002648798e-02,5.0002648799e-02,5.0002648799e-02
1.0277681244e+06,8.6000012833e-08,8.5862485309e-08,8.5725242817e-08,8.5588282514e-08,8.5451604824e-08,8.5315207913e-08,8.5179092011e-08,8.5043256052e-08,8.4907700018e-08,8.4772422667e-08,8.4637423846e-08,8.4502702367e-08,8.4368259144e-08,8.4234091628e-08,8.4100200441e-08,8.3966585106e-08,8.3833243998e-08,8.3700177760e-08,8.3567385313e-08,8.3434865958e-08,8.3302618791e-08,8.3170646995e-08,8.2974919145e-08,8.2684997725e-08,8.2256347558e-08,8.1624332226e-08,8.0696284327e-08,7.9341835677e-08,7.7382943771e-08,7.4587905687e-08,7.0679291259e-08,6.5374943787e-08,5.8491309619e-08,5.0134905690e-08,4.0952475954e-08,3.2254541014e-08,2.5641190427e-08,2.1986150791e-08,2.0688137556e-08,2.0426844103e-08,2.0399854657e-08,2.0398532972e-08,2.0398529945e-08,2.0398557325e-08,2.0398579479e-08,2.0398592672e-08,2.0398597885e-08,2.0398599096e-08,2.0398599244e-08,2.0398599253e-08,2.0398599253e-08,2.0398599161e-08,2.0398588409e-08,2.0398111192e-08,2.0388957897e-08,2.0307106912e-08,1.9933356618e-08,1.8945617195e-08,1.7199370883e-08,1.4861343064e-08,1.3076337859e-08,4.5284599532e-08,7.1347777583e-07,6.9227853913e-06,3.6504937278e-05,1.1707682335e-04,2.6012199262e-04,4.4738741130e-04,6.4613264029e-04,8.2882021544e-04,9.8096542835e-04,1.0993600679e-03,1.1872952834e-03,1.2505562318e-03,1.2950867187e-03,1.3259723043e-03,1.3471803431e-03,1.3616447268e-03,1.3714646967e-03,1.3781109860e-03,1.3825999456e-03,1.3856275941e-03,1.3886622624e-03,1.3917038987e-03,1.3947525077e-03,1.3978080914e-03,1.4008706476e-03,1.4039401701e-03,1.4070166472e-03,1.4101000608e-03,1.4131903849e-03,1.4162875844e-03,1.4193916127e-03,1.4225024100e-03,1.4256199002e-03,1.4287439883e-03,1.4318745558e-03,1.4350114569e-03,1.4381545123e-03,1.4413035020e-03,1.4444581551e-03,1.4476181362e-03,1.4476181363e-03,1.4476181362e-03,1.4476181362e-03,1.4476181362e-03,1.4476181362e-03,1.4476181362e-03,1.4476181362e-03,1.4476181362e-03,1.4476181362e-03,1.4476181362e-03,1.4476181363e-03,1.4476181362e-03,1.4476181362e-03,1.4476181363e-03,1.4476181362e-03,1.4476181363e-03,1.4476181362e-03,1.4476181363e-03,1.4476181362e-03,1.4476181362e-03,1.4476181362e-03,1.4476181362e-03,1.4476181362e-03,1.4476181362e-03,1.4476181362e-03,1.4476181362e-03,1.4476181362e-03,1.4476181362e-03,1.4476181362e-03,1.4476181362e-03,1.4476181362e-03,1.4476181362e-03,1.4476181362e-03,1.4476181362e-03,1.4476181362e-03,1.4476181362e-03,1.4476181362e-03,1.4476181362e-03,1.4476181362e-03,1.4476181362e-03,1.4476181362e-03,1.4476181362e-03,1.4476181362e-03,1.4476181362e-03,1.4476181362e-03,1.4476181362e-03,1.4476181362e-03,1.4476181362e-03,1.4476181362e-03,1.4476181362e-03,1.4476181362e-03,1.4476181362e-03,1.4476181362e-03,1.4476181362e-03,1.4476181362e-03,1.4476181362e-03,1.4476181362e-03,1.4476181362e-03,1.4476181362e-03,1.4476181362e-03,1.4476181362e-03,1.4476181362e-03,1.4476181362e-03,1.4476181362e-03,1.4476181362e-03,1.4476181362e-03,1.4476181362e-03,1.4476181362e-03,1.4476181362e-03,1.4476181362e-03,1.4476181362e-03,1.4476181362e-03,1.4476181362e-03,1.4476181362e-03,1.4476181362e-03,1.4476181362e-03,1.4476181362e-03,1.4476181362e-03,1.4476181362e-03,1.4476181362e-03,1.4476181362e-03,1.4476181362e-03,1.4476181362e-03,1.4476181362e-03,1.4476181362e-03,1.4476181362e-03,1.4476181362e-03,1.4476181362e-03,1.4476181362e-03,1.4476181362e-03,1.4476181362e-03,1.4476181362e-03,1.4476181362e-03,1.4476181362e-03,1.4476181362e-03,1.4476181362e-03,1.4476181362e-03,1.4476181362e-03,1.4476181362e-03,1.4476181362e-03,1.4476181362e-03,1.4476181362e-03,1.4476181362e-03,1.4476181362e-03,1.4476181362e-03,1.4476181362e-03,1.4476181362e-03,1.4476181362e-03,1.4476181362e-03,1.4476181362e-03,1.4476181362e-03,1.4476181362e-03,1.4476181362e-03,1.4476181362e-03,1.4476181362e-03,1.4476181362e-03,1.4476181362e-03,1.4476181362e-03,1.4476181362e-03,1.4476181362e-03,1.4476181362e-03,1.4476181362e-03,1.4476181362e-03,1.4476181362e-03,1.4476181362e-03,1.4476181362e-03,1.4476181362e-03,1.4476181362e-03,1.4476181362e-03,1.4476181362e-03,1.4476181362e-03,1.4476181362e-03,1.4476181362e-03,1.4476181362e-03,1.4476181362e-03,1.4476181362e-03,1.4476181362e-03,1.4476181362e-03,1.4476181362e-03,1.4476181362e-03,1.4476181362e-03,1.4476181362e-03,1.4476181362e-03,1.4476181362e-03,1.4476181362e-03,1.4476181362e-03,1.4476181362e-03,1.4476181362e-03,1.4476181362e-03,1.4476181362e-03,1.4476181362e-03,1.4476181362e-03,1.4476181362e-03,1.4476181362e-03,1.4476181362e-03,1.4476181362e-03,1.4476181362e-03,1.4476181362e-03,1.4476181362e-03,1.4476181362e-03,1.4476181362e-03,1.4476181362e-03,1.4476181362e-03,1.4476181362e-03,1.4476181362e-03,1.4476181362e-03,1.4476181362e-03,1.4476181362e-03,1.4476181362e-03,1.4476181362e-03,1.4476181362e-03,1.4476181362e-03,1.4476181362e-03,1.4476181362e-03,1.4476181362e-03,1.4476181362e-03,1.4476181362e-03,1.4476181362e-03,1.4476181362e-03,1.4476181362e-03,1.4476181362e-03,1.4476181362e-03,1.4476181362e-03,1.4476181362e-03,1.4476181362e-03,1.4476181362e-03,1.4476181362e-03,1.4476181362e-03,1.4476181362e-03,1.4476181362e-03,1.4476181362e-03,1.4476181362e-03,1.4476181362e-03,1.4476181362e-03,1.4476181363e-03,1.4476181362e-03,1.4476181362e-03,1.4476181362e-03,1.4476181362e-03,1.4476181362e-03,5.0002648799e-02,5.0002648798e-02,5.0002648799e-02,5.0002648798e-02,5.0002648799e-02,5.0002648798e-02,5.0002648798e-02,5.0002648800e-02,5.0002648798e-02,5.0002648799e-02,5.0002648797e-02,5.0002648801e-02,5.0002648798e-02,5.0002648799e-02,5.0002648797e-02,5.0002648798e-02,5.0002648800e-02,5.0002648799e-02,5.0002648797e-02,5.0002648800e-02,5.0002648797e-02,5.0002648800e-02,5.0002648799e-02,5.0002648798e-02,5.0002648799e-02,5.0002648798e-02,5.0002648799e-02,5.0002648798e-02,5.0002648799e-02,5.0002648799e-02,5.0002648799e-02,5.0002648799e-02,5.0002648799e-02,5.0002648799e-02,5.0002648799e-02,5.0002648799e-02,5.0002648799e-02,5.0002648799e-02,5.0002648799e-02,5.0002648799e-02,5.0002648799e-02,5.0002648799e-02,5.0002648799e-02,5.0002648799e-02,5.0002648799e-02,5.0002648799e-02,5.0002648799e-02,5.0002648799e-02,5.0002648799e-02,5.0002648799e-02,5.0002648799e-02,5.0002648799e-02,5.0002648799e-02,5.0002648799e-02,5.0002648799e-02,5.0002648799e-02,5.0002648799e-02,5.0002648799e-02,5.0002648799e-02,5.0002648799e-02,5.0002648799e-02,5.0002648799e-02,5.0002648799e-02,5.0002648799e-02,5.0002648799e-02,5.0002648799e-02,5.0002648799e-02,5.0002648799e-02,5.0002648799e-02,5.0002648799e-02,5.0002648799e-02,5.0002648799e-02,5.0002648799e-02,5.0002648799e-02,5.0002648799e-02,5.0002648799e-02,5.0002648799e-02,5.0002648799e-02,5.0002648799e-02,5.0002648798e-02,5.0002648799e-02,5.0002648798e-02,5.0002648799e-02,5.0002648799e-02,5.0002648798e-02,5.0002648799e-02,5.0002648798e-02,5.0002648799e-02,5.0002648798e-02,5.0002648799e-02,5.0002648798e-02,5.0002648799e-02,5.0002648799e-02,5.0002648799e-02,5.0002648799e-02,5.0002648798e-02,5.0002648799e-02,5.0002648799e-02,5.0002648799e-02,5.0002648798e-02,5.0002648799e-02,5.0002648799e-02
